9.999999999999998890e-01 2.500000000001225200e-04
9.841340361651920166e-01 1.769017618966875482e-02
9.682720665019324269e-01 3.485966972066310843e-02
9.524180841762578398e-01 5.161312593780857660e-02
9.365760803434354242e-01 6.785761813991762759e-02
9.207500431432115162e-01 8.354138501584562615e-02
9.049439566958173975e-01 9.864411939447752242e-02
8.891618000989889303e-01 1.131687054747227000e-01
8.734075464262507360e-01 1.271342936634775878e-01
8.576851617267149397e-01 1.405705967382240296e-01
8.419986040266501659e-01 1.535132880961522228e-01
8.263518223330695855e-01 1.660003821574288774e-01
8.107487556395898132e-01 1.780694783398800718e-01
7.951933319348093443e-01 1.897557531840078637e-01
7.796894672134594417e-01 2.010905899387005480e-01
7.642410644905727191e-01 2.121007409717399206e-01
7.488520128189207758e-01 2.228079254971155609e-01
7.335261863099650226e-01 2.332287730689398819e-01
7.182674431585703845e-01 2.433750318429225290e-01
7.030796246717250231e-01 2.532539695259225510e-01
6.879665543015128781e-01 2.628689040116488629e-01
6.729320366825783939e-01 2.722198097430806318e-01
6.579798566743311206e-01 2.813039546760288112e-01
6.431137784081281117e-01 2.901165311910368638e-01
6.283375443396724824e-01 2.986512522823819848e-01
6.136548743068714895e-01 3.069008917360546707e-01
5.990694645933862805e-01 3.148577537091710177e-01
5.845849869981135649e-01 3.225140630799305241e-01
5.702050879108284676e-01 3.298622731107053729e-01
5.559333873942259308e-01 3.368952913387673886e-01
5.417734782725895926e-01 3.436066281806804401e-01
5.277289252273172915e-01 3.499904755263996692e-01
5.138032638995313484e-01 3.560417246423092652e-01
5.000000000000001110e-01 3.617559340471057650e-01
4.863226084265935834e-01 3.671292587302709687e-01
4.727745323894976259e-01 3.721583522185358817e-01
4.593591825444023335e-01 3.768402526365459138e-01
4.460799361338897429e-01 3.811722631334987232e-01
4.329401361372292589e-01 3.851518359395434965e-01
4.199430904288018462e-01 3.887764679557846881e-01
4.070920709453594855e-01 3.920436142494005960e-01
3.943903128623333920e-01 3.949506241964193531e-01
3.818410137793947223e-01 3.974947033594566914e-01
3.694473329154774888e-01 3.996729025699095050e-01
3.572123903134606371e-01 4.014821341596769289e-01
3.451392660547150104e-01 4.029192139038264564e-01
3.332309994837083789e-01 4.039809260311212902e-01
3.214905884428678196e-01 4.046641076629206579e-01
3.099209885178879631e-01 4.049657482723476032e-01
2.985251122936787294e-01 4.048830992252366312e-01
2.873058286211370715e-01 4.044137881740405005e-01
2.762659618949298013e-01 4.035559330192734495e-01
2.654082913424666845e-01 4.023082503166063306e-01
2.547355503242452190e-01 4.006701533714656094e-01
2.442504256457417311e-01 3.986418358016556307e-01
2.339555568810219865e-01 3.962243370326491987e-01
2.238535357082431787e-01 3.934195869872736395e-01
2.139469052572124941e-01 3.902304281071826142e-01
2.042381594691679014e-01 3.866606137626470430e-01
1.947297424689413692e-01 3.827147830351286251e-01
1.854240479496642724e-01 3.783984127605397041e-01
1.763234185701672008e-01 3.737177485691430268e-01
1.674301453652287108e-01 3.686797174229936025e-01
1.587464671688187945e-01 3.632918248098344627e-01
1.502745700504856119e-01 3.575620402840721801e-01
1.420165867650229341e-01 3.514986754362794397e-01
1.339745962155614034e-01 3.451102586131801209e-01
1.261506229302150617e-01 3.384054107959147406e-01
1.185466365524179277e-01 3.313927269764007644e-01
1.111645513450765232e-01 3.240806671554647966e-01
1.040062257086641351e-01 3.164774607323954103e-01
9.707346171337882801e-02 3.085910275780222589e-01
9.036800464548166989e-02 3.004289185002293472e-01
8.389154256793041053e-02 2.919982771427890866e-01
7.764570589541863743e-02 2.833058246285268811e-01
7.163206698392743377e-02 2.743578674905129411e-01
6.585213973489323358e-02 2.651603286553604333e-01
6.030737921409157209e-02 2.557188004757534050e-01
5.499918128533154427e-02 2.460386180792426547e-01
4.992888225905456334e-02 2.361249506297368739e-01
4.509775855592612626e-02 2.259829075074413218e-01
4.050702638550263135e-02 2.156176559199363407e-01
3.615784144005795842e-02 2.050345460761497096e-01
3.205129860364375194e-02 1.942392397969890105e-01
2.818843167645834757e-02 1.832378383084273810e-01
2.457021311459295365e-02 1.720370049678419944e-01
2.119755378522125699e-02 1.606440788113694118e-01
1.807130273729329328e-02 1.490671750739621937e-01
1.519224698779197968e-02 1.373152692159320121e-01
1.256111132360571148e-02 1.253982614778325899e-01
1.017855811906731578e-02 1.133270195642450268e-01
8.045187169204659483e-03 1.011133977085004743e-01
6.161535538745877005e-03 8.877023107466111562e-02
4.528077426915411152e-03 7.631130518875871294e-02
3.145224048057615462e-03 6.375130083620984822e-02
2.013323528115562588e-03 5.110571559401004549e-02
1.132660816992037134e-03 3.839076386297006482e-02
5.034576168149174080e-04 2.562325790605565409e-02
1.258723261249317105e-04 1.282047296479918094e-02
0.000000000000000000e+00 0.000000000000000000e+00
1.258723261249317105e-04 -1.272137449508606646e-02
5.034576168149174080e-04 -2.542275292634096906e-02
1.132660816992037134e-03 -3.808424807149558833e-02
2.013323528115562588e-03 -5.068631234932625962e-02
3.145224048057615462e-03 -6.320989792376090211e-02
4.528077426915411152e-03 -7.563660542011323151e-02
6.161535538745877005e-03 -8.794881791851974495e-02
8.045187169204659483e-03 -1.001298172695302552e-01
1.017855811906731578e-02 -1.121638802329069790e-01
1.256111132360571148e-02 -1.240363524612533019e-01
1.519224698779197968e-02 -1.357336989216737788e-01
1.807130273729329328e-02 -1.472435299563718825e-01
2.119755378522125699e-02 -1.585546028112359562e-01
2.457021311459295365e-02 -1.696567990935755332e-01
2.818843167645834757e-02 -1.805410792397907083e-01
3.205129860364375194e-02 -1.911994156645895615e-01
3.615784144005795842e-02 -2.016247068098423467e-01
4.050702638550263135e-02 -2.118106747987642535e-01
4.509775855592612626e-02 -2.217517498168351808e-01
4.992888225905456334e-02 -2.314429446734181384e-01
5.499918128533154427e-02 -2.408797232383574072e-01
6.030737921409157209e-02 -2.500578665890949015e-01
6.585213973489323358e-02 -2.589733407418842170e-01
7.163206698392743377e-02 -2.676221697739056271e-01
7.764570589541863743e-02 -2.760003179727808509e-01
8.389154256793041053e-02 -2.841035843800451821e-01
9.036800464548166989e-02 -2.919275127322401575e-01
9.707346171337882801e-02 -2.994673193565741132e-01
1.040062257086641351e-01 -3.067178410590591930e-01
1.111645513450765232e-01 -3.136735044652003701e-01
1.185466365524179277e-01 -3.203283176519574060e-01
1.261506229302150617e-01 -3.266758842614407299e-01
1.339745962155614034e-01 -3.327094396291983003e-01
1.420165867650229341e-01 -3.384219078110607404e-01
1.502745700504856119e-01 -3.438059777704193798e-01
1.587464671688187945e-01 -3.488541964101686821e-01
1.674301453652287108e-01 -3.535590756170777227e-01
1.763234185701672008e-01 -3.579132100464123556e-01
1.854240479496642724e-01 -3.619094020247874410e-01
1.947297424689413692e-01 -3.655407897008090545e-01
2.042381594691679014e-01 -3.688009744349163288e-01
2.139469052572124941e-01 -3.716841433978758102e-01
2.238535357082431787e-01 -3.741851834445689695e-01
2.339555568810219865e-01 -3.762997825457031764e-01
2.442504256457417311e-01 -3.780245153912893397e-01
2.547355503242452190e-01 -3.793569102192778653e-01
2.654082913424666845e-01 -3.802954944605609344e-01
2.762659618949298013e-01 -3.808398174145506410e-01
2.873058286211370715e-01 -3.809904488618899854e-01
2.985251122936787294e-01 -3.807489532642877039e-01
3.099209885178879631e-01 -3.801178399757317306e-01
3.214905884428678196e-01 -3.791004906726122559e-01
3.332309994837083789e-01 -3.777010659797850334e-01
3.451392660547150104e-01 -3.759243940020762786e-01
3.572123903134606371e-01 -3.737758441431142664e-01
3.694473329154774888e-01 -3.712611901833990369e-01
3.818410137793947223e-01 -3.683864670763567495e-01
3.943903128623333920e-01 -3.651578262859606627e-01
4.070920709453594855e-01 -3.615813947161887199e-01
4.199430904288018462e-01 -3.576631423581362879e-01
4.329401361372292589e-01 -3.534087636957324308e-01
4.460799361338897429e-01 -3.488235776605085880e-01
4.593591825444023335e-01 -3.439124505090007111e-01
4.727745323894976259e-01 -3.386797454170855648e-01
4.863226084265935834e-01 -3.331293018526253480e-01
5.000000000000001110e-01 -3.272644469148989210e-01
5.138032638995313484e-01 -3.210880398348748277e-01
5.277289252273172915e-01 -3.146025497374456692e-01
5.417734782725895926e-01 -3.078101656026171473e-01
5.559333873942259308e-01 -3.007129361583928406e-01
5.702050879108284676e-01 -2.933129362281222674e-01
5.845849869981135649e-01 -2.856124548763031012e-01
5.990694645933862805e-01 -2.776141995880769819e-01
6.136548743068714895e-01 -2.693215097186740237e-01
6.283375443396724824e-01 -2.607385715997268538e-01
6.431137784081281117e-01 -2.518706270286204529e-01
6.579798566743311206e-01 -2.427241664319617631e-01
6.729320366825783939e-01 -2.333070978189631106e-01
6.879665543015128781e-01 -2.236288827553084557e-01
7.030796246717250231e-01 -2.137006310182238689e-01
7.182674431585703845e-01 -2.035351463585652054e-01
7.335261863099650226e-01 -1.931469169085938964e-01
7.488520128189207758e-01 -1.825520452402006888e-01
7.642410644905727191e-01 -1.717681148950310210e-01
7.796894672134594417e-01 -1.608139923640718727e-01
7.951933319348093443e-01 -1.497095659697163517e-01
8.107487556395898132e-01 -1.384754258689241957e-01
8.263518223330695855e-01 -1.271324924136031098e-01
8.419986040266501659e-01 -1.157016033265618471e-01
8.576851617267149397e-01 -1.042030735226584653e-01
8.734075464262507360e-01 -9.265624486145823679e-02
8.891618000989889303e-01 -8.107904658904800665e-02
9.049439566958173975e-01 -6.948759063563476890e-02
9.207500431432115162e-01 -5.789582920015903106e-02
9.365760803434354242e-01 -4.631530508759013065e-02
9.524180841762578398e-01 -3.475502798078990152e-02
9.682720665019324269e-01 -2.322151213806113168e-02
9.841340361651920166e-01 -1.171901282199370141e-02
9.999999999999998890e-01 -2.500000000000801277e-04
