9.999999999999998890e-01 2.500000000001110817e-04
9.841340361651920166e-01 1.607735448943498416e-02
9.682720665019324269e-01 3.174222264242218539e-02
9.524180841762578398e-01 4.716490982059292486e-02
9.365760803434354242e-01 6.229143345156754746e-02
9.207500431432115162e-01 7.708791728343117322e-02
9.049439566958173975e-01 9.153580295785770926e-02
8.891618000989889303e-01 1.056278171222630180e-01
8.734075464262507360e-01 1.193646289520172016e-01
8.576851617267149397e-01 1.327521310503423091e-01
8.419986040266501659e-01 1.457992761241740376e-01
8.263518223330695855e-01 1.585164024740635114e-01
8.107487556395898132e-01 1.709139830502437452e-01
7.951933319348093443e-01 1.830017354735613555e-01
7.796894672134594417e-01 1.947880338534581091e-01
7.642410644905727191e-01 2.062795673089758697e-01
7.488520128189207758e-01 2.174811946679316432e-01
7.335261863099650226e-01 2.283959497432672681e-01
7.182674431585703845e-01 2.390251567298363189e-01
7.030796246717250231e-01 2.493686205037406178e-01
6.879665543015128781e-01 2.594248618240383442e-01
6.729320366825783939e-01 2.691913725290506210e-01
6.579798566743311206e-01 2.786648706949880205e-01
6.431137784081281117e-01 2.878415403049844890e-01
6.283375443396724824e-01 2.967172441974557651e-01
6.136548743068714895e-01 3.052877028735349052e-01
5.990694645933862805e-01 3.135486351076101075e-01
5.845849869981135649e-01 3.214958591995111803e-01
5.702050879108284676e-01 3.291253561213218770e-01
5.559333873942259308e-01 3.364332977477192399e-01
5.417734782725895926e-01 3.434160448286505685e-01
5.277289252273172915e-01 3.500701203892596647e-01
5.138032638995313484e-01 3.563921648548611376e-01
5.000000000000001110e-01 3.623788794360326970e-01
4.863226084265935834e-01 3.680269642136919650e-01
4.727745323894976259e-01 3.733330569835439094e-01
4.593591825444023335e-01 3.782936783033861716e-01
4.460799361338897429e-01 3.829051873864331434e-01
4.329401361372292589e-01 3.871637525500235544e-01
4.199430904288018462e-01 3.910653389112686007e-01
4.070920709453594855e-01 3.946057149664466412e-01
3.943903128623333920e-01 3.977804786427395212e-01
3.818410137793947223e-01 4.005851024084314815e-01
3.694473329154774888e-01 4.030149961051165408e-01
3.572123903134606371e-01 4.050655853514170679e-01
3.451392660547150104e-01 4.067324026849539198e-01
3.332309994837083789e-01 4.080111880745436181e-01
3.214905884428678196e-01 4.088979950584383793e-01
3.099209885178879631e-01 4.093892985515912852e-01
2.985251122936787294e-01 4.094821003144256122e-01
2.873058286211370715e-01 4.091740281812460411e-01
2.762659618949298013e-01 4.084634253972650453e-01
2.654082913424666845e-01 4.073494267942083802e-01
2.547355503242452190e-01 4.058320190270698902e-01
2.442504256457417311e-01 4.039120826776533280e-01
2.339555568810219865e-01 4.015914146808993168e-01
2.238535357082431787e-01 3.988727302233970318e-01
2.139469052572124941e-01 3.957596439752679163e-01
2.042381594691679014e-01 3.922566312224843865e-01
1.947297424689413692e-01 3.883689701434592800e-01
1.854240479496642724e-01 3.841026670998872183e-01
1.763234185701672008e-01 3.794643673681220020e-01
1.674301453652287108e-01 3.744612542073574857e-01
1.587464671688187945e-01 3.691009395312002672e-01
1.502745700504856119e-01 3.633913497099837686e-01
1.420165867650229341e-01 3.573406101760461806e-01
1.339745962155614034e-01 3.509569325305577081e-01
1.261506229302150617e-01 3.442485077593420706e-01
1.185466365524179277e-01 3.372234089610094410e-01
1.111645513450765232e-01 3.298895066814352406e-01
1.040062257086641351e-01 3.222543995449696497e-01
9.707346171337882801e-02 3.143253623881648307e-01
9.036800464548166989e-02 3.061093135518269115e-01
8.389154256793041053e-02 2.976128023890737273e-01
7.764570589541863743e-02 2.888420174192078971e-01
7.163206698392743377e-02 2.798028149185790014e-01
6.585213973489323358e-02 2.705007671092578558e-01
6.030737921409157209e-02 2.609412285028354095e-01
5.499918128533154427e-02 2.511294183975454897e-01
4.992888225905456334e-02 2.410705170282780030e-01
4.509775855592612626e-02 2.307697724450546439e-01
4.050702638550263135e-02 2.202326148580658616e-01
3.615784144005795842e-02 2.094647749457439201e-01
3.205129860364375194e-02 1.984724024830240019e-01
2.818843167645834757e-02 1.872621816134946993e-01
2.457021311459295365e-02 1.758414391620385653e-01
2.119755378522125699e-02 1.642182425613345487e-01
1.807130273729329328e-02 1.524014842407930281e-01
1.519224698779197968e-02 1.404009496920101963e-01
1.256111132360571148e-02 1.282273668699850377e-01
1.017855811906731578e-02 1.158924351013593673e-01
8.045187169204659483e-03 1.034088322351703754e-01
6.161535538745877005e-03 9.079019937206833646e-02
4.528077426915411152e-03 7.805110312763870184e-02
3.145224048057615462e-03 6.520697600703335983e-02
2.013323528115562588e-03 5.227403607401686497e-02
1.132660816992037134e-03 3.926918767095424062e-02
5.034576168149174080e-04 2.620990547113192723e-02
1.258723261249317105e-04 1.311410460653673199e-02
0.000000000000000000e+00 0.000000000000000000e+00
1.258723261249317105e-04 -1.307437027605899346e-02
5.034576168149174080e-04 -2.612840299412280340e-02
1.132660816992037134e-03 -3.914188608155867721e-02
2.013323528115562588e-03 -5.209497962731877985e-02
3.145224048057615462e-03 -6.496839035880309920e-02
4.528077426915411152e-03 -7.774353254916792355e-02
6.161535538745877005e-03 -9.040267142864089056e-02
8.045187169204659483e-03 -1.029290456633677464e-01
1.017855811906731578e-02 -1.153069660514675909e-01
1.256111132360571148e-02 -1.275218882518749097e-01
1.519224698779197968e-02 -1.395604580884730050e-01
1.807130273729329328e-02 -1.514105287394202082e-01
2.119755378522125699e-02 -1.630611499078288840e-01
2.457021311459295365e-02 -1.745025298526854951e-01
2.818843167645834757e-02 -1.857259719158667055e-01
3.205129860364375194e-02 -1.967237878906213377e-01
3.615784144005795842e-02 -2.074891912185531928e-01
4.050702638550263135e-02 -2.180161735573404591e-01
4.509775855592612626e-02 -2.282993687139390770e-01
4.992888225905456334e-02 -2.383339082743839710e-01
5.499918128533154427e-02 -2.481152734713700514e-01
6.030737921409157209e-02 -2.576391479078634084e-01
6.585213973489323358e-02 -2.669012756962313992e-01
7.163206698392743377e-02 -2.758973293787203573e-01
7.764570589541863743e-02 -2.846227916715333150e-01
8.389154256793041053e-02 -2.930728546299211090e-01
9.036800464548166989e-02 -3.012423392779746689e-01
9.707346171337882801e-02 -3.091256380998383957e-01
1.040062257086641351e-01 -3.167166820674183203e-01
1.111645513450765232e-01 -3.240089331043474186e-01
1.185466365524179277e-01 -3.309954020798701602e-01
1.261506229302150617e-01 -3.376686916135433481e-01
1.339745962155614034e-01 -3.440210621769106969e-01
1.420165867650229341e-01 -3.500445192261846250e-01
1.502745700504856119e-01 -3.557309184141462244e-01
1.587464671688187945e-01 -3.610720853321708890e-01
1.674301453652287108e-01 -3.660599457444052018e-01
1.763234185701672008e-01 -3.706866619127138218e-01
1.854240479496642724e-01 -3.749447703867325732e-01
1.947297424689413692e-01 -3.788273165578280310e-01
2.042381594691679014e-01 -3.823279813543254413e-01
2.139469052572124941e-01 -3.854411956887225932e-01
2.238535357082431787e-01 -3.881622386516470069e-01
2.339555568810219865e-01 -3.904873159731339083e-01
2.442504256457417311e-01 -3.924136159257224921e-01
2.547355503242452190e-01 -3.939393406077656423e-01
2.654082913424666845e-01 -3.950637113969388547e-01
2.762659618949298013e-01 -3.957869482773688774e-01
2.873058286211370715e-01 -3.961102236901988261e-01
2.985251122936787294e-01 -3.960355925057216786e-01
3.099209885178879631e-01 -3.955659006329246830e-01
3.214905884428678196e-01 -3.947046756364858688e-01
3.332309994837083789e-01 -3.934560034894830083e-01
3.451392660547150104e-01 -3.918243962214169596e-01
3.572123903134606371e-01 -3.898146556972623689e-01
3.694473329154774888e-01 -3.874317390593356447e-01
3.818410137793947223e-01 -3.846806314595984655e-01
3.943903128623333920e-01 -3.815662315907778490e-01
4.070920709453594855e-01 -3.780932551818689258e-01
4.199430904288018462e-01 -3.742661610555763629e-01
4.329401361372292589e-01 -3.700891035580077815e-01
4.460799361338897429e-01 -3.655659141781646415e-01
4.593591825444023335e-01 -3.607001139983862514e-01
4.727745323894976259e-01 -3.554949572867640573e-01
4.863226084265935834e-01 -3.499535050963985539e-01
5.000000000000001110e-01 -3.440787262193723550e-01
5.138032638995313484e-01 -3.378736213073486039e-01
5.277289252273172915e-01 -3.313413644735269115e-01
5.417734782725895926e-01 -3.244854552948597814e-01
5.559333873942259308e-01 -3.173098729049713684e-01
5.702050879108284676e-01 -3.098192228752287836e-01
5.845849869981135649e-01 -3.020188668923735609e-01
5.990694645933862805e-01 -2.939150249232012624e-01
6.136548743068714895e-01 -2.855148396739568550e-01
6.283375443396724824e-01 -2.768263937632976512e-01
6.431137784081281117e-01 -2.678586711847434909e-01
6.579798566743311206e-01 -2.586214563804589139e-01
6.729320366825783939e-01 -2.491251666151678146e-01
6.879665543015128781e-01 -2.393806163466865589e-01
7.030796246717250231e-01 -2.293987159435466050e-01
7.182674431585703845e-01 -2.191901113905686815e-01
7.335261863099650226e-01 -2.087647765234782737e-01
7.488520128189207758e-01 -1.981315747996470755e-01
7.642410644905727191e-01 -1.872978135816406042e-01
7.796894672134594417e-01 -1.762688203029363354e-01
7.951933319348093443e-01 -1.650475766023162261e-01
8.107487556395898132e-01 -1.536344534387049932e-01
8.263518223330695855e-01 -1.420270971986429265e-01
8.419986040266501659e-01 -1.302205237357692280e-01
8.576851617267149397e-01 -1.182074839736980965e-01
8.734075464262507360e-01 -1.059791709870579607e-01
8.891618000989889303e-01 -9.352634416788443983e-02
9.049439566958173975e-01 -8.084095099758392688e-02
9.207500431432115162e-01 -6.791833088704848920e-02
9.365760803434354242e-01 -5.476008832852692632e-02
9.524180841762578398e-01 -4.137772403620253170e-02
9.682720665019324269e-01 -2.779711265988310184e-02
9.841340361651920166e-01 -1.406391387176338971e-02
9.999999999999998890e-01 -2.500000000000967160e-04
