9.999999999999998890e-01 2.500000000001330910e-04
9.841340361651920166e-01 1.918891375065679555e-02
9.682720665019324269e-01 3.787456233640564690e-02
9.524180841762578398e-01 5.621381515608377816e-02
9.365760803434354242e-01 7.414067621991002333e-02
9.207500431432115162e-01 9.161105461163993047e-02
9.049439566958173975e-01 1.085982209621297462e-01
8.891618000989889303e-01 1.250889041801674373e-01
8.734075464262507360e-01 1.410799793555908566e-01
8.576851617267149397e-01 1.565756955907676717e-01
8.419986040266501659e-01 1.715853914458441432e-01
8.263518223330695855e-01 1.861216456062040614e-01
8.107487556395898132e-01 2.001988111941357118e-01
7.951933319348093443e-01 2.138318837415299767e-01
7.796894672134594417e-01 2.270356551035006276e-01
7.642410644905727191e-01 2.398241084096920661e-01
7.488520128189207758e-01 2.522100124069415195e-01
7.335261863099650226e-01 2.642046771328898647e-01
7.182674431585703845e-01 2.758178366685566374e-01
7.030796246717250231e-01 2.870576286484817219e-01
6.879665543015128781e-01 2.979306441669262173e-01
6.729320366825783939e-01 3.084420256236923286e-01
6.579798566743311206e-01 3.185955938287578504e-01
6.431137784081281117e-01 3.283939892668032434e-01
6.283375443396724824e-01 3.378388157571436401e-01
6.136548743068714895e-01 3.469307777886518340e-01
5.990694645933862805e-01 3.556698055309201467e-01
5.845849869981135649e-01 3.640551639004993567e-01
5.702050879108284676e-01 3.720855440830578287e-01
5.559333873942259308e-01 3.797591375765482224e-01
5.417734782725895926e-01 3.870736941334805836e-01
5.277289252273172915e-01 3.940265659563834677e-01
5.138032638995313484e-01 4.006147411604679687e-01
5.000000000000001110e-01 4.068348698879949432e-01
4.863226084265935834e-01 4.126832865710560738e-01
4.727745323894976259e-01 4.181560317279590100e-01
4.593591825444023335e-01 4.232488763799962528e-01
4.460799361338897429e-01 4.279573517280638728e-01
4.329401361372292589e-01 4.322767861705325010e-01
4.199430904288018462e-01 4.362023511121999042e-01
4.070920709453594855e-01 4.397291163446614970e-01
3.943903128623333920e-01 4.428521151039962467e-01
3.818410137793947223e-01 4.455664182621862923e-01
3.694473329154774888e-01 4.478672165102282610e-01
3.572123903134606371e-01 4.497499088654933752e-01
3.451392660547150104e-01 4.512101954010619975e-01
3.332309994837083789e-01 4.522441717635253822e-01
3.214905884428678196e-01 4.528484228264608724e-01
3.099209885178879631e-01 4.530201127233484670e-01
2.985251122936787294e-01 4.527570685156561692e-01
2.873058286211370715e-01 4.520578548747589132e-01
2.762659618949298013e-01 4.509218373822172499e-01
2.654082913424666845e-01 4.493492323705424174e-01
2.547355503242452190e-01 4.473411416220936521e-01
2.442504256457417311e-01 4.448995707013256862e-01
2.339555568810219865e-01 4.420274301978666665e-01
2.238535357082431787e-01 4.387285196866581027e-01
2.139469052572124941e-01 4.350074947481467058e-01
2.042381594691679014e-01 4.308698179180556753e-01
1.947297424689413692e-01 4.263216949352785501e-01
1.854240479496642724e-01 4.213699981118661508e-01
1.763234185701672008e-01 4.160221790466877567e-01
1.674301453652287108e-01 4.102861732320072230e-01
1.587464671688187945e-01 4.041702993502445662e-01
1.502745700504856119e-01 3.976831562195428660e-01
1.420165867650229341e-01 3.908335204171644039e-01
1.339745962155614034e-01 3.836302475877976792e-01
1.261506229302150617e-01 3.760821803309182254e-01
1.185466365524179277e-01 3.681980653615342103e-01
1.111645513450765232e-01 3.599864823585512963e-01
1.040062257086641351e-01 3.514557865635238865e-01
9.707346171337882801e-02 3.426140667806099604e-01
9.036800464548166989e-02 3.334691199686142249e-01
8.389154256793041053e-02 3.240284431218909966e-01
7.764570589541863743e-02 3.142992426231719927e-01
7.163206698392743377e-02 3.042884607331230451e-01
6.585213973489323358e-02 2.940028183736367873e-01
6.030737921409157209e-02 2.834488728790852674e-01
5.499918128533154427e-02 2.726330889457421747e-01
4.992888225905456334e-02 2.615619206168589561e-01
4.509775855592612626e-02 2.502419018104021231e-01
4.050702638550263135e-02 2.386797426373755138e-01
3.615784144005795842e-02 2.268824285780528804e-01
3.205129860364375194e-02 2.148573194861161939e-01
2.818843167645834757e-02 2.026122453791526501e-01
2.457021311459295365e-02 1.901555960482413654e-01
2.119755378522125699e-02 1.774964016771588271e-01
1.807130273729329328e-02 1.646444018984263291e-01
1.519224698779197968e-02 1.516101010222246637e-01
1.256111132360571148e-02 1.384048075463782668e-01
1.017855811906731578e-02 1.250406564806976761e-01
8.045187169204659483e-03 1.115306134850980319e-01
6.161535538745877005e-03 9.788846031513612211e-02
4.528077426915411152e-03 8.412876157720564074e-02
3.145224048057615462e-03 7.026681330463301067e-02
2.013323528115562588e-03 5.631857436119585419e-02
1.132660816992037134e-03 4.230058214665143729e-02
5.034576168149174080e-04 2.822985450680244243e-02
1.258723261249317105e-04 1.412378012674725576e-02
0.000000000000000000e+00 0.000000000000000000e+00
1.258723261249317105e-04 -1.400457711800829654e-02
5.034576168149174080e-04 -2.798534704170007464e-02
1.132660816992037134e-03 -4.191867732867712165e-02
2.013323528115562588e-03 -5.578140495714589697e-02
3.145224048057615462e-03 -6.955105628380350846e-02
4.528077426915411152e-03 -8.320604975583653640e-02
6.161535538745877005e-03 -9.672587639175170282e-02
8.045187169204659483e-03 -1.100912536723399893e-01
1.017855811906731578e-02 -1.232842492324579681e-01
1.256111132360571148e-02 -1.362883715953445152e-01
1.519224698779197968e-02 -1.490886261197933160e-01
1.807130273729329328e-02 -1.616715353102459729e-01
2.119755378522125699e-02 -1.740251236429742610e-01
2.457021311459295365e-02 -1.861388680592233336e-01
2.818843167645834757e-02 -1.980036162399377020e-01
3.205129860364375194e-02 -2.096114756786654210e-01
3.615784144005795842e-02 -2.209556773832799526e-01
4.050702638550263135e-02 -2.320304187394538753e-01
4.509775855592612626e-02 -2.428306906386210051e-01
4.992888225905456334e-02 -2.533520943933533220e-01
5.499918128533154427e-02 -2.635906542207626657e-01
6.030737921409157209e-02 -2.735426311613423089e-01
6.585213973489323358e-02 -2.832043442131592093e-01
7.163206698392743377e-02 -2.925720042009926081e-01
7.764570589541863743e-02 -3.016415654735442597e-01
8.389154256793041053e-02 -3.104085999406677177e-01
9.036800464548166989e-02 -3.188681972428984435e-01
9.707346171337882801e-02 -3.270148940078287936e-01
1.040062257086641351e-01 -3.348426342162644231e-01
1.111645513450765232e-01 -3.423447617029109491e-01
1.185466365524179277e-01 -3.495140447812942197e-01
1.261506229302150617e-01 -3.563427319419644745e-01
1.339745962155614034e-01 -3.628226365587427504e-01
1.420165867650229341e-01 -3.689452475816233368e-01
1.502745700504856119e-01 -3.747018623275312765e-01
1.587464671688187945e-01 -3.800837367300390346e-01
1.674301453652287108e-01 -3.850822478019727546e-01
1.763234185701672008e-01 -3.896890626224134846e-01
1.854240479496642724e-01 -3.938963078992711031e-01
1.947297424689413692e-01 -3.976967340925159355e-01
2.042381594691679014e-01 -4.010838682178037296e-01
2.139469052572124941e-01 -4.040521497860595779e-01
2.238535357082431787e-01 -4.065970448658091652e-01
2.339555568810219865e-01 -4.087151339695354046e-01
2.442504256457417311e-01 -4.104041703448310652e-01
2.547355503242452190e-01 -4.116631062715064848e-01
2.654082913424666845e-01 -4.124920860975766490e-01
2.762659618949298013e-01 -4.128924059560413751e-01
2.873058286211370715e-01 -4.128664413524937293e-01
2.985251122936787294e-01 -4.124175450599062431e-01
3.099209885178879631e-01 -4.115499189586532269e-01
3.214905884428678196e-01 -4.102684645735655278e-01
3.332309994837083789e-01 -4.085786180428849779e-01
3.451392660547150104e-01 -4.064861760656750533e-01
3.572123903134606371e-01 -4.039971199772255939e-01
3.694473329154774888e-01 -4.011174454635623166e-01
3.818410137793947223e-01 -3.978530055196360937e-01
3.943903128623333920e-01 -3.942093740615053576e-01
4.070920709453594855e-01 -3.901917371094409948e-01
4.199430904288018462e-01 -3.858048176640805349e-01
4.329401361372292589e-01 -3.810528393090362176e-01
4.460799361338897429e-01 -3.759395322085631874e-01
4.593591825444023335e-01 -3.704681835564249126e-01
4.727745323894976259e-01 -3.646417327109545137e-01
4.863226084265935834e-01 -3.584629092708152553e-01
5.000000000000001110e-01 -3.519344102651563722e-01
5.138032638995313484e-01 -3.450591105187464369e-01
5.277289252273172915e-01 -3.378402981829558005e-01
5.417734782725895926e-01 -3.302819254793302739e-01
5.559333873942259308e-01 -3.223888629707484799e-01
5.702050879108284676e-01 -3.141671442454958552e-01
5.845849869981135649e-01 -3.056241868623609803e-01
5.990694645933862805e-01 -2.967689748489295565e-01
6.136548743068714895e-01 -2.876121880554652899e-01
6.283375443396724824e-01 -2.781662643215840336e-01
6.431137784081281117e-01 -2.684453817818238663e-01
6.579798566743311206e-01 -2.584653507772535774e-01
6.729320366825783939e-01 -2.482434077976220788e-01
6.879665543015128781e-01 -2.377979076803069802e-01
7.030796246717250231e-01 -2.271479149483061899e-01
7.182674431585703845e-01 -2.163127006695364785e-01
7.335261863099650226e-01 -2.053111575319490345e-01
7.488520128189207758e-01 -1.941611528989086455e-01
7.642410644905727191e-01 -1.828788473588442431e-01
7.796894672134594417e-01 -1.714780146103927483e-01
7.951933319348093443e-01 -1.599694073035243247e-01
8.107487556395898132e-01 -1.483602225396998542e-01
8.263518223330695855e-01 -1.366537299494048618e-01
8.419986040266501659e-01 -1.248491344226084626e-01
8.576851617267149397e-01 -1.129417544580689353e-01
8.734075464262507360e-01 -1.009236054969564061e-01
8.891618000989889303e-01 -8.878448527902614573e-02
9.049439566958173975e-01 -7.651366496127336159e-02
9.207500431432115162e-01 -6.410229522118604528e-02
9.365760803434354242e-01 -5.154664058119792086e-02
9.524180841762578398e-01 -3.885225749461683475e-02
9.682720665019324269e-01 -2.603923209304897027e-02
9.841340361651920166e-01 -1.314859169326386239e-02
9.999999999999998890e-01 -2.500000000000900482e-04
