9.999999999999998890e-01 2.500000000000906987e-04
9.841340361651920166e-01 1.269402797938781226e-02
9.682720665019324269e-01 2.433995679639542123e-02
9.524180841762578398e-01 3.546995669771988574e-02
9.365760803434354242e-01 4.627530403235043804e-02
9.207500431432115162e-01 5.687693463740728372e-02
9.049439566958173975e-01 6.734287323416274229e-02
8.891618000989889303e-01 7.770278432235748489e-02
8.734075464262507360e-01 8.795990237110358489e-02
8.576851617267149397e-01 9.810060580212293102e-02
8.419986040266501659e-01 1.081019007825805567e-01
8.263518223330695855e-01 1.179370776777447088e-01
8.107487556395898132e-01 1.275797956841545344e-01
7.951933319348093443e-01 1.370068402246946704e-01
7.796894672134594417e-01 1.461997837058737482e-01
7.642410644905727191e-01 1.551457637866275330e-01
7.488520128189207758e-01 1.638375749525699532e-01
7.335261863099650226e-01 1.722732494791258118e-01
7.182674431585703845e-01 1.804552833257850875e-01
7.030796246717250231e-01 1.883896416236021387e-01
6.879665543015128781e-01 1.960846576515164752e-01
6.729320366825783939e-01 2.035499189519235919e-01
6.579798566743311206e-01 2.107952148710399709e-01
6.431137784081281117e-01 2.178296016319074269e-01
6.283375443396724824e-01 2.246606243104880829e-01
6.136548743068714895e-01 2.312937199868708438e-01
5.990694645933862805e-01 2.377318130288150755e-01
5.845849869981135649e-01 2.439751020257991121e-01
5.702050879108284676e-01 2.500210283704374370e-01
5.559333873942259308e-01 2.558644088757260904e-01
5.417734782725895926e-01 2.614977090733648368e-01
5.277289252273172915e-01 2.669114298743808233e-01
5.138032638995313484e-01 2.720945779692490740e-01
5.000000000000001110e-01 2.770351895536371511e-01
4.863226084265935834e-01 2.817208775186015313e-01
4.727745323894976259e-01 2.861393739548165338e-01
4.593591825444023335e-01 2.902790424927071955e-01
4.460799361338897429e-01 2.941293384323109827e-01
4.329401361372292589e-01 2.976811986063677140e-01
4.199430904288018462e-01 3.009273472703579144e-01
4.070920709453594855e-01 3.038625088360168980e-01
3.943903128623333920e-01 3.064835227854210697e-01
3.818410137793947223e-01 3.087893604627054978e-01
3.694473329154774888e-01 3.107810475006654305e-01
3.572123903134606371e-01 3.124614992820496928e-01
3.451392660547150104e-01 3.138352799651161762e-01
3.332309994837083789e-01 3.149082981483950494e-01
3.214905884428678196e-01 3.156874541626670805e-01
3.099209885178879631e-01 3.161802552342874439e-01
2.985251122936787294e-01 3.163944153608405641e-01
2.873058286211370715e-01 3.163374566961826284e-01
2.762659618949298013e-01 3.160163285946217537e-01
2.654082913424666845e-01 3.154370592673273466e-01
2.547355503242452190e-01 3.146044533261230236e-01
2.442504256457417311e-01 3.135218464099346347e-01
2.339555568810219865e-01 3.121909256949782496e-01
2.238535357082431787e-01 3.106116224742631049e-01
2.139469052572124941e-01 3.087820802504818718e-01
2.042381594691679014e-01 3.066986990136641444e-01
1.947297424689413692e-01 3.043562536626169268e-01
1.854240479496642724e-01 3.017480819629658195e-01
1.763234185701672008e-01 2.988663350923184692e-01
1.674301453652287108e-01 2.957022817725895592e-01
1.587464671688187945e-01 2.922466552872757251e-01
1.502745700504856119e-01 2.884900313712076558e-01
1.420165867650229341e-01 2.844232240723834071e-01
1.339745962155614034e-01 2.800376862364077346e-01
1.261506229302150617e-01 2.753259012565278940e-01
1.185466365524179277e-01 2.702817531555393726e-01
1.111645513450765232e-01 2.649008628965230372e-01
1.040062257086641351e-01 2.591808800224319476e-01
9.707346171337882801e-02 2.531217202547018652e-01
9.036800464548166989e-02 2.467257414843354035e-01
8.389154256793041053e-02 2.399978526045011273e-01
7.764570589541863743e-02 2.329455517958051169e-01
7.163206698392743377e-02 2.255788931153371035e-01
6.585213973489323358e-02 2.179103824887511642e-01
6.030737921409157209e-02 2.099548063925556207e-01
5.499918128533154427e-02 2.017289985760190585e-01
4.992888225905456334e-02 1.932515520481349613e-01
4.509775855592612626e-02 1.845424851908646635e-01
4.050702638550263135e-02 1.756228722093006733e-01
3.615784144005795842e-02 1.665144491554715889e-01
3.205129860364375194e-02 1.572392074382219507e-01
2.818843167645834757e-02 1.478189870406065587e-01
2.457021311459295365e-02 1.382750816030642316e-01
2.119755378522125699e-02 1.286278671007768104e-01
1.807130273729329328e-02 1.188964650631701286e-01
1.519224698779197968e-02 1.090984501786284311e-01
1.256111132360571148e-02 9.924961073348609331e-02
1.017855811906731578e-02 8.936376869463454053e-02
8.045187169204659483e-03 7.945266440979484313e-02
6.161535538745877005e-03 6.952590892411966705e-02
4.528077426915411152e-03 5.959100485537732056e-02
3.145224048057615462e-03 4.965343469366824414e-02
2.013323528115562588e-03 3.971681335663764661e-02
1.132660816992037134e-03 2.978309989733847821e-02
5.034576168149174080e-04 1.985286148578796483e-02
1.258723261249317105e-04 9.925581218655613741e-03
0.000000000000000000e+00 0.000000000000000000e+00
1.258723261249317105e-04 -8.826677970921131475e-03
5.034576168149174080e-04 -1.762402354952300951e-02
1.132660816992037134e-03 -2.636326199816277360e-02
2.013323528115562588e-03 -3.501684191408890173e-02
3.145224048057615462e-03 -4.355900276943302368e-02
4.528077426915411152e-03 -5.196629093346855771e-02
6.161535538745877005e-03 -6.021800936807397697e-02
8.045187169204659483e-03 -6.829658812593841777e-02
1.017855811906731578e-02 -7.618786509799060913e-02
1.256111132360571148e-02 -8.388126908528986680e-02
1.519224698779197968e-02 -9.136990013554231738e-02
1.807130273729329328e-02 -9.865050510274087081e-02
2.119755378522125699e-02 -1.057233494728019862e-01
2.457021311459295365e-02 -1.125919895586831448e-01
2.818843167645834757e-02 -1.192629521158367761e-01
3.205129860364375194e-02 -1.257453311762113113e-01
3.615784144005795842e-02 -1.320503143648254496e-01
4.050702638550263135e-02 -1.381906530732603111e-01
4.509775855592612626e-02 -1.441800925550413837e-01
4.992888225905456334e-02 -1.500327792262482751e-01
5.499918128533154427e-02 -1.557626631615418311e-01
6.030737921409157209e-02 -1.613829139463577034e-01
6.585213973489323358e-02 -1.669053676709807699e-01
7.163206698392743377e-02 -1.723400219380707976e-01
7.764570589541863743e-02 -1.776945943244163939e-01
8.389154256793041053e-02 -1.829741578281004755e-01
9.036800464548166989e-02 -1.881808644963830213e-01
9.707346171337882801e-02 -1.933137657332686110e-01
1.040062257086641351e-01 -1.983687348064003542e-01
1.111645513450765232e-01 -2.033384938977084166e-01
1.185466365524179277e-01 -2.082127447655075236e-01
1.261506229302150617e-01 -2.129783988065221123e-01
1.339745962155614034e-01 -2.176198991255365867e-01
1.420165867650229341e-01 -2.221196242379366859e-01
1.502745700504856119e-01 -2.264583603422292701e-01
1.587464671688187945e-01 -2.306158267947854279e-01
1.674301453652287108e-01 -2.345712375768874980e-01
1.763234185701672008e-01 -2.383038802318055704e-01
1.854240479496642724e-01 -2.417936930195747069e-01
1.947297424689413692e-01 -2.450218209253332835e-01
2.042381594691679014e-01 -2.479711316812946431e-01
2.139469052572124941e-01 -2.506266741211783944e-01
2.238535357082431787e-01 -2.529760629578970965e-01
2.339555568810219865e-01 -2.550097764192290617e-01
2.442504256457417311e-01 -2.567213560314621223e-01
2.547355503242452190e-01 -2.581075011286106946e-01
2.654082913424666845e-01 -2.591680542891614536e-01
2.762659618949298013e-01 -2.599058777533083675e-01
2.873058286211370715e-01 -2.603266248294600627e-01
2.985251122936787294e-01 -2.604384142290064319e-01
3.099209885178879631e-01 -2.602514190374899394e-01
3.214905884428678196e-01 -2.597773855018447597e-01
3.332309994837083789e-01 -2.590290998536792233e-01
3.451392660547150104e-01 -2.580198238713214409e-01
3.572123903134606371e-01 -2.567627216937229950e-01
3.694473329154774888e-01 -2.552703014382504687e-01
3.818410137793947223e-01 -2.535538953625842140e-01
3.943903128623333920e-01 -2.516232015925576326e-01
4.070920709453594855e-01 -2.494859087837614509e-01
4.199430904288018462e-01 -2.471474224956149712e-01
4.329401361372292589e-01 -2.446107085645929935e-01
4.460799361338897429e-01 -2.418762644337793255e-01
4.593591825444023335e-01 -2.389422243281119074e-01
4.727745323894976259e-01 -2.358045984914272919e-01
4.863226084265935834e-01 -2.324576405881238483e-01
5.000000000000001110e-01 -2.288943310148716659e-01
5.138032638995313484e-01 -2.251069574899039194e-01
5.277289252273172915e-01 -2.210877681363598024e-01
5.417734782725895926e-01 -2.168296666183343324e-01
5.559333873942259308e-01 -2.123269140036345426e-01
5.702050879108284676e-01 -2.075757982028997306e-01
5.845849869981135649e-01 -2.025752293581643826e-01
5.990694645933862805e-01 -1.973272187054255500e-01
6.136548743068714895e-01 -1.918371994806512826e-01
6.283375443396724824e-01 -1.861141516191966438e-01
6.431137784081281117e-01 -1.801704975258798525e-01
6.579798566743311206e-01 -1.740217442388824198e-01
6.729320366825783939e-01 -1.676858580001238386e-01
6.879665543015128781e-01 -1.611823706485784324e-01
7.030796246717250231e-01 -1.545312333811187933e-01
7.182674431585703845e-01 -1.477514522213961290e-01
7.335261863099650226e-01 -1.408595608732593207e-01
7.488520128189207758e-01 -1.338680103088637496e-01
7.642410644905727191e-01 -1.267835801736263146e-01
7.796894672134594417e-01 -1.196059445236522800e-01
7.951933319348093443e-01 -1.123265531126356465e-01
8.107487556395898132e-01 -1.049280189067664099e-01
8.263518223330695855e-01 -9.738423215022545820e-02
8.419986040266501659e-01 -8.966145048880182211e-02
8.576851617267149397e-01 -8.172064268720286018e-02
8.734075464262507360e-01 -7.352138960199758322e-02
8.891618000989889303e-01 -6.502766951621086200e-02
9.049439566958173975e-01 -5.621587489920087249e-02
9.207500431432115162e-01 -4.708542331274611498e-02
9.365760803434354242e-01 -3.767233573251164286e-02
9.524180841762578398e-01 -2.806616020556000277e-02
9.682720665019324269e-01 -1.843061676910920724e-02
9.841340361651920166e-01 -9.028330217588819567e-03
9.999999999999998890e-01 -2.500000000000580642e-04
