9.999999999999998890e-01 2.500000000000784472e-04
9.841340361651920166e-01 1.131951083858273241e-02
9.682720665019324269e-01 2.206979538398231785e-02
9.524180841762578398e-01 3.245289321759366186e-02
9.365760803434354242e-01 4.242614333259954462e-02
9.207500431432115162e-01 5.195342658463205504e-02
9.049439566958173975e-01 6.100595988667271985e-02
8.891618000989889303e-01 6.956269734262407467e-02
8.734075464262507360e-01 7.761039353573227773e-02
8.576851617267149397e-01 8.514338327087406233e-02
8.419986040266501659e-01 9.216313031102006670e-02
8.263518223330695855e-01 9.867759515231568079e-02
8.107487556395898132e-01 1.047004687582414884e-01
7.951933319348093443e-01 1.102503155328561774e-01
7.796894672134594417e-01 1.153496647681995640e-01
7.642410644905727191e-01 1.200240854619999131e-01
7.488520128189207758e-01 1.243012748758806629e-01
7.335261863099650226e-01 1.282101865931963292e-01
7.182674431585703845e-01 1.317802192347138357e-01
7.030796246717250231e-01 1.350404824869820830e-01
6.879665543015128781e-01 1.380191527708218846e-01
6.729320366825783939e-01 1.407429267945695672e-01
6.579798566743311206e-01 1.432365774567677386e-01
6.431137784081281117e-01 1.455226131334247386e-01
6.283375443396724824e-01 1.476210383423547934e-01
6.136548743068714895e-01 1.495492111472376262e-01
5.990694645933862805e-01 1.513217904621277643e-01
5.845849869981135649e-01 1.529507646483251881e-01
5.702050879108284676e-01 1.544455514554703424e-01
5.559333873942259308e-01 1.558131584344363829e-01
5.417734782725895926e-01 1.570583924202735848e-01
5.277289252273172915e-01 1.581841065215411901e-01
5.138032638995313484e-01 1.591914732245593156e-01
5.000000000000001110e-01 1.600802726895677874e-01
4.863226084265935834e-01 1.608491860391743911e-01
4.727745323894976259e-01 1.614960843742155594e-01
4.593591825444023335e-01 1.620183053534604012e-01
4.460799361338897429e-01 1.624129103965771259e-01
4.329401361372292589e-01 1.626769168704929047e-01
4.199430904288018462e-01 1.628075009555640662e-01
4.070920709453594855e-01 1.628021682203699139e-01
3.943903128623333920e-01 1.626588902263536862e-01
3.818410137793947223e-01 1.623762067038447832e-01
3.694473329154774888e-01 1.619532939615485612e-01
3.572123903134606371e-01 1.613900011895119391e-01
3.451392660547150104e-01 1.606868571730130923e-01
3.332309994837083789e-01 1.598450506390120263e-01
3.214905884428678196e-01 1.588663880000283080e-01
3.099209885178879631e-01 1.577532326397819706e-01
2.985251122936787294e-01 1.565084301024765312e-01
2.873058286211370715e-01 1.551352236093538894e-01
2.762659618949298013e-01 1.536371642420872319e-01
2.654082913424666845e-01 1.520180199160355849e-01
2.547355503242452190e-01 1.502816869334838712e-01
2.442504256457417311e-01 1.484321074760596715e-01
2.339555568810219865e-01 1.464731958864555761e-01
2.238535357082431787e-01 1.444087760232589113e-01
2.139469052572124941e-01 1.422425313703185035e-01
2.042381594691679014e-01 1.399779689646198089e-01
1.947297424689413692e-01 1.376183975942859850e-01
1.854240479496642724e-01 1.351669201299376954e-01
1.763234185701672008e-01 1.326264393053653845e-01
1.674301453652287108e-01 1.299996757722868268e-01
1.587464671688187945e-01 1.272891968314528444e-01
1.502745700504856119e-01 1.244974538984167101e-01
1.420165867650229341e-01 1.216268265039846252e-01
1.339745962155614034e-01 1.186796704609133501e-01
1.261506229302150617e-01 1.156583677511397318e-01
1.185466365524179277e-01 1.125653757002480077e-01
1.111645513450765232e-01 1.094032731039075029e-01
1.040062257086641351e-01 1.061748011481347398e-01
9.707346171337882801e-02 1.028828972128078834e-01
9.036800464548166989e-02 9.953071995543233408e-02
8.389154256793041053e-02 9.612166442783028064e-02
7.764570589541863743e-02 9.265936636924397563e-02
7.163206698392743377e-02 8.914769523170026910e-02
6.585213973489323358e-02 8.559073591353175137e-02
6.030737921409157209e-02 8.199275959100804645e-02
5.499918128533154427e-02 7.835818443296287128e-02
4.992888225905456334e-02 7.469152734690172324e-02
4.509775855592612626e-02 7.099734822636037668e-02
4.050702638550263135e-02 6.728018843881314326e-02
3.615784144005795842e-02 6.354450550353128724e-02
3.205129860364375194e-02 5.979460605371720444e-02
2.818843167645834757e-02 5.603457925334391632e-02
2.457021311459295365e-02 5.226823284487496640e-02
2.119755378522125699e-02 4.849903394004721757e-02
1.807130273729329328e-02 4.473005653486500366e-02
1.519224698779197968e-02 4.096393753655152431e-02
1.256111132360571148e-02 3.720284284091084775e-02
1.017855811906731578e-02 3.344844470144649889e-02
8.045187169204659483e-03 2.970191129607308370e-02
6.161535538745877005e-03 2.596390903381964876e-02
4.528077426915411152e-03 2.223461776375263571e-02
3.145224048057615462e-03 1.851375866307881229e-02
2.013323528115562588e-03 1.480063420267824746e-02
1.132660816992037134e-03 1.109417922761320521e-02
5.034576168149174080e-04 7.393021858259158675e-03
1.258723261249317105e-04 3.695552624534436705e-03
0.000000000000000000e+00 0.000000000000000000e+00
1.258723261249317105e-04 -3.417412299143697107e-03
5.034576168149174080e-04 -6.822504495317197049e-03
1.132660816992037134e-03 -1.020306806656324713e-02
2.013323528115562588e-03 -1.354723902974703555e-02
3.145224048057615462e-03 -1.684365906950345201e-02
4.528077426915411152e-03 -2.008162364961773791e-02
6.161535538745877005e-03 -2.325121335734492423e-02
8.045187169204659483e-03 -2.634340521473561847e-02
1.017855811906731578e-02 -2.935016126881596216e-02
1.256111132360571148e-02 -3.226449242778682558e-02
1.519224698779197968e-02 -3.508049622429223330e-02
1.807130273729329328e-02 -3.779336793851173493e-02
2.119755378522125699e-02 -4.039938528147000302e-02
2.457021311459295365e-02 -4.289586760003129273e-02
2.818843167645834757e-02 -4.528111129716768518e-02
3.205129860364375194e-02 -4.755430384255562859e-02
3.615784144005795842e-02 -4.971541935900625903e-02
4.050702638550263135e-02 -5.176509929123315756e-02
4.509775855592612626e-02 -5.370452207903866904e-02
4.992888225905456334e-02 -5.553526605414369627e-02
5.499918128533154427e-02 -5.725916994894145184e-02
6.030737921409157209e-02 -5.887819544044520931e-02
6.585213973489323358e-02 -6.039429605154871677e-02
7.163206698392743377e-02 -6.180929649635456130e-02
7.764570589541863743e-02 -6.312478619271279234e-02
8.389154256793041053e-02 -6.434203018310334643e-02
9.036800464548166989e-02 -6.546190011815745946e-02
9.707346171337882801e-02 -6.648482728236385086e-02
1.040062257086641351e-01 -6.741077889871183171e-02
1.111645513450765232e-01 -6.823925816047238246e-02
1.185466365524179277e-01 -6.896932762812153783e-02
1.261506229302150617e-01 -6.959965482284811988e-02
1.339745962155614034e-01 -7.012857807087920226e-02
1.420165867650229341e-01 -7.055418993045133036e-02
1.502745700504856119e-01 -7.087443489003357466e-02
1.587464671688187945e-01 -7.108721748498539328e-02
1.674301453652287108e-01 -7.119051656029320996e-02
1.763234185701672008e-01 -7.118250112630029880e-02
1.854240479496642724e-01 -7.106164312556237372e-02
1.947297424689413692e-01 -7.082682246097228573e-02
2.042381594691679014e-01 -7.047741983224899143e-02
2.139469052572124941e-01 -7.001339328890950064e-02
2.238535357082431787e-01 -6.943533492692285924e-02
2.339555568810219865e-01 -6.874450482215005431e-02
2.442504256457417311e-01 -6.794284009011287984e-02
2.547355503242452190e-01 -6.703293786748522332e-02
2.654082913424666845e-01 -6.601801200044628282e-02
2.762659618949298013e-01 -6.490182426929670678e-02
2.873058286211370715e-01 -6.368859204496091220e-02
2.985251122936787294e-01 -6.238287532626320825e-02
3.099209885178879631e-01 -6.098944711077898539e-02
3.214905884428678196e-01 -5.951315196976921656e-02
3.332309994837083789e-01 -5.795875849293856408e-02
3.451392660547150104e-01 -5.633081190692863782e-02
3.572123903134606371e-01 -5.463349362079134020e-02
3.694473329154774888e-01 -5.287049468429720622e-02
3.818410137793947223e-01 -5.104491013790676823e-02
3.943903128623333920e-01 -4.915916096958777848e-02
4.070920709453594855e-01 -4.721494986327538779e-02
4.199430904288018462e-01 -4.521325612410410921e-02
4.329401361372292589e-01 -4.315437410228350340e-02
4.460799361338897429e-01 -4.103799812497412047e-02
4.593591825444023335e-01 -3.886335540698362262e-02
4.727745323894976259e-01 -3.662938667870418302e-02
4.863226084265935834e-01 -3.433497238434606719e-02
5.000000000000001110e-01 -3.197920031438871574e-02
5.138032638995313484e-01 -2.956166850012379235e-02
5.277289252273172915e-01 -2.708281517879698383e-02
5.417734782725895926e-01 -2.454426570440646979e-02
5.559333873942259308e-01 -2.194918450519895564e-02
5.702050879108284676e-01 -1.930261865061317153e-02
5.845849869981135649e-01 -1.661181836519460067e-02
5.990694645933862805e-01 -1.388651899139932248e-02
6.136548743068714895e-01 -1.113916853102383565e-02
6.283375443396724824e-01 -8.385085055261302933e-03
6.431137784081281117e-01 -5.642529028262564458e-03
6.579798566743311206e-01 -2.932676991834162056e-03
6.729320366825783939e-01 -2.794851518753919267e-04
6.879665543015128781e-01 2.290565780121991361e-03
7.030796246717250231e-01 4.748849589766659419e-03
7.182674431585703845e-01 7.065098224957718810e-03
7.335261863099650226e-01 9.208025946038440185e-03
7.488520128189207758e-01 1.114606410978606112e-02
7.642410644905727191e-01 1.284819044111854512e-02
7.796894672134594417e-01 1.428482980597129554e-02
7.951933319348093443e-01 1.542879620847115510e-02
8.107487556395898132e-01 1.625623811003486241e-02
8.263518223330695855e-01 1.674754134040529543e-02
8.419986040266501659e-01 1.688813599106392394e-02
8.576851617267149397e-01 1.666914591546934943e-02
8.734075464262507360e-01 1.608781198701820375e-02
8.891618000989889303e-01 1.514761327414042985e-02
9.049439566958173975e-01 1.385800398006655464e-02
9.207500431432115162e-01 1.223367856475597593e-02
9.365760803434354242e-01 1.029327312161385302e-02
9.524180841762578398e-01 8.057408022676126880e-03
9.682720665019324269e-01 5.545975267012612404e-03
9.841340361651920166e-01 2.774574051567679084e-03
9.999999999999998890e-01 -2.499999999999779417e-04
