9.999999999999998890e-01 2.500000000002360360e-04
9.841340361651920166e-01 3.082028910326392590e-02
9.682720665019324269e-01 5.594459335732525351e-02
9.524180841762578398e-01 7.677671159808754919e-02
9.365760803434354242e-01 9.426667016984047187e-02
9.207500431432115162e-01 1.091880124836897559e-01
9.049439566958173975e-01 1.221627050030264089e-01
8.891618000989889303e-01 1.336836994572837278e-01
8.734075464262507360e-01 1.441352150038476831e-01
8.576851617267149397e-01 1.538108246133074730e-01
8.419986040266501659e-01 1.629294471817897272e-01
8.263518223330695855e-01 1.716493608569555906e-01
8.107487556395898132e-01 1.800803639222598729e-01
7.951933319348093443e-01 1.882942174732362695e-01
7.796894672134594417e-01 1.963335092257317838e-01
7.642410644905727191e-01 2.042190803297550816e-01
7.488520128189207758e-01 2.119561572540114569e-01
7.335261863099650226e-01 2.195393288997030123e-01
7.182674431585703845e-01 2.269565053515683328e-01
7.030796246717250231e-01 2.341919893377718553e-01
6.879665543015128781e-01 2.412287848065289286e-01
6.729320366825783939e-01 2.480502592905916848e-01
6.579798566743311206e-01 2.546412681673271838e-01
6.431137784081281117e-01 2.609888397672900373e-01
6.283375443396724824e-01 2.670825107589532843e-01
6.136548743068714895e-01 2.729143915460531811e-01
5.990694645933862805e-01 2.784790317427283113e-01
5.845849869981135649e-01 2.837731463061434756e-01
5.702050879108284676e-01 2.887952537513855389e-01
5.559333873942259308e-01 2.935452691722991725e-01
5.417734782725895926e-01 2.980240866460351357e-01
5.277289252273172915e-01 3.022331780883770747e-01
5.138032638995313484e-01 3.061742288105161469e-01
5.000000000000001110e-01 3.098488239450886694e-01
4.863226084265935834e-01 3.132581945805921197e-01
4.727745323894976259e-01 3.164030278721787215e-01
4.593591825444023335e-01 3.192833415712968415e-01
4.460799361338897429e-01 3.218984203110158426e-01
4.329401361372292589e-01 3.242468085607608241e-01
4.199430904288018462e-01 3.263263533764682034e-01
4.070920709453594855e-01 3.281342888649801948e-01
3.943903128623333920e-01 3.296673535941810340e-01
3.818410137793947223e-01 3.309219319484066890e-01
3.694473329154774888e-01 3.318942105854279512e-01
3.572123903134606371e-01 3.325803416298053761e-01
3.451392660547150104e-01 3.329766049717449161e-01
3.332309994837083789e-01 3.330795629673433123e-01
3.214905884428678196e-01 3.328862018955231483e-01
3.099209885178879631e-01 3.323940556638712573e-01
2.985251122936787294e-01 3.316013084202676375e-01
2.873058286211370715e-01 3.305068738758433211e-01
2.762659618949298013e-01 3.291104502400324927e-01
2.654082913424666845e-01 3.274125506794414164e-01
2.547355503242452190e-01 3.254145101146670993e-01
2.442504256457417311e-01 3.231184699452772646e-01
2.339555568810219865e-01 3.205273429312298639e-01
2.238535357082431787e-01 3.176447609532261906e-01
2.139469052572124941e-01 3.144750087242132452e-01
2.042381594691679014e-01 3.110229467335384745e-01
1.947297424689413692e-01 3.072939267821897524e-01
1.854240479496642724e-01 3.032937034235222984e-01
1.763234185701672008e-01 2.990283444728956130e-01
1.674301453652287108e-01 2.945041435076683478e-01
1.587464671688187945e-01 2.897275369631620578e-01
1.502745700504856119e-01 2.847050280582491544e-01
1.420165867650229341e-01 2.794431193738204922e-01
1.339745962155614034e-01 2.739482554756619281e-01
1.261506229302150617e-01 2.682267765362678080e-01
1.185466365524179277e-01 2.622848834824462738e-01
1.111645513450765232e-01 2.561286147900716514e-01
1.040062257086641351e-01 2.497638346748511928e-01
9.707346171337882801e-02 2.431962320972075875e-01
9.036800464548166989e-02 2.364313297168103012e-01
8.389154256793041053e-02 2.294745017022088163e-01
7.764570589541863743e-02 2.223309991255803808e-01
7.163206698392743377e-02 2.150059815519536899e-01
6.585213973489323358e-02 2.075045533647735252e-01
6.030737921409157209e-02 1.998318033520934400e-01
5.499918128533154427e-02 1.919928461054889179e-01
4.992888225905456334e-02 1.839928638514118919e-01
4.509775855592612626e-02 1.758371474358233488e-01
4.050702638550263135e-02 1.675311353107901968e-01
3.615784144005795842e-02 1.590804495193900159e-01
3.205129860364375194e-02 1.504909278358571578e-01
2.818843167645834757e-02 1.417686513849442109e-01
2.457021311459295365e-02 1.329199672319560932e-01
2.119755378522125699e-02 1.239515055975735913e-01
1.807130273729329328e-02 1.148701915049486072e-01
1.519224698779197968e-02 1.056832508071027382e-01
1.256111132360571148e-02 9.639821066778937741e-02
1.017855811906731578e-02 8.702289467707467752e-02
8.045187169204659483e-03 7.756541287323595601e-02
6.161535538745877005e-03 6.803414701532937980e-02
4.528077426915411152e-03 5.843773150680012241e-02
3.145224048057615462e-03 4.878503041136676710e-02
2.013323528115562588e-03 3.908511103001693215e-02
1.132660816992037134e-03 2.934721452469181771e-02
5.034576168149174080e-04 1.958072408253203403e-02
1.258723261249317105e-04 9.795131116887881642e-03
0.000000000000000000e+00 0.000000000000000000e+00
1.258723261249317105e-04 -9.603755508138559285e-03
5.034576168149174080e-04 -1.918845861085740484e-02
1.132660816992037134e-03 -2.873520922604524616e-02
2.013323528115562588e-03 -3.822553204710434777e-02
3.145224048057615462e-03 -4.764157471620236034e-02
4.528077426915411152e-03 -5.696628941756404912e-02
6.161535538745877005e-03 -6.618359315952425381e-02
8.045187169204659483e-03 -7.527850266406388435e-02
1.017855811906731578e-02 -8.423724055642999031e-02
1.256111132360571148e-02 -9.304731042119604445e-02
1.519224698779197968e-02 -1.016975392375987775e-01
1.807130273729329328e-02 -1.101780866966395045e-01
2.119755378522125699e-02 -1.184804219044135742e-01
2.457021311459295365e-02 -1.265972689589353883e-01
2.818843167645834757e-02 -1.345225238204764417e-01
3.205129860364375194e-02 -1.422511457486078379e-01
3.615784144005795842e-02 -1.497790273256182914e-01
4.050702638550263135e-02 -1.571028477018609482e-01
4.509775855592612626e-02 -1.642199141639749393e-01
4.992888225905456334e-02 -1.711279974265774162e-01
5.499918128533154427e-02 -1.778251661719058296e-01
6.030737921409157209e-02 -1.843096263054989636e-01
6.585213973489323358e-02 -1.905795701606538550e-01
7.163206698392743377e-02 -1.966330404771569895e-01
7.764570589541863743e-02 -2.024678134134578755e-01
8.389154256793041053e-02 -2.080813041441203215e-01
9.036800464548166989e-02 -2.134704977690243255e-01
9.707346171337882801e-02 -2.186319073445786021e-01
1.040062257086641351e-01 -2.235615598706807150e-01
1.111645513450765232e-01 -2.282550100633937429e-01
1.185466365524179277e-01 -2.327073807467650579e-01
1.261506229302150617e-01 -2.369134277427528967e-01
1.339745962155614034e-01 -2.408676262598792583e-01
1.420165867650229341e-01 -2.445642750111229335e-01
1.502745700504856119e-01 -2.479976136587272728e-01
1.587464671688187945e-01 -2.511619487129516659e-01
1.674301453652287108e-01 -2.540517827231491554e-01
1.763234185701672008e-01 -2.566619415067685206e-01
1.854240479496642724e-01 -2.589876942722053044e-01
1.947297424689413692e-01 -2.610248618049659797e-01
2.042381594691679014e-01 -2.627699083960607918e-01
2.139469052572124941e-01 -2.642200138821041988e-01
2.238535357082431787e-01 -2.653731230161959220e-01
2.339555568810219865e-01 -2.662279703682912113e-01
2.442504256457417311e-01 -2.667840800282776925e-01
2.547355503242452190e-01 -2.670417405138695854e-01
2.654082913424666845e-01 -2.670019564240901921e-01
2.762659618949298013e-01 -2.666663794801092946e-01
2.873058286211370715e-01 -2.660372226098280946e-01
2.985251122936787294e-01 -2.651171616125754249e-01
3.099209885178879631e-01 -2.639092296394976445e-01
3.214905884428678196e-01 -2.624167102016300990e-01
3.332309994837083789e-01 -2.606430346351155669e-01
3.451392660547150104e-01 -2.585916898831748245e-01
3.572123903134606371e-01 -2.562661420783655108e-01
3.694473329154774888e-01 -2.536697807185648301e-01
3.818410137793947223e-01 -2.508058872307022957e-01
3.943903128623333920e-01 -2.476776304258665462e-01
4.070920709453594855e-01 -2.442880898009006929e-01
4.199430904288018462e-01 -2.406403058828091579e-01
4.329401361372292589e-01 -2.367373549062651572e-01
4.460799361338897429e-01 -2.325824431390511038e-01
4.593591825444023335e-01 -2.281790142173657776e-01
4.727745323894976259e-01 -2.235308610274871766e-01
4.863226084265935834e-01 -2.186422320884568449e-01
5.000000000000001110e-01 -2.135179211776149777e-01
5.138032638995313484e-01 -2.081633282289519216e-01
5.277289252273172915e-01 -2.025844794590133668e-01
5.417734782725895926e-01 -1.967879953725500675e-01
5.559333873942259308e-01 -1.907809969029346242e-01
5.702050879108284676e-01 -1.845709425761264122e-01
5.845849869981135649e-01 -1.781653933658423616e-01
5.990694645933862805e-01 -1.715717069302746256e-01
6.136548743068714895e-01 -1.647966692661076149e-01
6.283375443396724824e-01 -1.578460795387053028e-01
6.431137784081281117e-01 -1.507243129752094402e-01
6.579798566743311206e-01 -1.434338972352873498e-01
6.729320366825783939e-01 -1.359751495627087303e-01
6.879665543015128781e-01 -1.283459351922183189e-01
7.030796246717250231e-01 -1.205416218224134445e-01
7.182674431585703845e-01 -1.125553203067319458e-01
7.335261863099650226e-01 -1.043785178585123208e-01
7.488520128189207758e-01 -9.600222676675297662e-02
7.642410644905727191e-01 -8.741878858882132231e-02
7.796894672134594417e-01 -7.862449069655887135e-02
7.951933319348093443e-01 -6.962316853680614037e-02
8.107487556395898132e-01 -6.043098262590002739e-02
8.263518223330695855e-01 -5.108257370018547128e-02
8.419986040266501659e-01 -4.163881213700834638e-02
8.576851617267149397e-01 -3.219636827149441327e-02
8.734075464262507360e-01 -2.289933808195128775e-02
8.891618000989889303e-01 -1.395316341722170270e-02
9.049439566958173975e-01 -5.641087015756970739e-03
9.207500431432115162e-01 1.656620442285846543e-03
9.365760803434354242e-01 7.440431536956486173e-03
9.524180841762578398e-01 1.106611429864297162e-02
9.682720665019324269e-01 1.171586583948092467e-02
9.841340361651920166e-01 8.365851166165168967e-03
9.999999999999998890e-01 -2.499999999999178227e-04
