9.999999999999998890e-01 2.500000000001419815e-04
9.841340361651920166e-01 2.029551649995351217e-02
9.682720665019324269e-01 3.984908478949884814e-02
9.524180841762578398e-01 5.892043949924109097e-02
9.365760803434354242e-01 7.751745796374974462e-02
9.207500431432115162e-01 9.564627279369219970e-02
9.049439566958173975e-01 1.133114375622411990e-01
8.891618000989889303e-01 1.305161311667860924e-01
8.734075464262507360e-01 1.472623874206234751e-01
8.576851617267149397e-01 1.635513375990884921e-01
8.419986040266501659e-01 1.793834549736858242e-01
8.263518223330695855e-01 1.947587917792058809e-01
8.107487556395898132e-01 2.096772005360623414e-01
7.951933319348093443e-01 2.241385331578741869e-01
7.796894672134594417e-01 2.381428127790967408e-01
7.642410644905727191e-01 2.516903747080880827e-01
7.488520128189207758e-01 2.647819743189247510e-01
7.335261863099650226e-01 2.774188610153185963e-01
7.182674431585703845e-01 2.896028186103488666e-01
7.030796246717250231e-01 3.013361735483859882e-01
6.879665543015128781e-01 3.126217733363326756e-01
6.729320366825783939e-01 3.234629383399291735e-01
6.579798566743311206e-01 3.338633907309997984e-01
6.431137784081281117e-01 3.438271648406743264e-01
6.283375443396724824e-01 3.533585034829530569e-01
6.136548743068714895e-01 3.624617449670724523e-01
5.990694645933862805e-01 3.711412055237453544e-01
5.845849869981135649e-01 3.794010617400116470e-01
5.702050879108284676e-01 3.872452373431586325e-01
5.559333873942259308e-01 3.946772983109373967e-01
5.417734782725895926e-01 4.017003598297479439e-01
5.277289252273172915e-01 4.083170080922990941e-01
5.138032638995313484e-01 4.145292393399500064e-01
5.000000000000001110e-01 4.203384179311775992e-01
4.863226084265935834e-01 4.257452545749333406e-01
4.727745323894976259e-01 4.307498052239757680e-01
4.593591825444023335e-01 4.353514904956014564e-01
4.460799361338897429e-01 4.395491348912242136e-01
4.329401361372292589e-01 4.433410245360943636e-01
4.199430904288018462e-01 4.467249816683672714e-01
4.070920709453594855e-01 4.496984536829783941e-01
3.943903128623333920e-01 4.522586141884167854e-01
3.818410137793947223e-01 4.544024732693099922e-01
3.694473329154774888e-01 4.561269939682522367e-01
3.572123903134606371e-01 4.574292119077210672e-01
3.451392660547150104e-01 4.583063549662362846e-01
3.332309994837083789e-01 4.587559599990307935e-01
3.214905884428678196e-01 4.587759837473432967e-01
3.099209885178879631e-01 4.583649053052438194e-01
2.985251122936787294e-01 4.575218178003192526e-01
2.873058286211370715e-01 4.562465072850357406e-01
2.762659618949298013e-01 4.545395172185399679e-01
2.654082913424666845e-01 4.524021973328619661e-01
2.547355503242452190e-01 4.498367361112136087e-01
2.442504256457417311e-01 4.468461765476141045e-01
2.339555568810219865e-01 4.434344152947882756e-01
2.238535357082431787e-01 4.396061857300626596e-01
2.139469052572124941e-01 4.353670258663986381e-01
2.042381594691679014e-01 4.307232323982583821e-01
1.947297424689413692e-01 4.256818024913793796e-01
1.854240479496642724e-01 4.202503651947100960e-01
1.763234185701672008e-01 4.144371045661583430e-01
1.674301453652287108e-01 4.082506767574164419e-01
1.587464671688187945e-01 4.017001233945214911e-01
1.502745700504856119e-01 3.947947836192033932e-01
1.420165867650229341e-01 3.875442071222561236e-01
1.339745962155614034e-01 3.799580704065080305e-01
1.261506229302150617e-01 3.720460983672425614e-01
1.185466365524179277e-01 3.638179930772665882e-01
1.111645513450765232e-01 3.552833714185187342e-01
1.040062257086641351e-01 3.464517129194292222e-01
9.707346171337882801e-02 3.373323188452690968e-01
9.036800464548166989e-02 3.279342832560672161e-01
8.389154256793041053e-02 3.182664764023506732e-01
7.764570589541863743e-02 3.083375404820812848e-01
7.163206698392743377e-02 2.981558974417035102e-01
6.585213973489323358e-02 2.877297681789252048e-01
6.030737921409157209e-02 2.770672022028093373e-01
5.499918128533154427e-02 2.661761165354403769e-01
4.992888225905456334e-02 2.550643424053440911e-01
4.509775855592612626e-02 2.437396780914765360e-01
4.050702638550263135e-02 2.322099461322577330e-01
3.615784144005795842e-02 2.204830530199071159e-01
3.205129860364375194e-02 2.085670494579247580e-01
2.818843167645834757e-02 1.964701892694247498e-01
2.457021311459295365e-02 1.842009851051745473e-01
2.119755378522125699e-02 1.717682592104421146e-01
1.807130273729329328e-02 1.591811876656138158e-01
1.519224698779197968e-02 1.464493367124569678e-01
1.256111132360571148e-02 1.335826900102716486e-01
1.017855811906731578e-02 1.205916659275591829e-01
8.045187169204659483e-03 1.074871242581131175e-01
6.161535538745877005e-03 9.428036204798848074e-02
4.528077426915411152e-03 8.098309852366272765e-02
3.145224048057615462e-03 6.760744941388641127e-02
2.013323528115562588e-03 5.416589125018282658e-02
1.132660816992037134e-03 4.067121650614367173e-02
5.034576168149174080e-04 2.713648068633511476e-02
1.258723261249317105e-04 1.357494269528569837e-02
0.000000000000000000e+00 0.000000000000000000e+00
1.258723261249317105e-04 -1.326015966987843277e-02
5.034576168149174080e-04 -2.649412552927984249e-02
1.132660816992037134e-03 -3.967591923521657238e-02
2.013323528115562588e-03 -5.278011242693114724e-02
3.145224048057615462e-03 -6.578208481451384981e-02
4.528077426915411152e-03 -7.865826250719198942e-02
6.161535538745877005e-03 -9.138633086518024862e-02
8.045187169204659483e-03 -1.039454168733812689e-01
1.017855811906731578e-02 -1.163162368893252835e-01
1.256111132360571148e-02 -1.284812065872406595e-01
1.519224698779197968e-02 -1.404245109774122369e-01
1.807130273729329328e-02 -1.521321334947316750e-01
2.119755378522125699e-02 -1.635918442907427772e-01
2.457021311459295365e-02 -1.747931489966722818e-01
2.818843167645834757e-02 -1.857272003183302322e-01
3.205129860364375194e-02 -1.963866758456862815e-01
3.615784144005795842e-02 -2.067656263807030881e-01
4.050702638550263135e-02 -2.168592998797095328e-01
4.509775855592612626e-02 -2.266639467478974712e-01
4.992888225905456334e-02 -2.361766126943398159e-01
5.499918128533154427e-02 -2.453949256420663305e-01
6.030737921409157209e-02 -2.543168832802582546e-01
6.585213973489323358e-02 -2.629406477412693510e-01
7.163206698392743377e-02 -2.712643535863923372e-01
7.764570589541863743e-02 -2.792859347993498220e-01
8.389154256793041053e-02 -2.870029758291989808e-01
9.036800464548166989e-02 -2.944125909138459729e-01
9.707346171337882801e-02 -3.015113349755538241e-01
1.040062257086641351e-01 -3.082951483387750824e-01
1.111645513450765232e-01 -3.147593364097916457e-01
1.185466365524179277e-01 -3.208985843110492286e-01
1.261506229302150617e-01 -3.267070053162655086e-01
1.339745962155614034e-01 -3.321782208215539045e-01
1.420165867650229341e-01 -3.373054685485304405e-01
1.502745700504856119e-01 -3.420817347417174359e-01
1.587464671688187945e-01 -3.464999053259148476e-01
1.674301453652287108e-01 -3.505529303573203803e-01
1.763234185701672008e-01 -3.542339956581881388e-01
1.854240479496642724e-01 -3.575366952864815207e-01
1.947297424689413692e-01 -3.604551984709024048e-01
2.042381594691679014e-01 -3.629844048428637615e-01
2.139469052572124941e-01 -3.651200822183511829e-01
2.238535357082431787e-01 -3.668589818149463611e-01
2.339555568810219865e-01 -3.681989266161646013e-01
2.442504256457417311e-01 -3.691388695932976138e-01
2.547355503242452190e-01 -3.696789196343487349e-01
2.654082913424666845e-01 -3.698203342747038991e-01
2.762659618949298013e-01 -3.695654796342634496e-01
2.873058286211370715e-01 -3.689177592962828434e-01
2.985251122936787294e-01 -3.678815151668377026e-01
3.099209885178879631e-01 -3.664619045819556553e-01
3.214905884428678196e-01 -3.646647590334411437e-01
3.332309994837083789e-01 -3.624964308172928806e-01
3.451392660547150104e-01 -3.599636346265792097e-01
3.572123903134606371e-01 -3.570732915747019121e-01
3.694473329154774888e-01 -3.538323833124516482e-01
3.818410137793947223e-01 -3.502478237682256079e-01
3.943903128623333920e-01 -3.463263555794341420e-01
4.070920709453594855e-01 -3.420744774889520334e-01
4.199430904288018462e-01 -3.374984078591466430e-01
4.329401361372292589e-01 -3.326040880252463805e-01
4.460799361338897429e-01 -3.273972274996060361e-01
4.593591825444023335e-01 -3.218833910914300489e-01
4.727745323894976259e-01 -3.160681258776585900e-01
4.863226084265935834e-01 -3.099571237168203264e-01
5.000000000000001110e-01 -3.035564127164744885e-01
5.138032638995313484e-01 -2.968725688339269864e-01
5.277289252273172915e-01 -2.899129367049126937e-01
5.417734782725895926e-01 -2.826858469579378030e-01
5.559333873942259308e-01 -2.752008157890726281e-01
5.702050879108284676e-01 -2.674687115510324120e-01
5.845849869981135649e-01 -2.595018726581283519e-01
5.990694645933862805e-01 -2.513141613280322484e-01
6.136548743068714895e-01 -2.429209386682571747e-01
6.283375443396724824e-01 -2.343389484558645319e-01
6.431137784081281117e-01 -2.255860997261363021e-01
6.579798566743311206e-01 -2.166811420367581731e-01
6.729320366825783939e-01 -2.076432320464079440e-01
6.879665543015128781e-01 -1.984913958569267667e-01
7.030796246717250231e-01 -1.892438984087855824e-01
7.182674431585703845e-01 -1.799175390566158383e-01
7.335261863099650226e-01 -1.705269012236390880e-01
7.488520128189207758e-01 -1.610835936505064792e-01
7.642410644905727191e-01 -1.515955310953618074e-01
7.796894672134594417e-01 -1.420663132582191124e-01
7.951933319348093443e-01 -1.324947720152719610e-01
8.107487556395898132e-01 -1.228747685508070758e-01
8.263518223330695855e-01 -1.131953334332109623e-01
8.419986040266501659e-01 -1.034412538407051690e-01
8.576851617267149397e-01 -9.359422272508904905e-02
8.734075464262507360e-01 -8.363467441436639449e-02
8.891618000989889303e-01 -7.354443969191036545e-02
9.049439566958173975e-01 -6.331036043763267618e-02
9.207500431432115162e-01 -5.292900916046924809e-02
9.365760803434354242e-01 -4.241266188030799744e-02
9.524180841762578398e-01 -3.179667353038493488e-02
9.682720665019324269e-01 -2.114840306384279181e-02
9.841340361651920166e-01 -1.057783049944741906e-02
9.999999999999998890e-01 -2.500000000000709120e-04
