9.999999999999998890e-01 2.500000000001034923e-04
9.841340361651920166e-01 1.480492353006056076e-02
9.682720665019324269e-01 2.891293662537230275e-02
9.524180841762578398e-01 4.261184219572190096e-02
9.365760803434354242e-01 5.592797017950123378e-02
9.207500431432115162e-01 6.887851851637077916e-02
9.049439566958173975e-01 8.147360762988176131e-02
8.891618000989889303e-01 9.371806082427526496e-02
8.734075464262507360e-01 1.056129252850926126e-01
8.576851617267149397e-01 1.171567502259508592e-01
8.419986040266501659e-01 1.283466401555057590e-01
8.263518223330695855e-01 1.391791022661371668e-01
8.107487556395898132e-01 1.496507075907209106e-01
7.951933319348093443e-01 1.597585858614634924e-01
7.796894672134594417e-01 1.695007739639119992e-01
7.642410644905727191e-01 1.788764375412746077e-01
7.488520128189207758e-01 1.878859847023834351e-01
7.335261863099650226e-01 1.965310899555868518e-01
7.182674431585703845e-01 2.048146454657690518e-01
7.030796246717250231e-01 2.127406555478277561e-01
6.879665543015128781e-01 2.203140890019946729e-01
6.729320366825783939e-01 2.275407024980523329e-01
6.579798566743311206e-01 2.344268467589345761e-01
6.431137784081281117e-01 2.409792658096621132e-01
6.283375443396724824e-01 2.472048980730403023e-01
6.136548743068714895e-01 2.531106866344821626e-01
5.990694645933862805e-01 2.587034045874050392e-01
5.845849869981135649e-01 2.639895000276272774e-01
5.702050879108284676e-01 2.689749640068187508e-01
5.559333873942259308e-01 2.736652235950035039e-01
5.417734782725895926e-01 2.780650611510245285e-01
5.277289252273172915e-01 2.821785599654370591e-01
5.138032638995313484e-01 2.860090756273083179e-01
5.000000000000001110e-01 2.895592317770043778e-01
4.863226084265935834e-01 2.928309383408697064e-01
4.727745323894976259e-01 2.958254298980835251e-01
4.593591825444023335e-01 2.985433215002617491e-01
4.460799361338897429e-01 3.009846790440960373e-01
4.329401361372292589e-01 3.031491011785784617e-01
4.199430904288018462e-01 3.050358097020150483e-01
4.070920709453594855e-01 3.066437454600401402e-01
3.943903128623333920e-01 3.079716668835171256e-01
3.818410137793947223e-01 3.090182484934801965e-01
3.694473329154774888e-01 3.097821769379574541e-01
3.572123903134606371e-01 3.102622424015301084e-01
3.451392660547150104e-01 3.104574235320725073e-01
3.332309994837083789e-01 3.103669643500487907e-01
3.214905884428678196e-01 3.099904419344283180e-01
3.099209885178879631e-01 3.093278240069838869e-01
2.985251122936787294e-01 3.083795158555823757e-01
2.873058286211370715e-01 3.071463963402525921e-01
2.762659618949298013e-01 3.056298430074901873e-01
2.654082913424666845e-01 3.038317465937241391e-01
2.547355503242452190e-01 3.017545154244738459e-01
2.442504256457417311e-01 2.994010704088674313e-01
2.339555568810219865e-01 2.967748314882935334e-01
2.238535357082431787e-01 2.938796965223761659e-01
2.139469052572124941e-01 2.907200136854551364e-01
2.042381594691679014e-01 2.873005485033316986e-01
1.947297424689413692e-01 2.836264466849412469e-01
1.854240479496642724e-01 2.797031938991307309e-01
1.763234185701672008e-01 2.755365736156414891e-01
1.674301453652287108e-01 2.711326240748778149e-01
1.587464671688187945e-01 2.664975953764852079e-01
1.502745700504856119e-01 2.616379075857471204e-01
1.420165867650229341e-01 2.565601106529540321e-01
1.339745962155614034e-01 2.512708468278034291e-01
1.261506229302150617e-01 2.457768161320331435e-01
1.185466365524179277e-01 2.400847453321751368e-01
1.111645513450765232e-01 2.342013607335754477e-01
1.040062257086641351e-01 2.281333649994394530e-01
9.707346171337882801e-02 2.218874180870297752e-01
9.036800464548166989e-02 2.154701222893449231e-01
8.389154256793041053e-02 2.088880112763275843e-01
7.764570589541863743e-02 2.021475429462078754e-01
7.163206698392743377e-02 1.952550958259237079e-01
6.585213973489323358e-02 1.882169687002559488e-01
6.030737921409157209e-02 1.810393831026265998e-01
5.499918128533154427e-02 1.737284882663603369e-01
4.992888225905456334e-02 1.662903681132791855e-01
4.509775855592612626e-02 1.587310498461933783e-01
4.050702638550263135e-02 1.510565137123839052e-01
3.615784144005795842e-02 1.432727035156217410e-01
3.205129860364375194e-02 1.353855374735179196e-01
2.818843167645834757e-02 1.274009190439374106e-01
2.457021311459295365e-02 1.193247473775857909e-01
2.119755378522125699e-02 1.111629270924895385e-01
1.807130273729329328e-02 1.029213771086954360e-01
1.519224698779197968e-02 9.460603832694568227e-02
1.256111132360571148e-02 8.622287998219690941e-02
1.017855811906731578e-02 7.777790455059623020e-02
8.045187169204659483e-03 6.927715113592194940e-02
6.161535538745877005e-03 6.072669730767571439e-02
4.528077426915411152e-03 5.213265940715931801e-02
3.145224048057615462e-03 4.350119137935028885e-02
2.013323528115562588e-03 3.483848222653439936e-02
1.132660816992037134e-03 2.615075221403742947e-02
5.034576168149174080e-04 1.744424798855356493e-02
1.258723261249317105e-04 8.725236795171887466e-03
0.000000000000000000e+00 0.000000000000000000e+00
1.258723261249317105e-04 -8.410453729036183879e-03
5.034576168149174080e-04 -1.680189275161119572e-02
1.132660816992037134e-03 -2.515545482714522108e-02
2.013323528115562588e-03 -3.345270325571544912e-02
3.145224048057615462e-03 -4.167582660651102805e-02
4.528077426915411152e-03 -4.980782319803730290e-02
6.161535538745877005e-03 -5.783266592050526067e-02
8.045187169204659483e-03 -6.573544354306627702e-02
1.017855811906731578e-02 -7.350247530860017087e-02
1.256111132360571148e-02 -8.112139636775266005e-02
1.519224698779197968e-02 -8.858121242038122234e-02
1.807130273729329328e-02 -9.587232279299764959e-02
2.119755378522125699e-02 -1.029865120604891576e-01
2.457021311459295365e-02 -1.099169111938781140e-01
2.818843167645834757e-02 -1.166579300578994560e-01
3.205129860364375194e-02 -1.232051638682171851e-01
3.615784144005795842e-02 -1.295552769252333314e-01
4.050702638550263135e-02 -1.357058675488898025e-01
4.509775855592612626e-02 -1.416553186286799437e-01
4.992888225905456334e-02 -1.474026385606475309e-01
5.499918128533154427e-02 -1.529472975576519067e-01
6.030737921409157209e-02 -1.582890643839310052e-01
6.585213973489323358e-02 -1.634278484777188789e-01
7.163206698392743377e-02 -1.683635521885459008e-01
7.764570589541863743e-02 -1.730959374755791924e-01
8.389154256793041053e-02 -1.776245109009446654e-01
9.036800464548166989e-02 -1.819484301225357814e-01
9.707346171337882801e-02 -1.860664343631527329e-01
1.040062257086641351e-01 -1.899768005289382555e-01
1.111645513450765232e-01 -1.936773257945708926e-01
1.185466365524179277e-01 -1.971653365920830736e-01
1.261506229302150617e-01 -2.004377230621503803e-01
1.339745962155614034e-01 -2.034909971792983052e-01
1.420165867650229341e-01 -2.063213719732552853e-01
1.502745700504856119e-01 -2.089248585638681655e-01
1.587464671688187945e-01 -2.112973771307177506e-01
1.674301453652287108e-01 -2.134348774719539432e-01
1.763234185701672008e-01 -2.153334644874607962e-01
1.854240479496642724e-01 -2.169895237624569762e-01
1.947297424689413692e-01 -2.183998424374306302e-01
2.042381594691679014e-01 -2.195617207320637865e-01
2.139469052572124941e-01 -2.204730698421337454e-01
2.238535357082431787e-01 -2.211324924413038406e-01
2.339555568810219865e-01 -2.215393426806354926e-01
2.442504256457417311e-01 -2.216937633685684694e-01
2.547355503242452190e-01 -2.215966989090270012e-01
2.654082913424666845e-01 -2.212498835467096581e-01
2.762659618949298013e-01 -2.206558054842218675e-01
2.873058286211370715e-01 -2.198176484602535341e-01
2.985251122936787294e-01 -2.187392133742473987e-01
3.099209885178879631e-01 -2.174248234727742812e-01
3.214905884428678196e-01 -2.158792174381929108e-01
3.332309994837083789e-01 -2.141074354046618999e-01
3.451392660547150104e-01 -2.121147034363924933e-01
3.572123903134606371e-01 -2.099063223083824370e-01
3.694473329154774888e-01 -2.074875665060536833e-01
3.818410137793947223e-01 -2.048635991888798358e-01
3.943903128623333920e-01 -2.020394084331773588e-01
4.070920709453594855e-01 -1.990197693779582333e-01
4.199430904288018462e-01 -1.958092359512717817e-01
4.329401361372292589e-01 -1.924121646685035547e-01
4.460799361338897429e-01 -1.888327715941851559e-01
4.593591825444023335e-01 -1.850752219804659982e-01
4.727745323894976259e-01 -1.811437503837143581e-01
4.863226084265935834e-01 -1.770428072702645850e-01
5.000000000000001110e-01 -1.727772263161827804e-01
5.138032638995313484e-01 -1.683524048547504204e-01
5.277289252273172915e-01 -1.637744883061106049e-01
5.417734782725895926e-01 -1.590505480179345843e-01
5.559333873942259308e-01 -1.541887408387676295e-01
5.702050879108284676e-01 -1.491984380226991647e-01
5.845849869981135649e-01 -1.440903108098103014e-01
5.990694645933862805e-01 -1.388763603227120558e-01
6.136548743068714895e-01 -1.335698803408122137e-01
6.283375443396724824e-01 -1.281853431278694722e-01
6.431137784081281117e-01 -1.227382008513351330e-01
6.579798566743311206e-01 -1.172445982872576536e-01
6.729320366825783939e-01 -1.117209964800461447e-01
6.879665543015128781e-01 -1.061837118325698881e-01
7.030796246717250231e-01 -1.006483807299176358e-01
7.182674431585703845e-01 -9.512936621966389117e-02
7.335261863099650226e-01 -8.963913043038872208e-02
7.488520128189207758e-01 -8.418760423301507867e-02
7.642410644905727191e-01 -7.878159403712797770e-02
7.796894672134594417e-01 -7.342427444401376790e-02
7.951933319348093443e-01 -6.811482460372475511e-02
8.107487556395898132e-01 -6.284827537682755039e-02
8.263518223330695855e-01 -5.761564359377217837e-02
8.419986040266501659e-01 -5.240443862851026230e-02
8.576851617267149397e-01 -4.719963493454244763e-02
8.734075464262507360e-01 -4.198521189443741447e-02
8.891618000989889303e-01 -3.674636906208050141e-02
9.049439566958173975e-01 -3.147253037907187662e-02
9.207500431432115162e-01 -2.616125497036316666e-02
9.365760803434354242e-01 -2.082317442061482754e-02
9.524180841762578398e-01 -1.548807676174303143e-02
9.682720665019324269e-01 -1.021225553736656612e-02
9.841340361651920166e-01 -5.087238044105133611e-03
9.999999999999998890e-01 -2.500000000000324228e-04
