9.999999999999998890e-01 2.500000000000854403e-04
9.841340361651920166e-01 1.242808030828989468e-02
9.682720665019324269e-01 2.448372346493627935e-02
9.524180841762578398e-01 3.636359803095167570e-02
9.365760803434354242e-01 4.803310454619540842e-02
9.207500431432115162e-01 5.947194608056060455e-02
9.049439566958173975e-01 7.067038638616966739e-02
8.891618000989889303e-01 8.162613996453223220e-02
8.734075464262507360e-01 9.234183587238120605e-02
8.576851617267149397e-01 1.028229958439528940e-01
8.419986040266501659e-01 1.130764672048186342e-01
8.263518223330695855e-01 1.231092519810708108e-01
8.107487556395898132e-01 1.329276754475046396e-01
7.951933319348093443e-01 1.425368399836901001e-01
7.796894672134594417e-01 1.519403133888024560e-01
7.642410644905727191e-01 1.611400046156680754e-01
7.488520128189207758e-01 1.701361840944610460e-01
7.335261863099650226e-01 1.789276103037314991e-01
7.182674431585703845e-01 1.875117288938260296e-01
7.030796246717250231e-01 1.958849153659020514e-01
6.879665543015128781e-01 2.040427369584072725e-01
6.729320366825783939e-01 2.119802139022774479e-01
6.579798566743311206e-01 2.196920644976105008e-01
6.431137784081281117e-01 2.271729224715711148e-01
6.283375443396724824e-01 2.344175187453810261e-01
6.136548743068714895e-01 2.414208230254509813e-01
5.990694645933862805e-01 2.481781435102555500e-01
5.845849869981135649e-01 2.546851854524867509e-01
5.702050879108284676e-01 2.609380713286877373e-01
5.559333873942259308e-01 2.669333269497374816e-01
5.417734782725895926e-01 2.726678390085699455e-01
5.277289252273172915e-01 2.781387903281262730e-01
5.138032638995313484e-01 2.833435794718290879e-01
5.000000000000001110e-01 2.882797314459213944e-01
4.863226084265935834e-01 2.929448059976624830e-01
4.727745323894976259e-01 2.973363095388920629e-01
4.593591825444023335e-01 3.014516160462938910e-01
4.460799361338897429e-01 3.052879014541069469e-01
4.329401361372292589e-01 3.088420951081145005e-01
4.199430904288018462e-01 3.121108508361234990e-01
4.070920709453594855e-01 3.150905391521263144e-01
3.943903128623333920e-01 3.177772610879655568e-01
3.818410137793947223e-01 3.201668831726637299e-01
3.694473329154774888e-01 3.222550921861552231e-01
3.572123903134606371e-01 3.240374675264451332e-01
3.451392660547150104e-01 3.255095683674033569e-01
3.332309994837083789e-01 3.266670322632166945e-01
3.214905884428678196e-01 3.275056814842058905e-01
3.099209885178879631e-01 3.280216331512053607e-01
2.985251122936787294e-01 3.282114091708385195e-01
2.873058286211370715e-01 3.280720420559399275e-01
2.762659618949298013e-01 3.276011729339529110e-01
2.654082913424666845e-01 3.267971383875701297e-01
2.547355503242452190e-01 3.256590432192742468e-01
2.442504256457417311e-01 3.241868167654670119e-01
2.339555568810219865e-01 3.223812509854652175e-01
2.238535357082431787e-01 3.202440191936937186e-01
2.139469052572124941e-01 3.177776749674574575e-01
2.042381594691679014e-01 3.149856314255561895e-01
1.947297424689413692e-01 3.118721217135153045e-01
1.854240479496642724e-01 3.084421421296205668e-01
1.763234185701672008e-01 3.047013798645572535e-01
1.674301453652287108e-01 3.006561277910148600e-01
1.587464671688187945e-01 2.963131891156238762e-01
1.502745700504856119e-01 2.916797749846370968e-01
1.420165867650229341e-01 2.867633983105831175e-01
1.339745962155614034e-01 2.815717671567780078e-01
1.261506229302150617e-01 2.761126809803537974e-01
1.185466365524179277e-01 2.703939328958049337e-01
1.111645513450765232e-01 2.644232208863359079e-01
1.040062257086641351e-01 2.582080705686090050e-01
9.707346171337882801e-02 2.517557717192558941e-01
9.036800464548166989e-02 2.450733303121266082e-01
8.389154256793041053e-02 2.381674373086336283e-01
7.764570589541863743e-02 2.310444549057205088e-01
7.163206698392743377e-02 2.237104203935319224e-01
6.585213973489323358e-02 2.161710672245258369e-01
6.030737921409157209e-02 2.084318623638793944e-01
5.499918128533154427e-02 2.004980584931619902e-01
4.992888225905456334e-02 1.923747591896751430e-01
4.509775855592612626e-02 1.840669948152753033e-01
4.050702638550263135e-02 1.755798065316281076e-01
3.615784144005795842e-02 1.669183356222388448e-01
3.205129860364375194e-02 1.580879151513063241e-01
2.818843167645834757e-02 1.490941609290453718e-01
2.457021311459295365e-02 1.399430587834814277e-01
2.119755378522125699e-02 1.306410452581678039e-01
1.807130273729329328e-02 1.211950790595498623e-01
1.519224698779197968e-02 1.116127008601968118e-01
1.256111132360571148e-02 1.019020794160186982e-01
1.017855811906731578e-02 9.207204236619426219e-02
8.045187169204659483e-03 8.213209054152985356e-02
6.161535538745877005e-03 7.209239509684674252e-02
4.528077426915411152e-03 6.196377729132616224e-02
3.145224048057615462e-03 5.175767125277330044e-02
2.013323528115562588e-03 4.148607056255679271e-02
1.132660816992037134e-03 3.116145997317596242e-02
5.034576168149174080e-04 2.079673400627874216e-02
1.258723261249317105e-04 1.040510456302569733e-02
0.000000000000000000e+00 0.000000000000000000e+00
1.258723261249317105e-04 -1.028703694947557569e-02
5.034576168149174080e-04 -2.055704403555458706e-02
1.132660816992037134e-03 -3.079308753434290002e-02
2.013323528115562588e-03 -4.097854818525225457e-02
3.145224048057615462e-03 -5.109726927014841130e-02
4.528077426915411152e-03 -6.113369397544809319e-02
6.161535538745877005e-03 -7.107298891576920019e-02
8.045187169204659483e-03 -8.090115106838345616e-02
1.017855811906731578e-02 -9.060509581160632042e-02
1.256111132360571148e-02 -1.001727242652401956e-01
1.519224698779197968e-02 -1.095929686834273414e-01
1.807130273729329328e-02 -1.188558152345464830e-01
2.119755378522125699e-02 -1.279523041031125907e-01
2.457021311459295365e-02 -1.368745074483852242e-01
2.818843167645834757e-02 -1.456154863370533459e-01
3.205129860364375194e-02 -1.541692283167845345e-01
3.615784144005795842e-02 -1.625305677983668873e-01
4.050702638550263135e-02 -1.706950918526872474e-01
4.509775855592612626e-02 -1.786590343926272861e-01
4.992888225905456334e-02 -1.864191619889052076e-01
5.499918128533154427e-02 -1.939726547550899294e-01
6.030737921409157209e-02 -2.013169858251508126e-01
6.585213973489323358e-02 -2.084498029344483971e-01
7.163206698392743377e-02 -2.153688155022727979e-01
7.764570589541863743e-02 -2.220716904040612727e-01
8.389154256793041053e-02 -2.285559593201691997e-01
9.036800464548166989e-02 -2.348189401641375129e-01
9.707346171337882801e-02 -2.408576746378009448e-01
1.040062257086641351e-01 -2.466688834465081137e-01
1.111645513450765232e-01 -2.522489401501674666e-01
1.185466365524179277e-01 -2.575938640412034353e-01
1.261506229302150617e-01 -2.626993318461652294e-01
1.339745962155614034e-01 -2.675607074615286018e-01
1.420165867650229341e-01 -2.721730883739754692e-01
1.502745700504856119e-01 -2.765313668983970796e-01
1.587464671688187945e-01 -2.806303039092594709e-01
1.674301453652287108e-01 -2.844646123574474661e-01
1.763234185701672008e-01 -2.880290475679143647e-01
1.854240479496642724e-01 -2.913185011136240621e-01
1.947297424689413692e-01 -2.943280949657995360e-01
2.042381594691679014e-01 -2.970532726337494211e-01
2.139469052572124941e-01 -2.994898841305609904e-01
2.238535357082431787e-01 -3.016342618313866408e-01
2.339555568810219865e-01 -3.034832846231002579e-01
2.442504256457417311e-01 -3.050344281685656855e-01
2.547355503242452190e-01 -3.062857996132649085e-01
2.654082913424666845e-01 -3.072361556312167563e-01
2.762659618949298013e-01 -3.078849033230640075e-01
2.873058286211370715e-01 -3.082320841218270657e-01
2.985251122936787294e-01 -3.082783415094514923e-01
3.099209885178879631e-01 -3.080248739772106781e-01
3.214905884428678196e-01 -3.074733752522147978e-01
3.332309994837083789e-01 -3.066259643380299660e-01
3.451392660547150104e-01 -3.054851083580831239e-01
3.572123903134606371e-01 -3.040535415262995422e-01
3.694473329154774888e-01 -3.023341837829772727e-01
3.818410137793947223e-01 -3.003300627111761822e-01
3.943903128623333920e-01 -2.980442422796587554e-01
4.070920709453594855e-01 -2.954797617368865592e-01
4.199430904288018462e-01 -2.926395876058921486e-01
4.329401361372292589e-01 -2.895265812064730104e-01
4.460799361338897429e-01 -2.861434834691033435e-01
4.593591825444023335e-01 -2.824929180199776124e-01
4.727745323894976259e-01 -2.785774126301086007e-01
4.863226084265935834e-01 -2.743994381603422905e-01
5.000000000000001110e-01 -2.699614631307026835e-01
5.138032638995313484e-01 -2.652660210335001101e-01
5.277289252273172915e-01 -2.603157865361209189e-01
5.417734782725895926e-01 -2.551136558256329456e-01
5.559333873942259308e-01 -2.496628255799340501e-01
5.702050879108284676e-01 -2.439668644571297285e-01
5.845849869981135649e-01 -2.380297706242536226e-01
5.990694645933862805e-01 -2.318560087453707674e-01
6.136548743068714895e-01 -2.254505200621159111e-01
6.283375443396724824e-01 -2.188186997675928835e-01
6.431137784081281117e-01 -2.119663368329182951e-01
6.579798566743311206e-01 -2.048995128235898411e-01
6.729320366825783939e-01 -1.976244580614907320e-01
6.879665543015128781e-01 -1.901473657598225508e-01
7.030796246717250231e-01 -1.824741674844489181e-01
7.182674431585703845e-01 -1.746102764667168961e-01
7.335261863099650226e-01 -1.665603088884390626e-01
7.488520128189207758e-01 -1.583277972454020244e-01
7.642410644905727191e-01 -1.499149142245467248e-01
7.796894672134594417e-01 -1.413222301417081384e-01
7.951933319348093443e-01 -1.325485318084236863e-01
8.107487556395898132e-01 -1.235907356420955505e-01
8.263518223330695855e-01 -1.144439328061862132e-01
8.419986040266501659e-01 -1.051016090576764733e-01
8.576851617267149397e-01 -9.555608666973901266e-02
8.734075464262507360e-01 -8.579924016246098795e-02
8.891618000989889303e-01 -7.582354148137589178e-02
9.049439566958173975e-01 -6.562349357636113045e-02
9.207500431432115162e-01 -5.519751391428194542e-02
9.365760803434354242e-01 -4.455033117058698755e-02
9.524180841762578398e-01 -3.369595905440234129e-02
9.682720665019324269e-01 -2.266131080135522224e-02
9.841340361651920166e-01 -1.149051620045042285e-02
9.999999999999998890e-01 -2.500000000000786641e-04
