9.999999999999998890e-01 2.500000000001514682e-04
9.841340361651920166e-01 2.168194623784985842e-02
9.682720665019324269e-01 4.266515357399977559e-02
9.524180841762578398e-01 6.318356432678522150e-02
9.365760803434354242e-01 8.322785327175122316e-02
9.207500431432115162e-01 1.027936025432549805e-01
9.049439566958173975e-01 1.218798132361012948e-01
8.891618000989889303e-01 1.404877185596972167e-01
8.734075464262507360e-01 1.586198631128874770e-01
8.576851617267149397e-01 1.762794132343663833e-01
8.419986040266501659e-01 1.934696643689289841e-01
8.263518223330695855e-01 2.101937128966022972e-01
8.107487556395898132e-01 2.264542618195518608e-01
7.951933319348093443e-01 2.422535320088495536e-01
7.796894672134594417e-01 2.575932532981559109e-01
7.642410644905727191e-01 2.724747124942243359e-01
7.488520128189207758e-01 2.868988382780146562e-01
7.335261863099650226e-01 3.008663059225637482e-01
7.182674431585703845e-01 3.143776476873730297e-01
7.030796246717250231e-01 3.274333576030313275e-01
6.879665543015128781e-01 3.400339820801299706e-01
6.729320366825783939e-01 3.521801903169315962e-01
6.579798566743311206e-01 3.638728208022402044e-01
6.431137784081281117e-01 3.751129022832427329e-01
6.283375443396724824e-01 3.859016493705822448e-01
6.136548743068714895e-01 3.962404344704457682e-01
5.990694645933862805e-01 4.061307389596153783e-01
5.845849869981135649e-01 4.155740874550790109e-01
5.702050879108284676e-01 4.245719696825399070e-01
5.559333873942259308e-01 4.331257548316315154e-01
5.417734782725895926e-01 4.412366034188279218e-01
5.277289252273172915e-01 4.489053815853815133e-01
5.138032638995313484e-01 4.561325824642262772e-01
5.000000000000001110e-01 4.629182587865154908e-01
4.863226084265935834e-01 4.692619702970074469e-01
4.727745323894976259e-01 4.751627488405716915e-01
4.593591825444023335e-01 4.806190832024681558e-01
4.460799361338897429e-01 4.856289249648916839e-01
4.329401361372292589e-01 4.901897158123063036e-01
4.199430904288018462e-01 4.942984359069856337e-01
4.070920709453594855e-01 4.979516721899054921e-01
3.943903128623333920e-01 5.011457047636104223e-01
3.818410137793947223e-01 5.038766089022244099e-01
3.694473329154774888e-01 5.061403697249701183e-01
3.572123903134606371e-01 5.079330061750103598e-01
3.451392660547150104e-01 5.092507006726535446e-01
3.332309994837083789e-01 5.100899306645816367e-01
3.214905884428678196e-01 5.104475982683983615e-01
3.099209885178879631e-01 5.103211543105198311e-01
2.985251122936787294e-01 5.097087132678801424e-01
2.873058286211370715e-01 5.086091559397877271e-01
2.762659618949298013e-01 5.070222170826114150e-01
2.654082913424666845e-01 5.049485557218136300e-01
2.547355503242452190e-01 5.023898063965256400e-01
2.442504256457417311e-01 4.993486101736913096e-01
2.339555568810219865e-01 4.958286248734984358e-01
2.238535357082431787e-01 4.918345145570447996e-01
2.139469052572124941e-01 4.873719189230940052e-01
2.042381594691679014e-01 4.824474038263880105e-01
1.947297424689413692e-01 4.770683946497145667e-01
1.854240479496642724e-01 4.712430947218925747e-01
1.763234185701672008e-01 4.649803913621903817e-01
1.674301453652287108e-01 4.582897524389354937e-01
1.587464671688187945e-01 4.511811165491283471e-01
1.502745700504856119e-01 4.436647800523737528e-01
1.420165867650229341e-01 4.357512842245555573e-01
1.339745962155614034e-01 4.274513057353857559e-01
1.261506229302150617e-01 4.187755535025912690e-01
1.185466365524179277e-01 4.097346747399865929e-01
1.111645513450765232e-01 4.003391727049775972e-01
1.040062257086641351e-01 3.905993382731584584e-01
9.707346171337882801e-02 3.805251970351517521e-01
9.036800464548166989e-02 3.701264731365594418e-01
8.389154256793041053e-02 3.594125705796457626e-01
7.764570589541863743e-02 3.483925721894344241e-01
7.163206698392743377e-02 3.370752559317528596e-01
6.585213973489323358e-02 3.254691277706055486e-01
6.030737921409157209e-02 3.135824697806862682e-01
5.499918128533154427e-02 3.014234018005020888e-01
4.992888225905456334e-02 2.889999545338358122e-01
4.509775855592612626e-02 2.763201516918816769e-01
4.050702638550263135e-02 2.633920985233632606e-01
3.615784144005795842e-02 2.502240739112909784e-01
3.205129860364375194e-02 2.368246231265767054e-01
2.818843167645834757e-02 2.232026483222339652e-01
2.457021311459295365e-02 2.093674939267675394e-01
2.119755378522125699e-02 1.953290242489106876e-01
1.807130273729329328e-02 1.810976908332808666e-01
1.519224698779197968e-02 1.666845874010635387e-01
1.256111132360571148e-02 1.521014905629941294e-01
1.017855811906731578e-02 1.373608848937050431e-01
8.045187169204659483e-03 1.224759713956832946e-01
6.161535538745877005e-03 1.074606588455080530e-01
4.528077426915411152e-03 9.232953799188650668e-02
3.145224048057615462e-03 7.709783905132792936e-02
2.013323528115562588e-03 6.178137341000574517e-02
1.132660816992037134e-03 4.639646087703955257e-02
5.034576168149174080e-04 3.095984423320690196e-02
1.258723261249317105e-04 1.548859316924098076e-02
0.000000000000000000e+00 0.000000000000000000e+00
1.258723261249317105e-04 -1.522627390744335160e-02
5.034576168149174080e-04 -3.042454812383226306e-02
1.132660816992037134e-03 -4.556704627364294852e-02
2.013323528115562588e-03 -6.062655745507356669e-02
3.145224048057615462e-03 -7.557670156839395303e-02
4.528077426915411152e-03 -9.039217429196545750e-02
6.161535538745877005e-03 -1.050489658174263569e-01
8.045187169204659483e-03 -1.195245481905213569e-01
1.017855811906731578e-02 -1.337980269829057989e-01
1.256111132360571148e-02 -1.478502540180573754e-01
1.519224698779197968e-02 -1.616638989628434164e-01
1.807130273729329328e-02 -1.752234787442409347e-01
2.119755378522125699e-02 -1.885153449255337066e-01
2.457021311459295365e-02 -2.015276303442754824e-01
2.818843167645834757e-02 -2.142501574419254651e-01
3.205129860364375194e-02 -2.266743117697847254e-01
3.615784144005795842e-02 -2.387928851071476066e-01
4.050702638550263135e-02 -2.505998934476841300e-01
4.509775855592612626e-02 -2.620903757749381002e-01
4.992888225905456334e-02 -2.732601800376902035e-01
5.499918128533154427e-02 -2.841057430360754421e-01
6.030737921409157209e-02 -2.946238710303576425e-01
6.585213973489323358e-02 -3.048115277826036196e-01
7.163206698392743377e-02 -3.146656364394069261e-01
7.764570589541863743e-02 -3.241829011695649965e-01
8.389154256793041053e-02 -3.333596537981218244e-01
9.036800464548166989e-02 -3.421917298468669100e-01
9.707346171337882801e-02 -3.506743774255187129e-01
1.040062257086641351e-01 -3.588022013460419601e-01
1.111645513450765232e-01 -3.665691436869708553e-01
1.185466365524179277e-01 -3.739685008500443497e-01
1.261506229302150617e-01 -3.809929759643481129e-01
1.339745962155614034e-01 -3.876347643405932963e-01
1.420165867650229341e-01 -3.938856685967918603e-01
1.502745700504856119e-01 -3.997372391014716309e-01
1.587464671688187945e-01 -4.051809345441813037e-01
1.674301453652287108e-01 -4.102082967741337849e-01
1.763234185701672008e-01 -4.148111335705713665e-01
1.854240479496642724e-01 -4.189817027415100315e-01
1.947297424689413692e-01 -4.227128909033794346e-01
2.042381594691679014e-01 -4.259983804784580053e-01
2.139469052572124941e-01 -4.288327988584675898e-01
2.238535357082431787e-01 -4.312118443124580147e-01
2.339555568810219865e-01 -4.331323840490673982e-01
2.442504256457417311e-01 -4.345925208541852602e-01
2.547355503242452190e-01 -4.355916258850492384e-01
2.654082913424666845e-01 -4.361303364750100942e-01
2.762659618949298013e-01 -4.362105191485134981e-01
2.873058286211370715e-01 -4.358351994180942324e-01
2.985251122936787294e-01 -4.350084612862963884e-01
3.099209885178879631e-01 -4.337353206557890695e-01
3.214905884428678196e-01 -4.320215780108549453e-01
3.332309994837083789e-01 -4.298736567247126716e-01
3.451392660547150104e-01 -4.272984341246730544e-01
3.572123903134606371e-01 -4.243030729705196125e-01
3.694473329154774888e-01 -4.208948612366195108e-01
3.818410137793947223e-01 -4.170810680087023714e-01
3.943903128623333920e-01 -4.128688228947269834e-01
4.070920709453594855e-01 -4.082650255988397592e-01
4.199430904288018462e-01 -4.032762912224320262e-01
4.329401361372292589e-01 -3.979089354531816780e-01
4.460799361338897429e-01 -3.921690021106069013e-01
4.593591825444023335e-01 -3.860623335767598419e-01
4.727745323894976259e-01 -3.795946825074119069e-01
4.863226084265935834e-01 -3.727718609586986864e-01
5.000000000000001110e-01 -3.655999207541493767e-01
5.138032638995313484e-01 -3.580853566447785852e-01
5.277289252273172915e-01 -3.502353216763811616e-01
5.417734782725895926e-01 -3.420578422758376869e-01
5.559333873942259308e-01 -3.335620190089699233e-01
5.702050879108284676e-01 -3.247581978551307702e-01
5.845849869981135649e-01 -3.156580962962784453e-01
5.990694645933862805e-01 -3.062748686352075866e-01
6.136548743068714895e-01 -2.966230958366007919e-01
6.283375443396724824e-01 -2.867186869135909810e-01
6.431137784081281117e-01 -2.765786815366945706e-01
6.579798566743311206e-01 -2.662209471804505290e-01
6.729320366825783939e-01 -2.556637687862176045e-01
6.879665543015128781e-01 -2.449253346261162090e-01
7.030796246717250231e-01 -2.340231287977999619e-01
7.182674431585703845e-01 -2.229732485312698187e-01
7.335261863099650226e-01 -2.117896731881015182e-01
7.488520128189207758e-01 -2.004835213920558301e-01
7.642410644905727191e-01 -1.890623430301399677e-01
7.796894672134594417e-01 -1.775295037569571133e-01
7.951933319348093443e-01 -1.658837309454892495e-01
8.107487556395898132e-01 -1.541189015488780567e-01
8.263518223330695855e-01 -1.422241638385103868e-01
8.419986040266501659e-01 -1.301844962079695134e-01
8.576851617267149397e-01 -1.179818169036031122e-01
8.734075464262507360e-01 -1.055967683668860152e-01
8.891618000989889303e-01 -9.301130854510411550e-02
9.049439566958173975e-01 -8.021224873103427466e-02
9.207500431432115162e-01 -6.719588291286972270e-02
9.365760803434354242e-01 -5.397385693979224464e-02
9.524180841762578398e-01 -4.058042673327054428e-02
9.682720665019324269e-01 -2.708125301250741482e-02
9.841340361651920166e-01 -1.358387529046554618e-02
9.999999999999998890e-01 -2.500000000000922166e-04
