9.999999999999998890e-01 2.500000000002736578e-04
9.841340361651920166e-01 3.515507623525558623e-02
9.682720665019324269e-01 6.284687839378816365e-02
9.524180841762578398e-01 8.489374448860258215e-02
9.365760803434354242e-01 1.025820590380856906e-01
9.207500431432115162e-01 1.169550161294025947e-01
9.049439566958173975e-01 1.288478421365457094e-01
8.891618000989889303e-01 1.389195597943391203e-01
8.734075464262507360e-01 1.476814085990933167e-01
8.576851617267149397e-01 1.555220646421761888e-01
8.419986040266501659e-01 1.627298260849250056e-01
8.263518223330695855e-01 1.695119487175937301e-01
8.107487556395898132e-01 1.760113296344750777e-01
7.951933319348093443e-01 1.823207462746934127e-01
7.796894672134594417e-01 1.884948632376755584e-01
7.642410644905727191e-01 1.945602207314895415e-01
7.488520128189207758e-01 2.005234166237178095e-01
7.335261863099650226e-01 2.063776892280358155e-01
7.182674431585703845e-01 2.121081005743571668e-01
7.030796246717250231e-01 2.176955103776054834e-01
6.879665543015128781e-01 2.231195196365755307e-01
6.729320366825783939e-01 2.283605501458975118e-01
6.579798566743311206e-01 2.334012125604284782e-01
6.431137784081281117e-01 2.382271013609975063e-01
6.283375443396724824e-01 2.428271404566494374e-01
6.136548743068714895e-01 2.471935885162006574e-01
5.990694645933862805e-01 2.513217987148471666e-01
5.845849869981135649e-01 2.552098136406916185e-01
5.702050879108284676e-01 2.588578628284839978e-01
5.559333873942259308e-01 2.622678179364076323e-01
5.417734782725895926e-01 2.654426490853227794e-01
5.277289252273172915e-01 2.683859154343515852e-01
5.138032638995313484e-01 2.711013137363649239e-01
5.000000000000001110e-01 2.735923004364425037e-01
4.863226084265935834e-01 2.758617958530459324e-01
4.727745323894976259e-01 2.779119730980904035e-01
4.593591825444023335e-01 2.797441296091987550e-01
4.460799361338897429e-01 2.813586354273248658e-01
4.329401361372292589e-01 2.827549495823013515e-01
4.199430904288018462e-01 2.839316940620308927e-01
4.070920709453594855e-01 2.848867737432019820e-01
3.943903128623333920e-01 2.856175302517021675e-01
3.818410137793947223e-01 2.861209178952851540e-01
3.694473329154774888e-01 2.863936904650615234e-01
3.572123903134606371e-01 2.864325887335519294e-01
3.451392660547150104e-01 2.862345197871213887e-01
3.332309994837083789e-01 2.857967208274362347e-01
3.214905884428678196e-01 2.851169016756355257e-01
3.099209885178879631e-01 2.841933618385545923e-01
2.985251122936787294e-01 2.830250795827639054e-01
2.873058286211370715e-01 2.816117719539276143e-01
2.762659618949298013e-01 2.799539260312525757e-01
2.654082913424666845e-01 2.780528028854360456e-01
2.547355503242452190e-01 2.759104166897262678e-01
2.442504256457417311e-01 2.735294922035257370e-01
2.339555568810219865e-01 2.709134044015318321e-01
2.238535357082431787e-01 2.680661043621142547e-01
2.139469052572124941e-01 2.649920356670011912e-01
2.042381594691679014e-01 2.616960455170197486e-01
1.947297424689413692e-01 2.581832945570937121e-01
1.854240479496642724e-01 2.544591690530887407e-01
1.763234185701672008e-01 2.505291986010140248e-01
1.674301453652287108e-01 2.463989820044429901e-01
1.587464671688187945e-01 2.420741233578848628e-01
1.502745700504856119e-01 2.375601797505314527e-01
1.420165867650229341e-01 2.328626213828828562e-01
1.339745962155614034e-01 2.279868042924063920e-01
1.261506229302150617e-01 2.229379553346241827e-01
1.185466365524179277e-01 2.177211685804297525e-01
1.111645513450765232e-01 2.123414118826380259e-01
1.040062257086641351e-01 2.068035420444278849e-01
9.707346171337882801e-02 2.011123267950248594e-01
9.036800464548166989e-02 1.952724716453228815e-01
8.389154256793041053e-02 1.892886496560899356e-01
7.764570589541863743e-02 1.831655321984886065e-01
7.163206698392743377e-02 1.769078189124777822e-01
6.585213973489323358e-02 1.705202652624059623e-01
6.030737921409157209e-02 1.640077063380344646e-01
5.499918128533154427e-02 1.573750758392920279e-01
4.992888225905456334e-02 1.506274194995255999e-01
4.509775855592612626e-02 1.437699025299663536e-01
4.050702638550263135e-02 1.368078109931257225e-01
3.615784144005795842e-02 1.297465473213605391e-01
3.205129860364375194e-02 1.225916204767374396e-01
2.818843167645834757e-02 1.153486314892675085e-01
2.457021311459295365e-02 1.080232553042655280e-01
2.119755378522125699e-02 1.006212200100575493e-01
1.807130273729329328e-02 9.314828460094401463e-02
1.519224698779197968e-02 8.561021645613731135e-02
1.256111132360571148e-02 7.801276968463008443e-02
1.017855811906731578e-02 7.036166540218818932e-02
8.045187169204659483e-03 6.266257487551456229e-02
6.161535538745877005e-03 5.492110629750002193e-02
4.528077426915411152e-03 4.714279575514988135e-02
3.145224048057615462e-03 3.933310272816456510e-02
2.013323528115562588e-03 3.149741022168774107e-02
1.132660816992037134e-03 2.364102940219841437e-02
5.034576168149174080e-04 1.576920838136741665e-02
1.258723261249317105e-04 7.887144588816384985e-03
0.000000000000000000e+00 0.000000000000000000e+00
1.258723261249317105e-04 -7.631977226438112910e-03
5.034576168149174080e-04 -1.524618797882244976e-02
1.132660816992037134e-03 -2.282502266319653625e-02
2.013323528115562588e-03 -3.035130532068594858e-02
3.145224048057615462e-03 -3.780849560771649270e-02
4.528077426915411152e-03 -4.518087348249277130e-02
6.161535538745877005e-03 -5.245370168301409508e-02
8.045187169204659483e-03 -5.961336177558407973e-02
1.017855811906731578e-02 -6.664746037761995479e-02
1.256111132360571148e-02 -7.354490308836240942e-02
1.519224698779197968e-02 -8.029593466620063569e-02
1.807130273729329328e-02 -8.689214503959452607e-02
2.119755378522125699e-02 -9.332644179645642468e-02
2.457021311459295365e-02 -9.959299083023684385e-02
2.818843167645834757e-02 -1.056871277964955558e-01
3.205129860364375194e-02 -1.116052439196955764e-01
3.615784144005795842e-02 -1.173446504573820715e-01
4.050702638550263135e-02 -1.229034267524783119e-01
4.509775855592612626e-02 -1.282802572633708338e-01
4.992888225905456334e-02 -1.334742632401864915e-01
5.499918128533154427e-02 -1.384848348044286359e-01
6.030737921409157209e-02 -1.433114690843287353e-01
6.585213973489323358e-02 -1.479536197626833693e-01
7.163206698392743377e-02 -1.524105629167334941e-01
7.764570589541863743e-02 -1.566812833861836451e-01
8.389154256793041053e-02 -1.607643851168745475e-01
9.036800464548166989e-02 -1.646580280202745161e-01
9.707346171337882801e-02 -1.683598928936231032e-01
1.040062257086641351e-01 -1.718671748965245605e-01
1.111645513450765232e-01 -1.751766050137860686e-01
1.185466365524179277e-01 -1.782844978893187160e-01
1.261506229302150617e-01 -1.811868234299988667e-01
1.339745962155614034e-01 -1.838792986882694935e-01
1.420165867650229341e-01 -1.863574957721695347e-01
1.502745700504856119e-01 -1.886169609318033569e-01
1.587464671688187945e-01 -1.906533395574434020e-01
1.674301453652287108e-01 -1.924625016159004220e-01
1.763234185701672008e-01 -1.940406620609582411e-01
1.854240479496642724e-01 -1.953844909853988676e-01
1.947297424689413692e-01 -1.964912087331192325e-01
2.042381594691679014e-01 -1.973586618483814392e-01
2.139469052572124941e-01 -1.979853765852839509e-01
2.238535357082431787e-01 -1.983705877059574740e-01
2.339555568810219865e-01 -1.985142414251632459e-01
2.442504256457417311e-01 -1.984169725696364739e-01
2.547355503242452190e-01 -1.980800572649359659e-01
2.654082913424666845e-01 -1.975053436888710989e-01
2.762659618949298013e-01 -1.966951645844610685e-01
2.873058286211370715e-01 -1.956522362518366420e-01
2.985251122936787294e-01 -1.943795495838741283e-01
3.099209885178879631e-01 -1.928802593243935937e-01
3.214905884428678196e-01 -1.911575780657670531e-01
3.332309994837083789e-01 -1.892146815278052119e-01
3.451392660547150104e-01 -1.870546313446318221e-01
3.572123903134606371e-01 -1.846803209155219450e-01
3.694473329154774888e-01 -1.820944488475191025e-01
3.818410137793947223e-01 -1.792995231452938210e-01
3.943903128623333920e-01 -1.762978976167052514e-01
4.070920709453594855e-01 -1.730918400075995844e-01
4.199430904288018462e-01 -1.696836292208279695e-01
4.329401361372292589e-01 -1.660756766942284857e-01
4.460799361338897429e-01 -1.622706647093335730e-01
4.593591825444023335e-01 -1.582716921918817798e-01
4.727745323894976259e-01 -1.540824165762554321e-01
4.863226084265935834e-01 -1.497071786805553584e-01
5.000000000000001110e-01 -1.451510964286066296e-01
5.138032638995313484e-01 -1.404201128177901547e-01
5.277289252273172915e-01 -1.355209839280743234e-01
5.417734782725895926e-01 -1.304611941577311918e-01
5.559333873942259308e-01 -1.252487884090797976e-01
5.702050879108284676e-01 -1.198921147770827395e-01
5.845849869981135649e-01 -1.143994765433875294e-01
5.990694645933862805e-01 -1.087786990569216128e-01
6.136548743068714895e-01 -1.030366254726843428e-01
6.283375443396724824e-01 -9.717856537607839906e-02
6.431137784081281117e-01 -9.120773205937710015e-02
6.579798566743311206e-01 -8.512471761902805356e-02
6.729320366825783939e-01 -7.892707004379946600e-02
6.879665543015128781e-01 -7.260905295445956031e-02
7.030796246717250231e-01 -6.616168647713936701e-02
7.182674431585703845e-01 -5.957318667569730386e-02
7.335261863099650226e-01 -5.282994077284210166e-02
7.488520128189207758e-01 -4.591817574388515344e-02
7.642410644905727191e-01 -3.882649840921643253e-02
7.796894672134594417e-01 -3.154950547271723194e-02
7.951933319348093443e-01 -2.409268160001578479e-02
8.107487556395898132e-01 -1.647882210991928262e-02
8.263518223330695855e-01 -8.756233638047710571e-03
8.419986040266501659e-01 -1.008980670447694140e-03
8.576851617267149397e-01 6.630542435072499415e-03
8.734075464262507360e-01 1.396642600248242799e-02
8.891618000989889303e-01 2.072115389034361738e-02
9.049439566958173975e-01 2.651431458173489353e-02
9.207500431432115162e-01 3.083782776193164446e-02
9.365760803434354242e-01 3.302741056017982624e-02
9.524180841762578398e-01 3.223002463765055337e-02
9.682720665019324269e-01 2.736706879805212572e-02
9.841340361651920166e-01 1.709311211833645927e-02
9.999999999999998890e-01 -2.499999999998494095e-04
