9.999999999999998890e-01 2.500000000000311218e-04
9.841340361651920166e-01 4.690903488301294971e-03
9.682720665019324269e-01 9.099378891569814484e-03
9.524180841762578398e-01 1.345285625173260960e-02
9.365760803434354242e-01 1.773495052487815068e-02
9.207500431432115162e-01 2.193441962650650653e-02
9.049439566958173975e-01 2.604420471660993941e-02
8.891618000989889303e-01 3.006055772507114365e-02
8.734075464262507360e-01 3.398225934186097086e-02
8.576851617267149397e-01 3.780992898796990687e-02
8.419986040266501659e-01 4.154542666620544833e-02
8.263518223330695855e-01 4.519134508768873904e-02
8.107487556395898132e-01 4.875058909902194038e-02
7.951933319348093443e-01 5.222603821256865259e-02
7.796894672134594417e-01 5.562028698077119138e-02
7.642410644905727191e-01 5.893545706428242326e-02
7.488520128189207758e-01 6.217307412889865048e-02
7.335261863099650226e-01 6.533400217048238035e-02
7.182674431585703845e-01 6.841842750959932495e-02
7.030796246717250231e-01 7.142588451466110044e-02
6.879665543015128781e-01 7.435531509716762633e-02
6.729320366825783939e-01 7.720515416565670863e-02
6.579798566743311206e-01 7.997343351417134094e-02
6.431137784081281117e-01 8.265789704227642642e-02
6.283375443396724824e-01 8.525612074088398384e-02
6.136548743068714895e-01 8.776563151389769890e-02
5.990694645933862805e-01 9.018401962141121830e-02
5.845849869981135649e-01 9.250904030660966892e-02
5.702050879108284676e-01 9.473870098606815282e-02
5.559333873942259308e-01 9.687133122229817095e-02
5.417734782725895926e-01 9.890563353911452360e-02
5.277289252273172915e-01 1.008407139664111163e-01
5.138032638995313484e-01 1.026760919941101524e-01
5.000000000000001110e-01 1.044116903596633700e-01
4.863226084265935834e-01 1.060478057755001591e-01
4.727745323894976259e-01 1.075850623100979286e-01
4.593591825444023335e-01 1.090243496588339522e-01
4.460799361338897429e-01 1.103667489706196686e-01
4.329401361372292589e-01 1.116134492279678980e-01
4.199430904288018462e-01 1.127656574083762270e-01
4.070920709453594855e-01 1.138245057828423529e-01
3.943903128623333920e-01 1.147909597343258897e-01
3.818410137793947223e-01 1.156657294085887133e-01
3.694473329154774888e-01 1.164491883476545531e-01
3.572123903134606371e-01 1.171413020095599666e-01
3.451392660547150104e-01 1.177415687561876312e-01
3.332309994837083789e-01 1.182489755042653995e-01
3.214905884428678196e-01 1.186619697946851015e-01
3.099209885178879631e-01 1.189784495546365867e-01
2.985251122936787294e-01 1.191957713187146856e-01
2.873058286211370715e-01 1.193107771524794247e-01
2.762659618949298013e-01 1.193198399982527691e-01
2.654082913424666845e-01 1.192189266512376777e-01
2.547355503242452190e-01 1.190036770867921312e-01
2.442504256457417311e-01 1.186694984084840365e-01
2.339555568810219865e-01 1.182116712819362425e-01
2.238535357082431787e-01 1.176254663706988307e-01
2.139469052572124941e-01 1.169062680052661285e-01
2.042381594691679014e-01 1.160497021010917229e-01
1.947297424689413692e-01 1.150517652005500074e-01
1.854240479496642724e-01 1.139089514499688760e-01
1.763234185701672008e-01 1.126183743370345880e-01
1.674301453652287108e-01 1.111778801051709203e-01
1.587464671688187945e-01 1.095861499272842154e-01
1.502745700504856119e-01 1.078427881572486258e-01
1.420165867650229341e-01 1.059483942778203930e-01
1.339745962155614034e-01 1.039046165210719130e-01
1.261506229302150617e-01 1.017141855434203490e-01
1.185466365524179277e-01 9.938092698239590905e-02
1.111645513450765232e-01 9.690975219611289160e-02
1.040062257086641351e-01 9.430662697808277206e-02
9.707346171337882801e-02 9.157851853831133759e-02
9.036800464548166989e-02 8.873332153523887100e-02
8.389154256793041053e-02 8.577976442087366371e-02
7.764570589541863743e-02 8.272729781268974014e-02
7.163206698392743377e-02 7.958596702041982607e-02
6.585213973489323358e-02 7.636627122452122052e-02
6.030737921409157209e-02 7.307901211763576099e-02
5.499918128533154427e-02 6.973513507382768373e-02
4.992888225905456334e-02 6.634556609715717979e-02
4.509775855592612626e-02 6.292104791710337319e-02
4.050702638550263135e-02 5.947197864091508662e-02
3.615784144005795842e-02 5.600825634119257351e-02
3.205129860364375194e-02 5.253913285153589963e-02
2.818843167645834757e-02 4.907307986622194002e-02
2.457021311459295365e-02 4.561767019538565116e-02
2.119755378522125699e-02 4.217947672037338641e-02
1.807130273729329328e-02 3.876399123140684966e-02
1.519224698779197968e-02 3.537556491926806268e-02
1.256111132360571148e-02 3.201737184321559043e-02
1.017855811906731578e-02 2.869139621844269891e-02
8.045187169204659483e-03 2.539844386837684237e-02
6.161535538745877005e-03 2.213817768069584885e-02
4.528077426915411152e-03 1.890917640195409824e-02
3.145224048057615462e-03 1.570901561499603305e-02
2.013323528115562588e-03 1.253436927637238511e-02
1.132660816992037134e-03 9.381129757792492155e-03
5.034576168149174080e-04 6.244543945499379280e-03
1.258723261249317105e-04 3.119362612692626758e-03
0.000000000000000000e+00 0.000000000000000000e+00
1.258723261249317105e-04 -2.700347425078804698e-03
5.034576168149174080e-04 -5.386387062800172473e-03
1.132660816992037134e-03 -8.043993784426495264e-03
2.013323528115562588e-03 -1.065952829192600218e-02
3.145224048057615462e-03 -1.322006673062199773e-02
4.528077426915411152e-03 -1.571361467931296080e-02
6.161535538745877005e-03 -1.812930088500919884e-02
8.045187169204659483e-03 -2.045754658416714528e-02
1.017855811906731578e-02 -2.269020682392633437e-02
1.256111132360571148e-02 -2.482068085161662219e-02
1.519224698779197968e-02 -2.684398936295018592e-02
1.807130273729329328e-02 -2.875681717145318200e-02
2.119755378522125699e-02 -3.055752066525685429e-02
2.457021311459295365e-02 -3.224610023299825240e-02
2.818843167645834757e-02 -3.382413864865556341e-02
3.205129860364375194e-02 -3.529470718620882769e-02
3.615784144005795842e-02 -3.666224197028975645e-02
4.050702638550263135e-02 -3.793239374078695436e-02
4.509775855592612626e-02 -3.911185480158396732e-02
4.992888225905456334e-02 -4.020816742204075950e-02
5.499918128533154427e-02 -4.122951835260193348e-02
6.030737921409157209e-02 -4.218452439372593482e-02
6.585213973489323358e-02 -4.308201411371303385e-02
7.163206698392743377e-02 -4.393081084248059986e-02
7.764570589541863743e-02 -4.473952197450936641e-02
8.389154256793041053e-02 -4.551633939777187388e-02
9.036800464548166989e-02 -4.626885553222875175e-02
9.707346171337882801e-02 -4.700389902012504229e-02
1.040062257086641351e-01 -4.772739357224337758e-02
1.111645513450765232e-01 -4.844424285332313285e-02
1.185466365524179277e-01 -4.915824360199530507e-02
1.261506229302150617e-01 -4.987202844349093722e-02
1.339745962155614034e-01 -5.058703908602278643e-02
1.420165867650229341e-01 -5.130352981389343925e-02
1.502745700504856119e-01 -5.202060042214510377e-02
1.587464671688187945e-01 -5.273625699883845858e-02
1.674301453652287108e-01 -5.344749827103297685e-02
1.763234185701672008e-01 -5.415042460723564627e-02
1.854240479496642724e-01 -5.484036622881496154e-02
1.947297424689413692e-01 -5.551202673984870911e-02
2.042381594691679014e-01 -5.615963775079470255e-02
2.139469052572124941e-01 -5.677712015510555377e-02
2.238535357082431787e-01 -5.735824752521755110e-02
2.339555568810219865e-01 -5.789680712769445375e-02
2.442504256457417311e-01 -5.838675421576504376e-02
2.547355503242452190e-01 -5.882235553669210720e-02
2.654082913424666845e-01 -5.919831838362234894e-02
2.762659618949298013e-01 -5.950990201584901301e-02
2.873058286211370715e-01 -5.975300885385730759e-02
2.985251122936787294e-01 -5.992425350955130070e-02
3.099209885178879631e-01 -6.002100841885947557e-02
3.214905884428678196e-01 -6.004142558288052406e-02
3.332309994837083789e-01 -5.998443467299807708e-02
3.451392660547150104e-01 -5.984971849241597919e-02
3.572123903134606371e-01 -5.963766748872718904e-02
3.694473329154774888e-01 -5.934931565736498160e-02
3.818410137793947223e-01 -5.898626074323568003e-02
3.943903128623333920e-01 -5.855057211845034193e-02
4.070920709453594855e-01 -5.804469007125396401e-02
4.199430904288018462e-01 -5.747132047136469662e-02
4.329401361372292589e-01 -5.683332886986269122e-02
4.460799361338897429e-01 -5.613363804131034362e-02
4.593591825444023335e-01 -5.537513278003567546e-02
4.727745323894976259e-01 -5.456057542409726430e-02
4.863226084265935834e-01 -5.369253510669665108e-02
5.000000000000001110e-01 -5.277333313775609686e-02
5.138032638995313484e-01 -5.180500621473403677e-02
5.277289252273172915e-01 -5.078928837263241985e-02
5.417734782725895926e-01 -4.972761173380418204e-02
5.559333873942259308e-01 -4.862112523748864795e-02
5.702050879108284676e-01 -4.747072964898468861e-02
5.845849869981135649e-01 -4.627712630342132455e-02
5.990694645933862805e-01 -4.504087626526352695e-02
6.136548743068714895e-01 -4.376246591884344617e-02
6.283375443396724824e-01 -4.244237448404802882e-02
6.431137784081281117e-01 -4.108113861042612946e-02
6.579798566743311206e-01 -3.967940907588852345e-02
6.729320366825783939e-01 -3.823799473320987213e-02
6.879665543015128781e-01 -3.675788923491606769e-02
7.030796246717250231e-01 -3.524027674594643750e-02
7.182674431585703845e-01 -3.368651383879554123e-02
7.335261863099650226e-01 -3.209808606587839092e-02
7.488520128189207758e-01 -3.047653931926451107e-02
7.642410644905727191e-01 -2.882338801114187748e-02
7.796894672134594417e-01 -2.714000432320760881e-02
7.951933319348093443e-01 -2.542749525451410905e-02
8.107487556395898132e-01 -2.368657691093552925e-02
8.263518223330695855e-01 -2.191745838219060286e-02
8.419986040266501659e-01 -2.011975059236574548e-02
8.576851617267149397e-01 -1.829241862698413948e-02
8.734075464262507360e-01 -1.643379916613726260e-02
8.891618000989889303e-01 -1.454170771461169714e-02
9.049439566958173975e-01 -1.261366323624173863e-02
9.207500431432115162e-01 -1.064726048645640161e-02
9.365760803434354242e-01 -8.640722706757156257e-03
9.524180841762578398e-01 -6.593669308858457825e-03
9.682720665019324269e-01 -4.508134645938634624e-03
9.841340361651920166e-01 -2.389874857473125655e-03
9.999999999999998890e-01 -2.500000000000149672e-04
