9.999999999999998890e-01 2.500000000000630516e-04
9.841340361651920166e-01 9.248932104507280941e-03
9.682720665019324269e-01 1.817670452360829747e-02
9.524180841762578398e-01 2.698739573109747159e-02
9.365760803434354242e-01 3.564978475278699627e-02
9.207500431432115162e-01 4.414420528254531934e-02
9.049439566958173975e-01 5.245982819055924895e-02
8.891618000989889303e-01 6.059234622991069991e-02
8.734075464262507360e-01 6.854203214260361221e-02
8.576851617267149397e-01 7.631213947591371227e-02
8.419986040266501659e-01 8.390761420723563679e-02
8.263518223330695855e-01 9.133408469570847288e-02
8.107487556395898132e-01 9.859709748065592638e-02
7.951933319348093443e-01 1.057015669740515029e-01
7.796894672134594417e-01 1.126514080867547368e-01
7.642410644905727191e-01 1.194493222235825519e-01
7.488520128189207758e-01 1.260967088164626215e-01
7.335261863099650226e-01 1.325936765739111067e-01
7.182674431585703845e-01 1.389391308457719465e-01
7.030796246717250231e-01 1.451309158733826987e-01
6.879665543015128781e-01 1.511659931587759631e-01
6.729320366825783939e-01 1.570406396875152488e-01
6.579798566743311206e-01 1.627506522279409951e-01
6.431137784081281117e-01 1.682915463594849281e-01
6.283375443396724824e-01 1.736587412141057662e-01
6.136548743068714895e-01 1.788477231132141465e-01
5.990694645933862805e-01 1.838541833188871155e-01
5.845849869981135649e-01 1.886741269697411461e-01
5.702050879108284676e-01 1.933039519213674839e-01
5.559333873942259308e-01 1.977404976471872355e-01
5.417734782725895926e-01 2.019810655718082548e-01
5.277289252273172915e-01 2.060234132043659572e-01
5.138032638995313484e-01 2.098657252174598864e-01
5.000000000000001110e-01 2.135065651859136548e-01
4.863226084265935834e-01 2.169448120701064908e-01
4.727745323894976259e-01 2.201795857156149672e-01
4.593591825444023335e-01 2.232101656614860485e-01
4.460799361338897429e-01 2.260359074227557552e-01
4.329401361372292589e-01 2.286561601593698756e-01
4.199430904288018462e-01 2.310701892848431582e-01
4.070920709453594855e-01 2.332771071255403672e-01
3.943903128623333920e-01 2.352758142369188454e-01
3.818410137793947223e-01 2.370649534373603651e-01
3.694473329154774888e-01 2.386428780532003635e-01
3.572123903134606371e-01 2.400076352987293160e-01
3.451392660547150104e-01 2.411569651590398378e-01
3.332309994837083789e-01 2.420883146164883315e-01
3.214905884428678196e-01 2.427988665759253095e-01
3.099209885178879631e-01 2.432855824102181652e-01
2.985251122936787294e-01 2.435452566741249103e-01
2.873058286211370715e-01 2.435745822271670469e-01
2.762659618949298013e-01 2.433702237684248204e-01
2.654082913424666845e-01 2.429288976196476157e-01
2.547355503242452190e-01 2.422474554971799643e-01
2.442504256457417311e-01 2.413229699856333510e-01
2.339555568810219865e-01 2.401528194629671542e-01
2.238535357082431787e-01 2.387347703223210160e-01
2.139469052572124941e-01 2.370670544840283445e-01
2.042381594691679014e-01 2.351484403843077664e-01
1.947297424689413692e-01 2.329782958571208762e-01
1.854240479496642724e-01 2.305566415841587835e-01
1.763234185701672008e-01 2.278841940662999221e-01
1.674301453652287108e-01 2.249623973596922566e-01
1.587464671688187945e-01 2.217934431126872274e-01
1.502745700504856119e-01 2.183802787285227254e-01
1.420165867650229341e-01 2.147266037559097396e-01
1.339745962155614034e-01 2.108368548693168587e-01
1.261506229302150617e-01 2.067161800374535119e-01
1.185466365524179277e-01 2.023704026878943296e-01
1.111645513450765232e-01 1.978059768546377162e-01
1.040062257086641351e-01 1.930299344413662632e-01
9.707346171337882801e-02 1.880498258449849469e-01
9.036800464548166989e-02 1.828736552613604849e-01
8.389154256793041053e-02 1.775098120386564560e-01
7.764570589541863743e-02 1.719669994546842440e-01
7.163206698392743377e-02 1.662541622754050707e-01
6.585213973489323358e-02 1.603804144048743829e-01
6.030737921409157209e-02 1.543549678657435420e-01
5.499918128533154427e-02 1.481870642575110752e-01
4.992888225905456334e-02 1.418859097308730055e-01
4.509775855592612626e-02 1.354606143946553432e-01
4.050702638550263135e-02 1.289201369408319309e-01
3.615784144005795842e-02 1.222732351368118753e-01
3.205129860364375194e-02 1.155284226960403837e-01
2.818843167645834757e-02 1.086939329012549388e-01
2.457021311459295365e-02 1.017776892223007101e-01
2.119755378522125699e-02 9.478728304466615961e-02
1.807130273729329328e-02 8.772995850779573279e-02
1.519224698779197968e-02 8.061260434525156782e-02
1.256111132360571148e-02 7.344175252290573164e-02
1.017855811906731578e-02 6.622358338708807246e-02
8.045187169204659483e-03 5.896393696207347102e-02
6.161535538745877005e-03 5.166832997519046206e-02
4.528077426915411152e-03 4.434197813752126932e-02
3.145224048057615462e-03 3.698982316780003582e-02
2.013323528115562588e-03 2.961656401555240112e-02
1.132660816992037134e-03 2.222669171561873769e-02
5.034576168149174080e-04 1.482452728866829814e-02
1.258723261249317105e-04 7.414262089928800974e-03
0.000000000000000000e+00 0.000000000000000000e+00
1.258723261249317105e-04 -7.134918629310439339e-03
5.034576168149174080e-04 -1.425242269584944994e-02
1.132660816992037134e-03 -2.133526772700768820e-02
2.013323528115562588e-03 -2.836667001772906482e-02
3.145224048057615462e-03 -3.533052390177605223e-02
4.528077426915411152e-03 -4.221160364469367376e-02
6.161535538745877005e-03 -4.899574543270192317e-02
8.045187169204659483e-03 -5.567000542662904616e-02
1.017855811906731578e-02 -6.222279044453988411e-02
1.256111132360571148e-02 -6.864395851578442009e-02
1.519224698779197968e-02 -7.492488729550950133e-02
1.807130273729329328e-02 -8.105850912318239565e-02
2.119755378522125699e-02 -8.703931233116439514e-02
2.457021311459295365e-02 -9.286330923880294075e-02
2.818843167645834757e-02 -9.852797208274147178e-02
3.205129860364375194e-02 -1.040321389143232522e-01
3.615784144005795842e-02 -1.093758922201558403e-01
4.050702638550263135e-02 -1.145604136735493689e-01
4.509775855592612626e-02 -1.195878189859832519e-01
4.992888225905456334e-02 -1.244609772846236723e-01
5.499918128533154427e-02 -1.291833197825626167e-01
6.030737921409157209e-02 -1.337586427242066223e-01
6.585213973489323358e-02 -1.381909096737128639e-01
7.163206698392743377e-02 -1.424840581675238804e-01
7.764570589541863743e-02 -1.466418155743653418e-01
8.389154256793041053e-02 -1.506675287024400733e-01
9.036800464548166989e-02 -1.545640112722310722e-01
9.707346171337882801e-02 -1.583334128457332957e-01
1.040062257086641351e-01 -1.619771121833147587e-01
1.111645513450765232e-01 -1.654956373045776696e-01
1.185466365524179277e-01 -1.688886137784008645e-01
1.261506229302150617e-01 -1.721547419802994527e-01
1.339745962155614034e-01 -1.752918032538706150e-01
1.420165867650229341e-01 -1.782966941194797650e-01
1.502745700504856119e-01 -1.811654869094471432e-01
1.587464671688187945e-01 -1.838935144961197365e-01
1.674301453652287108e-01 -1.864754761373927094e-01
1.763234185701672008e-01 -1.889055609116765955e-01
1.854240479496642724e-01 -1.911775847668624462e-01
1.947297424689413692e-01 -1.932851368785246937e-01
2.042381594691679014e-01 -1.952217308112627892e-01
2.139469052572124941e-01 -1.969809559099466312e-01
2.238535357082431787e-01 -1.985566244171870776e-01
2.339555568810219865e-01 -1.999429100181320251e-01
2.442504256457417311e-01 -2.011344738482744032e-01
2.547355503242452190e-01 -2.021265744550164722e-01
2.654082913424666845e-01 -2.029151587662343659e-01
2.762659618949298013e-01 -2.034969317725357496e-01
2.873058286211370715e-01 -2.038694033547738260e-01
2.985251122936787294e-01 -2.040309114625643849e-01
3.099209885178879631e-01 -2.039806216489474522e-01
3.214905884428678196e-01 -2.037185037654558051e-01
3.332309994837083789e-01 -2.032452873945951310e-01
3.451392660547150104e-01 -2.025623983170375952e-01
3.572123903134606371e-01 -2.016718789535338341e-01
3.694473329154774888e-01 -2.005762962631155444e-01
3.818410137793947223e-01 -1.992786409985021212e-01
3.943903128623333920e-01 -1.977822224987938193e-01
4.070920709453594855e-01 -1.960905633244685586e-01
4.199430904288018462e-01 -1.942072980007749083e-01
4.329401361372292589e-01 -1.921360799282688103e-01
4.460799361338897429e-01 -1.898805001442899487e-01
4.593591825444023335e-01 -1.874440210832154785e-01
4.727745323894976259e-01 -1.848299277988318667e-01
4.863226084265935834e-01 -1.820412982975388727e-01
5.000000000000001110e-01 -1.790809937105237448e-01
5.138032638995313484e-01 -1.759516680362075702e-01
5.277289252273172915e-01 -1.726557961458759505e-01
5.417734782725895926e-01 -1.691957177046205796e-01
5.559333873942259308e-01 -1.655736936593277808e-01
5.702050879108284676e-01 -1.617919710310321835e-01
5.845849869981135649e-01 -1.578528509677911973e-01
5.990694645933862805e-01 -1.537587544141973683e-01
6.136548743068714895e-01 -1.495122793819514129e-01
6.283375443396724824e-01 -1.451162437078295231e-01
6.431137784081281117e-01 -1.405737074028511335e-01
6.579798566743311206e-01 -1.358879692668078232e-01
6.729320366825783939e-01 -1.310625333968498951e-01
6.879665543015128781e-01 -1.261010425815849434e-01
7.030796246717250231e-01 -1.210071773586364197e-01
7.182674431585703845e-01 -1.157845217297715779e-01
7.335261863099650226e-01 -1.104363991688808583e-01
7.488520128189207758e-01 -1.049656856082680223e-01
7.642410644905727191e-01 -9.937460951992362068e-02
7.796894672134594417e-01 -9.366455298038391108e-02
7.951933319348093443e-01 -8.783587166764914023e-02
8.107487556395898132e-01 -8.188775602129802489e-02
8.263518223330695855e-01 -7.581816022530275812e-02
8.419986040266501659e-01 -6.962383015872117276e-02
8.576851617267149397e-01 -6.330046590370799753e-02
8.734075464262507360e-01 -5.684305869530870831e-02
8.891618000989889303e-01 -5.024644622786012677e-02
9.049439566958173975e-01 -4.350613387723506476e-02
9.207500431432115162e-01 -3.661943253152001587e-02
9.365760803434354242e-01 -2.958696621822351838e-02
9.524180841762578398e-01 -2.241460444774902999e-02
9.682720665019324269e-01 -1.511587503784609342e-02
9.841340361651920166e-01 -7.714913025205849886e-03
9.999999999999998890e-01 -2.500000000000523180e-04
