9.999999999999998890e-01 2.500000000000428854e-04
9.841340361651920166e-01 6.043426989248109824e-03
9.682720665019324269e-01 1.132530491855019382e-02
9.524180841762578398e-01 1.629653449189452652e-02
9.365760803434354242e-01 2.109303994540120616e-02
9.207500431432115162e-01 2.580048647713785795e-02
9.049439566958173975e-01 3.046676030676156305e-02
8.891618000989889303e-01 3.511238725239708425e-02
8.734075464262507360e-01 3.973907450742961145e-02
8.576851617267149397e-01 4.433656507598266600e-02
8.419986040266501659e-01 4.888799539603432692e-02
8.263518223330695855e-01 5.337394439288013770e-02
8.107487556395898132e-01 5.777535694006916134e-02
7.951933319348093443e-01 6.207551685622576115e-02
7.796894672134594417e-01 6.626123454130193602e-02
7.642410644905727191e-01 7.032340256458327610e-02
7.488520128189207758e-01 7.425705936428966814e-02
7.335261863099650226e-01 7.806108709833776971e-02
7.182674431585703845e-01 8.173765497332366459e-02
7.030796246717250231e-01 8.529150442616682815e-02
6.879665543015128781e-01 8.872915766407574178e-02
6.729320366825783939e-01 9.205811657544410442e-02
6.579798566743311206e-01 9.528610516374713679e-02
6.431137784081281117e-01 9.842039564801532969e-02
6.283375443396724824e-01 1.014672463979932465e-01
6.136548743068714895e-01 1.044314690715780897e-01
5.990694645933862805e-01 1.073161327998325282e-01
5.845849869981135649e-01 1.101224050863764681e-01
5.702050879108284676e-01 1.128495222829986322e-01
5.559333873942259308e-01 1.154948770680566533e-01
5.417734782725895926e-01 1.180542062541259374e-01
5.277289252273172915e-01 1.205218594244980984e-01
5.138032638995313484e-01 1.228911272588402576e-01
5.000000000000001110e-01 1.251546078510458737e-01
4.863226084265935834e-01 1.273045897256233905e-01
4.727745323894976259e-01 1.293334314897004456e-01
4.593591825444023335e-01 1.312339199749764096e-01
4.460799361338897429e-01 1.329995911830779143e-01
4.329401361372292589e-01 1.346250012040902111e-01
4.199430904288018462e-01 1.361059373903523995e-01
4.070920709453594855e-01 1.374395633013715257e-01
3.943903128623333920e-01 1.386244941658295038e-01
3.818410137793947223e-01 1.396608027198711077e-01
3.694473329154774888e-01 1.405499581777043261e-01
3.572123903134606371e-01 1.412947036868296979e-01
3.451392660547150104e-01 1.418988798480799174e-01
3.332309994837083789e-01 1.423672036890945847e-01
3.214905884428678196e-01 1.427050138348818220e-01
3.099209885178879631e-01 1.429179935034143867e-01
2.985251122936787294e-01 1.430118833664267008e-01
2.873058286211370715e-01 1.429921962693005144e-01
2.762659618949298013e-01 1.428639453262466608e-01
2.654082913424666845e-01 1.426313960369152978e-01
2.547355503242452190e-01 1.422978518571204609e-01
2.442504256457417311e-01 1.418654811566228691e-01
2.339555568810219865e-01 1.413351917738635277e-01
2.238535357082431787e-01 1.407065574979475819e-01
2.139469052572124941e-01 1.399777988404623530e-01
2.042381594691679014e-01 1.391458184718549207e-01
1.947297424689413692e-01 1.382062897547098601e-01
1.854240479496642724e-01 1.371537949707930248e-01
1.763234185701672008e-01 1.359820081658230095e-01
1.674301453652287108e-01 1.346839160741304664e-01
1.587464671688187945e-01 1.332520693749280061e-01
1.502745700504856119e-01 1.316788556040097424e-01
1.420165867650229341e-01 1.299567844208417422e-01
1.339745962155614034e-01 1.280787756227669549e-01
1.261506229302150617e-01 1.260384403070855253e-01
1.185466365524179277e-01 1.238303459001019180e-01
1.111645513450765232e-01 1.214502563827709603e-01
1.040062257086641351e-01 1.188953399199110944e-01
9.707346171337882801e-02 1.161643372113249362e-01
9.036800464548166989e-02 1.132576851896100606e-01
8.389154256793041053e-02 1.101775921470786040e-01
7.764570589541863743e-02 1.069280619356312995e-01
7.163206698392743377e-02 1.035148664991696610e-01
6.585213973489323358e-02 9.994546761808885404e-02
6.030737921409157209e-02 9.622889032031874124e-02
5.499918128533154427e-02 9.237555189625543117e-02
4.992888225905456334e-02 8.839705180225829184e-02
4.509775855592612626e-02 8.430592891039113967e-02
4.050702638550263135e-02 8.011539352769686539e-02
3.615784144005795842e-02 7.583904234003160938e-02
3.205129860364375194e-02 7.149056491404856550e-02
2.818843167645834757e-02 6.708345060470753685e-02
2.457021311459295365e-02 6.263070466091576194e-02
2.119755378522125699e-02 5.814458200270077037e-02
1.807130273729329328e-02 5.363634657142129364e-02
1.519224698779197968e-02 4.911606334892328757e-02
1.256111132360571148e-02 4.459242912781576779e-02
1.017855811906731578e-02 4.007264692456401212e-02
8.045187169204659483e-03 3.556234759611609508e-02
6.161535538745877005e-03 3.106556078933809736e-02
4.528077426915411152e-03 2.658473586328193028e-02
3.145224048057615462e-03 2.212081192134015065e-02
2.013323528115562588e-03 1.767333461782981049e-02
1.132660816992037134e-03 1.324061600464050692e-02
5.034576168149174080e-04 8.819932399051674463e-03
1.258723261249317105e-04 4.407754121018737405e-03
0.000000000000000000e+00 0.000000000000000000e+00
1.258723261249317105e-04 -3.675151906402731716e-03
5.034576168149174080e-04 -7.334040344659006200e-03
1.132660816992037134e-03 -1.096072393154290045e-02
2.013323528115562588e-03 -1.454002014483986825e-02
3.145224048057615462e-03 -1.805785709693331215e-02
4.528077426915411152e-03 -2.150159301875294998e-02
6.161535538745877005e-03 -2.486029417658533816e-02
8.045187169204659483e-03 -2.812496316276647326e-02
1.017855811906731578e-02 -3.128871095750174192e-02
1.256111132360571148e-02 -3.434686781110862785e-02
1.519224698779197968e-02 -3.729702979622441517e-02
1.807130273729329328e-02 -4.013903977589034638e-02
2.119755378522125699e-02 -4.287490347090507081e-02
2.457021311459295365e-02 -4.550864323193526406e-02
2.818843167645834757e-02 -4.804609397226989459e-02
3.205129860364375194e-02 -5.049464744121748977e-02
3.615784144005795842e-02 -5.286295256469459442e-02
4.050702638550263135e-02 -5.516058090204081776e-02
4.509775855592612626e-02 -5.739766732616846667e-02
4.992888225905456334e-02 -5.958453679480733151e-02
5.499918128533154427e-02 -6.173132851920266201e-02
6.030737921409157209e-02 -6.384762893768242131e-02
6.585213973489323358e-02 -6.594212465926357902e-02
7.163206698392743377e-02 -6.802228596113156500e-02
7.764570589541863743e-02 -7.009409051764679821e-02
8.389154256793041053e-02 -7.216179583146696552e-02
9.036800464548166989e-02 -7.422776736260811026e-02
9.707346171337882801e-02 -7.629236765035306289e-02
1.040062257086641351e-01 -7.835390984474857601e-02
1.111645513450765232e-01 -8.040867706394494441e-02
1.185466365524179277e-01 -8.245100693032604566e-02
1.261506229302150617e-01 -8.447343857467787265e-02
1.339745962155614034e-01 -8.646691739713975589e-02
1.420165867650229341e-01 -8.842105099930343270e-02
1.502745700504856119e-01 -9.032440801396389440e-02
1.587464671688187945e-01 -9.216485011373459768e-02
1.674301453652287108e-01 -9.392988632692687856e-02
1.763234185701672008e-01 -9.560703797093901557e-02
1.854240479496642724e-01 -9.718420206283921725e-02
1.947297424689413692e-01 -9.865000100634574443e-02
2.042381594691679014e-01 -9.999410669503103199e-02
2.139469052572124941e-01 -1.012075279121667781e-01
2.238535357082431787e-01 -1.022828510345458325e-01
2.339555568810219865e-01 -1.032144255346343492e-01
2.442504256457417311e-01 -1.039984875840956058e-01
2.547355503242452190e-01 -1.046332171420948781e-01
2.654082913424666845e-01 -1.051187262033618924e-01
2.762659618949298013e-01 -1.054569783141721395e-01
2.873058286211370715e-01 -1.056516419622281350e-01
2.985251122936787294e-01 -1.057078829265105380e-01
3.099209885178879631e-01 -1.056321030500196323e-01
3.214905884428678196e-01 -1.054316350857473633e-01
3.332309994837083789e-01 -1.051144051799381418e-01
3.451392660547150104e-01 -1.046885761170421036e-01
3.572123903134606371e-01 -1.041621855853748085e-01
3.694473329154774888e-01 -1.035427943689820468e-01
3.818410137793947223e-01 -1.028371594796732569e-01
3.943903128623333920e-01 -1.020509467785820079e-01
4.070920709453594855e-01 -1.011884965808222403e-01
4.199430904288018462e-01 -1.002526540903757729e-01
4.329401361372292589e-01 -9.924467429587569001e-02
4.460799361338897429e-01 -9.816420821295464283e-02
4.593591825444023335e-01 -9.700937414821279858e-02
4.727745323894976259e-01 -9.577691406773709837e-02
4.863226084265935834e-01 -9.446243128415016121e-02
5.000000000000001110e-01 -9.306070165431840069e-02
5.138032638995313484e-01 -9.156604644648104474e-02
5.277289252273172915e-01 -8.997275114702289744e-02
5.417734782725895926e-01 -8.827551090177301885e-02
5.559333873942259308e-01 -8.646988020142554188e-02
5.702050879108284676e-01 -8.455270200684994464e-02
5.845849869981135649e-01 -8.252248994922775638e-02
5.990694645933862805e-01 -8.037973670912595958e-02
6.136548743068714895e-01 -7.812712234529238520e-02
6.283375443396724824e-01 -7.576959836104163459e-02
6.431137784081281117e-01 -7.331432679676970487e-02
6.579798566743311206e-01 -7.077045872977485996e-02
6.729320366825783939e-01 -6.814874332587302075e-02
6.879665543015128781e-01 -6.546096706573845125e-02
7.030796246717250231e-01 -6.271923296851891760e-02
7.182674431585703845e-01 -5.993510152010976533e-02
7.335261863099650226e-01 -5.711862850256247542e-02
7.488520128189207758e-01 -5.427734988631795210e-02
7.642410644905727191e-01 -5.141528021158417450e-02
7.796894672134594417e-01 -4.853200822353053584e-02
7.951933319348093443e-01 -4.562199166392172378e-02
8.107487556395898132e-01 -4.267417173840617334e-02
8.263518223330695855e-01 -3.967204650882160538e-02
8.419986040266501659e-01 -3.659436089812476145e-02
8.576851617267149397e-01 -3.341658870095149531e-02
8.734075464262507360e-01 -3.011339849483524178e-02
8.891618000989889303e-01 -2.666231015258410664e-02
9.049439566958173975e-01 -2.304876125725732403e-02
9.207500431432115162e-01 -1.927281260351419723e-02
9.365760803434354242e-01 -1.535772862205827573e-02
9.524180841762578398e-01 -1.136067149000653288e-02
9.682720665019324269e-01 -7.385746415553464360e-03
9.841340361651920166e-01 -3.599629670997878377e-03
9.999999999999998890e-01 -2.500000000000211471e-04
