9.999999999999998890e-01 2.500000000000438612e-04
9.841340361651920166e-01 6.347575387771733392e-03
9.682720665019324269e-01 1.216310530965175607e-02
9.524180841762578398e-01 1.778066719223647327e-02
9.365760803434354242e-01 2.325745944830213269e-02
9.207500431432115162e-01 2.862986027569999412e-02
9.049439566958173975e-01 3.391856587578754439e-02
8.891618000989889303e-01 3.913288037643944395e-02
8.734075464262507360e-01 4.427423338877152503e-02
8.576851617267149397e-01 4.933900311637133551e-02
8.419986040266501659e-01 5.432072339941543260e-02
8.263518223330695855e-01 5.921175215687956433e-02
8.107487556395898132e-01 6.400447654283740462e-02
7.951933319348093443e-01 6.869212692025784828e-02
7.796894672134594417e-01 7.326926764491094313e-02
7.642410644905727191e-01 7.773202781138066619e-02
7.488520128189207758e-01 8.207812970929440066e-02
7.335261863099650226e-01 8.630676693255098786e-02
7.182674431585703845e-01 9.041837803209949731e-02
7.030796246717250231e-01 9.441435544866565166e-02
6.879665543015128781e-01 9.829672333918457183e-02
6.729320366825783939e-01 1.020678119399060085e-01
6.579798566743311206e-01 1.057299503961210280e-01
6.431137784081281117e-01 1.092851946238789784e-01
6.283375443396724824e-01 1.127351018277556599e-01
6.136548743068714895e-01 1.160805588394950433e-01
5.990694645933862805e-01 1.193216675080990413e-01
5.845849869981135649e-01 1.224576869901009418e-01
5.702050879108284676e-01 1.254870299720079185e-01
5.559333873942259308e-01 1.284073076040812278e-01
5.417734782725895926e-01 1.312154162219662523e-01
5.277289252273172915e-01 1.339076577550919189e-01
5.138032638995313484e-01 1.364798850333482361e-01
5.000000000000001110e-01 1.389276629632018034e-01
4.863226084265935834e-01 1.412464367014399369e-01
4.727745323894976259e-01 1.434316984545658535e-01
4.593591825444023335e-01 1.454791453166944248e-01
4.460799361338897429e-01 1.473848215691993535e-01
4.329401361372292589e-01 1.491452400418629143e-01
4.199430904288018462e-01 1.507574784197556472e-01
4.070920709453594855e-01 1.522192477170935254e-01
3.943903128623333920e-01 1.535289314772711466e-01
3.818410137793947223e-01 1.546855955503641800e-01
3.694473329154774888e-01 1.556889695044646471e-01
3.572123903134606371e-01 1.565394018103369311e-01
3.451392660547150104e-01 1.572377918718149692e-01
3.332309994837083789e-01 1.577855027357716600e-01
3.214905884428678196e-01 1.581842588910092051e-01
3.099209885178879631e-01 1.584360339475426316e-01
2.985251122936787294e-01 1.585429331755215665e-01
2.873058286211370715e-01 1.585070758816594094e-01
2.762659618949298013e-01 1.583304824212803108e-01
2.654082913424666845e-01 1.580149703016437979e-01
2.547355503242452190e-01 1.575620633468982068e-01
2.442504256457417311e-01 1.569729172900359571e-01
2.339555568810219865e-01 1.562482644582274538e-01
2.238535357082431787e-01 1.553883794521554451e-01
2.139469052572124941e-01 1.543930669154456869e-01
2.042381594691679014e-01 1.532616716748489705e-01
1.947297424689413692e-01 1.519931107324190012e-01
1.854240479496642724e-01 1.505859258328264005e-01
1.763234185701672008e-01 1.490383546351130573e-01
1.674301453652287108e-01 1.473484179086990975e-01
1.587464671688187945e-01 1.455140196650441253e-01
1.502745700504856119e-01 1.435330567420659009e-01
1.420165867650229341e-01 1.414035340873512347e-01
1.339745962155614034e-01 1.391236818434080924e-01
1.261506229302150617e-01 1.366920703247236912e-01
1.185466365524179277e-01 1.341077190892773774e-01
1.111645513450765232e-01 1.313701965397641447e-01
1.040062257086641351e-01 1.284797068320321367e-01
9.707346171337882801e-02 1.254371613070563163e-01
9.036800464548166989e-02 1.222442321824897676e-01
8.389154256793041053e-02 1.189033868227940549e-01
7.764570589541863743e-02 1.154179015339845960e-01
7.163206698392743377e-02 1.117918544801087405e-01
6.585213973489323358e-02 1.080300979733793132e-01
6.030737921409157209e-02 1.041382110284040236e-01
5.499918128533154427e-02 1.001224336740314386e-01
4.992888225905456334e-02 9.598958506624857834e-02
4.509775855592612626e-02 9.174696792644718157e-02
4.050702638550263135e-02 8.740226222767261133e-02
3.615784144005795842e-02 8.296341135628060304e-02
3.205129860364375194e-02 7.843850417973920186e-02
2.818843167645834757e-02 7.383565654824407465e-02
2.457021311459295365e-02 6.916289574663096740e-02
2.119755378522125699e-02 6.442805129525387697e-02
1.807130273729329328e-02 5.963865527861564320e-02
1.519224698779197968e-02 5.480185506610445179e-02
1.256111132360571148e-02 4.992434089038810807e-02
1.017855811906731578e-02 4.501229027840523284e-02
8.045187169204659483e-03 4.007133080199866415e-02
6.161535538745877005e-03 3.510652204615224981e-02
4.528077426915411152e-03 3.012235709966238836e-02
3.145224048057615462e-03 2.512278327367181707e-02
2.013323528115562588e-03 2.011124116558714314e-02
1.132660816992037134e-03 1.509072062691862136e-02
5.034576168149174080e-04 1.006383167994846436e-02
1.258723261249317105e-04 5.032887974928840560e-03
0.000000000000000000e+00 0.000000000000000000e+00
1.258723261249317105e-04 -4.666586870633749468e-03
5.034576168149174080e-04 -9.320885658697361520e-03
1.132660816992037134e-03 -1.395077459908855046e-02
2.013323528115562588e-03 -1.854458394035199409e-02
3.145224048057615462e-03 -2.309130587497011666e-02
4.528077426915411152e-03 -2.758078569278423972e-02
6.161535538745877005e-03 -3.200388875664179206e-02
8.045187169204659483e-03 -3.635263860322819618e-02
1.017855811906731578e-02 -4.062032231335217097e-02
1.256111132360571148e-02 -4.480156025061125119e-02
1.519224698779197968e-02 -4.889233830795806923e-02
1.807130273729329328e-02 -5.289000189822302272e-02
2.119755378522125699e-02 -5.679321204547017887e-02
2.457021311459295365e-02 -6.060186504660680651e-02
2.818843167645834757e-02 -6.431697824450294254e-02
3.205129860364375194e-02 -6.794054545352970487e-02
3.615784144005795842e-02 -7.147536647632660167e-02
4.050702638550263135e-02 -7.492485591991529525e-02
4.509775855592612626e-02 -7.829283713668001854e-02
4.992888225905456334e-02 -8.158332756212766101e-02
5.499918128533154427e-02 -8.480032198242451469e-02
6.030737921409157209e-02 -8.794758033143824927e-02
6.585213973489323358e-02 -9.102842648592800179e-02
7.163206698392743377e-02 -9.404556420088673596e-02
7.764570589541863743e-02 -9.700091581289452258e-02
8.389154256793041053e-02 -9.989548865129847799e-02
9.036800464548166989e-02 -1.027292732540343728e-01
9.707346171337882801e-02 -1.055011765106932259e-01
1.040062257086641351e-01 -1.082089917779983645e-01
1.111645513450765232e-01 -1.108494068636676072e-01
1.185466365524179277e-01 -1.134180495878086281e-01
1.261506229302150617e-01 -1.159095694423580847e-01
1.339745962155614034e-01 -1.183177527151458019e-01
1.420165867650229341e-01 -1.206356673621139936e-01
1.502745700504856119e-01 -1.228558329337944705e-01
1.587464671688187945e-01 -1.249704100226277093e-01
1.674301453652287108e-01 -1.269714030248862979e-01
1.763234185701672008e-01 -1.288508695292203132e-01
1.854240479496642724e-01 -1.306011293722846300e-01
1.947297424689413692e-01 -1.322149663536602848e-01
2.042381594691679014e-01 -1.336858157839301009e-01
2.139469052572124941e-01 -1.350079314509240458e-01
2.238535357082431787e-01 -1.361765262222610351e-01
2.339555568810219865e-01 -1.371878813426316845e-01
2.442504256457417311e-01 -1.380394205100204108e-01
2.547355503242452190e-01 -1.387297459978629466e-01
2.654082913424666845e-01 -1.392586353955543865e-01
2.762659618949298013e-01 -1.396269989280960744e-01
2.873058286211370715e-01 -1.398367987430673143e-01
2.985251122936787294e-01 -1.398909329724860595e-01
3.099209885178879631e-01 -1.397930887395874011e-01
3.214905884428678196e-01 -1.395475695367894842e-01
3.332309994837083789e-01 -1.391591035028680312e-01
3.451392660547150104e-01 -1.386326400289474570e-01
3.572123903134606371e-01 -1.379731427828088108e-01
3.694473329154774888e-01 -1.371853876233391223e-01
3.818410137793947223e-01 -1.362737739529417125e-01
3.943903128623333920e-01 -1.352421578050886641e-01
4.070920709453594855e-01 -1.340937143762756800e-01
4.199430904288018462e-01 -1.328308367864304840e-01
4.329401361372292589e-01 -1.314550766007747673e-01
4.460799361338897429e-01 -1.299671300926459883e-01
4.593591825444023335e-01 -1.283668724064574995e-01
4.727745323894976259e-01 -1.266534397405636170e-01
4.863226084265935834e-01 -1.248253574708067248e-01
5.000000000000001110e-01 -1.228807098474909293e-01
5.138032638995313484e-01 -1.208173446019791680e-01
5.277289252273172915e-01 -1.186331035831601349e-01
5.417734782725895926e-01 -1.163260685047023957e-01
5.559333873942259308e-01 -1.138948091222098113e-01
5.702050879108284676e-01 -1.113386197786787046e-01
5.845849869981135649e-01 -1.086577293607069034e-01
5.990694645933862805e-01 -1.058534693978655933e-01
6.136548743068714895e-01 -1.029283854092739176e-01
6.283375443396724824e-01 -9.988627774219037414e-02
6.431137784081281117e-01 -9.673216013361052301e-02
6.579798566743311206e-01 -9.347212711957408882e-02
6.729320366825783939e-01 -9.011312526336329176e-02
6.879665543015128781e-01 -8.666262799872459510e-02
7.030796246717250231e-01 -8.312821969146362566e-02
7.182674431585703845e-01 -7.951710129208174049e-02
7.335261863099650226e-01 -7.583553763768779987e-02
7.488520128189207758e-01 -7.208827499045203369e-02
7.642410644905727191e-01 -6.827796667185159762e-02
7.796894672134594417e-01 -6.440465453838485621e-02
7.951933319348093443e-01 -6.046536438914149741e-02
8.107487556395898132e-01 -5.645388401566375780e-02
8.263518223330695855e-01 -5.236080329176148740e-02
8.419986040266501659e-01 -4.817390622409088718e-02
8.576851617267149397e-01 -4.387901499181589421e-02
8.734075464262507360e-01 -3.946139542703455683e-02
8.891618000989889303e-01 -3.490784184538813645e-02
9.049439566958173975e-01 -3.020956633837497407e-02
9.207500431432115162e-01 -2.536602329182854887e-02
9.365760803434354242e-01 -2.038980370707405010e-02
9.524180841762578398e-01 -1.531273558827976784e-02
9.682720665019324269e-01 -1.019332595078451843e-02
9.841340361651920166e-01 -5.125676649644767685e-03
9.999999999999998890e-01 -2.500000000000330192e-04
