9.999999999999998890e-01 2.500000000001595998e-04
9.841340361651920166e-01 2.203068444360524458e-02
9.682720665019324269e-01 4.224069273982677258e-02
9.524180841762578398e-01 6.146026891179467294e-02
9.365760803434354242e-01 8.008242055948509852e-02
9.207500431432115162e-01 9.835528833818216188e-02
9.049439566958173975e-01 1.164180750223639399e-01
8.891618000989889303e-01 1.343310403418713495e-01
8.734075464262507360e-01 1.521000931295396208e-01
8.576851617267149397e-01 1.696965261013575754e-01
8.419986040266501659e-01 1.870724417026844721e-01
8.263518223330695855e-01 2.041724109024419531e-01
8.107487556395898132e-01 2.209418916864038518e-01
7.951933319348093443e-01 2.373329114307226317e-01
7.796894672134594417e-01 2.533074884987858155e-01
7.642410644905727191e-01 2.688392344777246756e-01
7.488520128189207758e-01 2.839135406212899282e-01
7.335261863099650226e-01 2.985267114259220755e-01
7.182674431585703845e-01 3.126843659177431234e-01
7.030796246717250231e-01 3.263993841836429488e-01
6.879665543015128781e-01 3.396896338723201514e-01
6.729320366825783939e-01 3.525756696616181851e-01
6.579798566743311206e-01 3.650785587763078488e-01
6.431137784081281117e-01 3.772179481780166266e-01
6.283375443396724824e-01 3.890104545577440787e-01
6.136548743068714895e-01 4.004684271504521109e-01
5.990694645933862805e-01 4.115991059583943290e-01
5.845849869981135649e-01 4.224041744045782254e-01
5.702050879108284676e-01 4.328796858261821923e-01
5.559333873942259308e-01 4.430163275494261588e-01
5.417734782725895926e-01 4.527999744635267665e-01
5.277289252273172915e-01 4.622124758542400791e-01
5.138032638995313484e-01 4.712326145209866923e-01
5.000000000000001110e-01 4.798371755822376516e-01
4.863226084265935834e-01 4.880020635225897907e-01
4.727745323894976259e-01 4.957034095687029573e-01
4.593591825444023335e-01 5.029186169946835427e-01
4.460799361338897429e-01 5.096272990342989306e-01
4.329401361372292589e-01 5.158120723012172837e-01
4.199430904288018462e-01 5.214591775828194553e-01
4.070920709453594855e-01 5.265589091906012209e-01
3.943903128623333920e-01 5.311058433605012619e-01
3.818410137793947223e-01 5.350988651733601387e-01
3.694473329154774888e-01 5.385410018224910944e-01
3.572123903134606371e-01 5.414390775493166386e-01
3.451392660547150104e-01 5.438032120033695627e-01
3.332309994837083789e-01 5.456461890124322256e-01
3.214905884428678196e-01 5.469827266737754545e-01
3.099209885178879631e-01 5.478286822480293861e-01
2.985251122936787294e-01 5.482002265487101456e-01
2.873058286211370715e-01 5.481130224114494354e-01
2.762659618949298013e-01 5.475814404749451692e-01
2.654082913424666845e-01 5.466178430224114537e-01
2.547355503242452190e-01 5.452319631584723325e-01
2.442504256457417311e-01 5.434304022959378644e-01
2.339555568810219865e-01 5.412162639806414877e-01
2.238535357082431787e-01 5.385889366824346824e-01
2.139469052572124941e-01 5.355440325232274645e-01
2.042381594691679014e-01 5.320734831941841270e-01
1.947297424689413692e-01 5.281657887226167691e-01
1.854240479496642724e-01 5.238064094616267097e-01
1.763234185701672008e-01 5.189782868524289716e-01
1.674301453652287108e-01 5.136624742903928009e-01
1.587464671688187945e-01 5.078388559272914993e-01
1.502745700504856119e-01 5.014869285540761723e-01
1.420165867650229341e-01 4.945866198929485535e-01
1.339745962155614034e-01 4.871191157183444309e-01
1.261506229302150617e-01 4.790676682288604327e-01
1.185466365524179277e-01 4.704183589836811175e-01
1.111645513450765232e-01 4.611607914490284399e-01
1.040062257086641351e-01 4.512886906999295511e-01
9.707346171337882801e-02 4.408003909964423039e-01
9.036800464548166989e-02 4.296991956897096565e-01
8.389154256793041053e-02 4.179935980860858269e-01
7.764570589541863743e-02 4.056973563710966069e-01
7.163206698392743377e-02 3.928294203271805451e-01
6.585213973489323358e-02 3.794137122262248862e-01
6.030737921409157209e-02 3.654787687984054623e-01
5.499918128533154427e-02 3.510572554377239807e-01
4.992888225905456334e-02 3.361853676769016031e-01
4.509775855592612626e-02 3.209021383384542125e-01
4.050702638550263135e-02 3.052486715497039205e-01
3.615784144005795842e-02 2.892673269209491416e-01
3.205129860364375194e-02 2.730008785723840314e-01
2.818843167645834757e-02 2.564916743230445939e-01
2.457021311459295365e-02 2.397808202129699251e-01
2.119755378522125699e-02 2.229074146294586500e-01
1.807130273729329328e-02 2.059078546832230905e-01
1.519224698779197968e-02 1.888152351846341670e-01
1.256111132360571148e-02 1.716588576772614394e-01
1.017855811906731578e-02 1.544638635853941566e-01
8.045187169204659483e-03 1.372510017279978956e-01
6.161535538745877005e-03 1.200365363583390382e-01
4.528077426915411152e-03 1.028322976285273305e-01
3.145224048057615462e-03 8.564587207788859624e-02
2.013323528115562588e-03 6.848092652999847318e-02
1.132660816992037134e-03 5.133765477913608544e-02
5.034576168149174080e-04 3.421333276973987508e-02
1.258723261249317105e-04 1.710296472927728614e-02
0.000000000000000000e+00 0.000000000000000000e+00
1.258723261249317105e-04 -1.490515659590476230e-02
5.034576168149174080e-04 -2.975565368385725898e-02
1.132660816992037134e-03 -4.449797431460269376e-02
2.013323528115562588e-03 -5.908097770417918004e-02
3.145224048057615462e-03 -7.345700124157361621e-02
4.528077426915411152e-03 -8.758286201793399894e-02
6.161535538745877005e-03 -1.014207289996416628e-01
8.045187169204659483e-03 -1.149388407528393885e-01
1.017855811906731578e-02 -1.281120481509218922e-01
1.256111132360571148e-02 -1.409221666290481900e-01
1.519224698779197968e-02 -1.533581281431098398e-01
1.807130273729329328e-02 -1.654159288831404950e-01
2.119755378522125699e-02 -1.770983748121519596e-01
2.457021311459295365e-02 -1.884146330754252474e-01
2.818843167645834757e-02 -1.993796030775711603e-01
3.205129860364375194e-02 -2.100131263857107911e-01
3.615784144005795842e-02 -2.203390594276804781e-01
4.050702638550263135e-02 -2.303842370698263586e-01
4.509775855592612626e-02 -2.401773584543524520e-01
4.992888225905456334e-02 -2.497478288487503528e-01
5.499918128533154427e-02 -2.591245926329359128e-01
6.030737921409157209e-02 -2.683349928751134761e-01
6.585213973489323358e-02 -2.774036922069915700e-01
7.163206698392743377e-02 -2.863516879156439709e-01
7.764570589541863743e-02 -2.951954513670368985e-01
8.389154256793041053e-02 -3.039462181391653361e-01
9.036800464548166989e-02 -3.126094506736004086e-01
9.707346171337882801e-02 -3.211844899818001586e-01
1.040062257086641351e-01 -3.296644071183048030e-01
1.111645513450765232e-01 -3.380360589272113914e-01
1.185466365524179277e-01 -3.462803461656148163e-01
1.261506229302150617e-01 -3.543726657015802139e-01
1.339745962155614034e-01 -3.622835422719661302e-01
1.420165867650229341e-01 -3.699794194622352261e-01
1.502745700504856119e-01 -3.774235843237441212e-01
1.587464671688187945e-01 -3.845771955478426429e-01
1.674301453652287108e-01 -3.914003815254543661e-01
1.763234185701672008e-01 -3.978533720666872497e-01
1.854240479496642724e-01 -4.038976261398712353e-01
1.947297424689413692e-01 -4.094969177832730733e-01
2.042381594691679014e-01 -4.146183433801539087e-01
2.139469052572124941e-01 -4.192332157656232239e-01
2.238535357082431787e-01 -4.233178141100183978e-01
2.339555568810219865e-01 -4.268539631173359217e-01
2.442504256457417311e-01 -4.298294206698006770e-01
2.547355503242452190e-01 -4.322380594863247660e-01
2.654082913424666845e-01 -4.340798354562253047e-01
2.762659618949298013e-01 -4.353605428446916670e-01
2.873058286211370715e-01 -4.360913643047164556e-01
2.985251122936787294e-01 -4.362882313164077597e-01
3.099209885178879631e-01 -4.359710180438117200e-01
3.214905884428678196e-01 -4.351625983845347490e-01
3.332309994837083789e-01 -4.338878019273045283e-01
3.451392660547150104e-01 -4.321723093801567162e-01
3.572123903134606371e-01 -4.300415315627444945e-01
3.694473329154774888e-01 -4.275195180767540348e-01
3.818410137793947223e-01 -4.246279421236602847e-01
3.943903128623333920e-01 -4.213852065201120212e-01
4.070920709453594855e-01 -4.178057127115635261e-01
4.199430904288018462e-01 -4.138993295056200838e-01
4.329401361372292589e-01 -4.096710914013184657e-01
4.460799361338897429e-01 -4.051211479073815180e-01
4.593591825444023335e-01 -4.002449753157926171e-01
4.727745323894976259e-01 -3.950338512869625562e-01
4.863226084265935834e-01 -3.894755806331721137e-01
5.000000000000001110e-01 -3.835554482414256228e-01
5.138032638995313484e-01 -3.772573625929661056e-01
5.277289252273172915e-01 -3.705651412985133675e-01
5.417734782725895926e-01 -3.634638789971567086e-01
5.559333873942259308e-01 -3.559413284104203101e-01
5.702050879108284676e-01 -3.479892178631852073e-01
5.845849869981135649e-01 -3.396044237421985135e-01
5.990694645933862805e-01 -3.307899147092039915e-01
6.136548743068714895e-01 -3.215553865382301812e-01
6.283375443396724824e-01 -3.119175126791217112e-01
6.431137784081281117e-01 -3.018997464747856241e-01
6.579798566743311206e-01 -2.915316267138857720e-01
6.729320366825783939e-01 -2.808475591280350514e-01
6.879665543015128781e-01 -2.698850726810309575e-01
7.030796246717250231e-01 -2.586825810665761005e-01
7.182674431585703845e-01 -2.472767166193247657e-01
7.335261863099650226e-01 -2.356993456017620336e-01
7.488520128189207758e-01 -2.239744201599997708e-01
7.642410644905727191e-01 -2.121148725982671956e-01
7.796894672134594417e-01 -2.001198113061265493e-01
7.951933319348093443e-01 -1.879723338356972806e-01
8.107487556395898132e-01 -1.756383302747449027e-01
8.263518223330695855e-01 -1.630667080649992329e-01
8.419986040266501659e-01 -1.501915265180135683e-01
8.576851617267149397e-01 -1.369365841178054044e-01
8.734075464262507360e-01 -1.232230528132498837e-01
8.891618000989889303e-01 -1.089807993663608893e-01
9.049439566958173975e-01 -9.416407286186227743e-02
9.207500431432115162e-01 -7.877226810654359979e-02
9.365760803434354242e-01 -6.287649527166966346e-02
9.524180841762578398e-01 -4.665269521719608847e-02
9.682720665019324269e-01 -3.042203601517325801e-02
9.841340361651920166e-01 -1.469930790058357646e-02
9.999999999999998890e-01 -2.500000000000943308e-04
