9.999999999999998890e-01 2.500000000001687613e-04
9.841340361651920166e-01 2.422229209097988625e-02
9.682720665019324269e-01 4.780214832573979195e-02
9.524180841762578398e-01 7.087441290844635755e-02
9.365760803434354242e-01 9.335383952740813895e-02
9.207500431432115162e-01 1.151802775666874584e-01
9.049439566958173975e-01 1.363143700088325638e-01
8.891618000989889303e-01 1.567337395232372144e-01
8.734075464262507360e-01 1.764296358454510438e-01
8.576851617267149397e-01 1.954040149649719227e-01
8.419986040266501659e-01 2.136670188082337440e-01
8.263518223330695855e-01 2.312348229769881636e-01
8.107487556395898132e-01 2.481278196205913833e-01
7.951933319348093443e-01 2.643691026192477866e-01
7.796894672134594417e-01 2.799832228657593292e-01
7.642410644905727191e-01 2.949951824853923044e-01
7.488520128189207758e-01 3.094296382559610925e-01
7.335261863099650226e-01 3.233102862126580601e-01
7.182674431585703845e-01 3.366594013758641979e-01
7.030796246717250231e-01 3.494975086594658276e-01
6.879665543015128781e-01 3.618431632402823728e-01
6.729320366825783939e-01 3.737128209390653266e-01
6.579798566743311206e-01 3.851207814284922648e-01
6.431137784081281117e-01 3.960791892979924067e-01
6.283375443396724824e-01 4.065980801296550373e-01
6.136548743068714895e-01 4.166854607409702371e-01
5.990694645933862805e-01 4.263474146023819578e-01
5.845849869981135649e-01 4.355882251206895650e-01
5.702050879108284676e-01 4.444105109796243624e-01
5.559333873942259308e-01 4.528153690387919372e-01
5.417734782725895926e-01 4.608025214095227140e-01
5.277289252273172915e-01 4.683704642539462393e-01
5.138032638995313484e-01 4.755166165992034122e-01
5.000000000000001110e-01 4.822374680334075014e-01
4.863226084265935834e-01 4.885287245681919077e-01
4.727745323894976259e-01 4.943854522313910760e-01
4.593591825444023335e-01 4.998022181113712659e-01
4.460799361338897429e-01 5.047732286316778394e-01
4.329401361372292589e-01 5.092924648114407482e-01
4.199430904288018462e-01 5.133538141837211688e-01
4.070920709453594855e-01 5.169511989203653402e-01
3.943903128623333920e-01 5.200786995665191981e-01
3.818410137793947223e-01 5.227306736376979845e-01
3.694473329154774888e-01 5.249018681922424934e-01
3.572123903134606371e-01 5.265875253749600082e-01
3.451392660547150104e-01 5.277834798441349839e-01
3.332309994837083789e-01 5.284862469518374350e-01
3.214905884428678196e-01 5.286931005518197280e-01
3.099209885178879631e-01 5.284021393631014307e-01
2.985251122936787294e-01 5.276123409208726134e-01
2.873058286211370715e-01 5.263236022977223483e-01
2.762659618949298013e-01 5.245367669733176363e-01
2.654082913424666845e-01 5.222536374637860579e-01
2.547355503242452190e-01 5.194769735857958093e-01
2.442504256457417311e-01 5.162104765162242037e-01
2.339555568810219865e-01 5.124587591070001169e-01
2.238535357082431787e-01 5.082273032163702187e-01
2.139469052572124941e-01 5.035224051125315459e-01
2.042381594691679014e-01 4.983511102835381790e-01
1.947297424689413692e-01 4.927211392393616163e-01
1.854240479496642724e-01 4.866408061096102466e-01
1.763234185701672008e-01 4.801189320162607133e-01
1.674301453652287108e-01 4.731647553288270691e-01
1.587464671688187945e-01 4.657878409850254586e-01
1.502745700504856119e-01 4.579979910802007836e-01
1.420165867650229341e-01 4.498051588921543331e-01
1.339745962155614034e-01 4.412193684148854600e-01
1.261506229302150617e-01 4.322506413270975067e-01
1.185466365524179277e-01 4.229089331226614790e-01
1.111645513450765232e-01 4.132040798856292940e-01
1.040062257086641351e-01 4.031457569081685621e-01
9.707346171337882801e-02 3.927434500334489043e-01
9.036800464548166989e-02 3.820064402654085867e-01
8.389154256793041053e-02 3.709438018325489361e-01
7.764570589541863743e-02 3.595644135328899260e-01
7.163206698392743377e-02 3.478769828316072843e-01
6.585213973489323358e-02 3.358900818411607037e-01
6.030737921409157209e-02 3.236121939950130089e-01
5.499918128533154427e-02 3.110517699388697377e-01
4.992888225905456334e-02 2.982172909153447682e-01
4.509775855592612626e-02 2.851173377157022459e-01
4.050702638550263135e-02 2.717606631211567647e-01
3.615784144005795842e-02 2.581562656601819050e-01
3.205129860364375194e-02 2.443134624698229396e-01
2.818843167645834757e-02 2.302419590691940632e-01
2.457021311459295365e-02 2.159519139315289049e-01
2.119755378522125699e-02 2.014539958752861182e-01
1.807130273729329328e-02 1.867594324812724693e-01
1.519224698779197968e-02 1.718800479766036948e-01
1.256111132360571148e-02 1.568282893013586976e-01
1.017855811906731578e-02 1.416172393827325737e-01
8.045187169204659483e-03 1.262606169761866515e-01
6.161535538745877005e-03 1.107727627847268220e-01
4.528077426915411152e-03 9.516861192671420555e-02
3.145224048057615462e-03 7.946365318015390089e-02
2.013323528115562588e-03 6.367387577770618201e-02
1.132660816992037134e-03 4.781570485275524890e-02
5.034576168149174080e-04 3.190592693411907488e-02
1.258723261249317105e-04 1.596160714762418290e-02
0.000000000000000000e+00 0.000000000000000000e+00
1.258723261249317105e-04 -1.572320113863866220e-02
5.034576168149174080e-04 -3.141691202057596277e-02
1.132660816992037134e-03 -4.705189524100226311e-02
2.013323528115562588e-03 -6.259953700041072377e-02
3.145224048057615462e-03 -7.803213917472501260e-02
4.528077426915411152e-03 -9.332318832423153188e-02
6.161535538745877005e-03 -1.084475949806706224e-01
8.045187169204659483e-03 -1.233818973941586267e-01
1.017855811906731578e-02 -1.381044249287808334e-01
1.256111132360571148e-02 -1.525954174391295493e-01
1.519224698779197968e-02 -1.668370982072300834e-01
1.807130273729329328e-02 -1.808136993345199062e-01
2.119755378522125699e-02 -1.945114398292968061e-01
2.457021311459295365e-02 -2.079184579675317224e-01
2.818843167645834757e-02 -2.210247007956263610e-01
3.205129860364375194e-02 -2.338217748500823756e-01
3.615784144005795842e-02 -2.463027632559047497e-01
4.050702638550263135e-02 -2.584620153008455046e-01
4.509775855592612626e-02 -2.702949153384370806e-01
4.992888225905456334e-02 -2.817976384262328993e-01
5.499918128533154427e-02 -2.929669004395613618e-01
6.030737921409157209e-02 -3.037997105043560020e-01
6.585213973489323358e-02 -3.142931334608724536e-01
7.163206698392743377e-02 -3.244440697056921175e-01
7.764570589541863743e-02 -3.342490591716189008e-01
8.389154256793041053e-02 -3.437041154097414397e-01
9.036800464548166989e-02 -3.528045947572725494e-01
9.707346171337882801e-02 -3.615451044367574140e-01
1.040062257086641351e-01 -3.699194521698642713e-01
1.111645513450765232e-01 -3.779206385394603962e-01
1.185466365524179277e-01 -3.855408919374724852e-01
1.261506229302150617e-01 -3.927717445356198600e-01
1.339745962155614034e-01 -3.996041463549427353e-01
1.420165867650229341e-01 -4.060286132311857199e-01
1.502745700504856119e-01 -4.120354033180418374e-01
1.587464671688187945e-01 -4.176147157776282648e-01
1.674301453652287108e-01 -4.227569045119274338e-01
1.763234185701672008e-01 -4.274526992196743258e-01
1.854240479496642724e-01 -4.316934257434865696e-01
1.947297424689413692e-01 -4.354712176180440819e-01
2.042381594691679014e-01 -4.387792109502069438e-01
2.139469052572124941e-01 -4.416117152561788162e-01
2.238535357082431787e-01 -4.439643536407653079e-01
2.339555568810219865e-01 -4.458341667123453256e-01
2.442504256457417311e-01 -4.472196758589039867e-01
2.547355503242452190e-01 -4.481209029318869996e-01
2.654082913424666845e-01 -4.485393449549143208e-01
2.762659618949298013e-01 -4.484779041463520799e-01
2.873058286211370715e-01 -4.479407752658305375e-01
2.985251122936787294e-01 -4.469332940086299111e-01
3.099209885178879631e-01 -4.454617518194251558e-01
3.214905884428678196e-01 -4.435331840185270380e-01
3.332309994837083789e-01 -4.411551394706498819e-01
3.451392660547150104e-01 -4.383354411223268077e-01
3.572123903134606371e-01 -4.350819475379652523e-01
3.694473329154774888e-01 -4.314023260310991814e-01
3.818410137793947223e-01 -4.273038480798060368e-01
3.943903128623333920e-01 -4.227932174063499526e-01
4.070920709453594855e-01 -4.178764403750414025e-01
4.199430904288018462e-01 -4.125587472156163615e-01
4.329401361372292589e-01 -4.068445710222162170e-01
4.460799361338897429e-01 -4.007375895344911787e-01
4.593591825444023335e-01 -3.942408324161961741e-01
4.727745323894976259e-01 -3.873568541612077420e-01
4.863226084265935834e-01 -3.800879699446179649e-01
5.000000000000001110e-01 -3.724365487783994344e-01
5.138032638995313484e-01 -3.644053553202837858e-01
5.277289252273172915e-01 -3.559979287249572244e-01
5.417734782725895926e-01 -3.472189841313234604e-01
5.559333873942259308e-01 -3.380748198678611427e-01
5.702050879108284676e-01 -3.285737113535728282e-01
5.845849869981135649e-01 -3.187262710993185588e-01
5.990694645933862805e-01 -3.085457532962780913e-01
6.136548743068714895e-01 -2.980482813324275004e-01
6.283375443396724824e-01 -2.872529773132949660e-01
6.431137784081281117e-01 -2.761819743768511026e-01
6.579798566743311206e-01 -2.648602953658060755e-01
6.729320366825783939e-01 -2.533155853166711990e-01
6.879665543015128781e-01 -2.415776902847482643e-01
7.030796246717250231e-01 -2.296780812640416836e-01
7.182674431585703845e-01 -2.176491293700543173e-01
7.335261863099650226e-01 -2.055232469912481874e-01
7.488520128189207758e-01 -1.933319192103964412e-01
7.642410644905727191e-01 -1.811046603468006999e-01
7.796894672134594417e-01 -1.688679418384867459e-01
7.951933319348093443e-01 -1.566441497017335149e-01
8.107487556395898132e-01 -1.444506422737195928e-01
8.263518223330695855e-01 -1.322989916327812210e-01
8.419986040266501659e-01 -1.201945047420366758e-01
8.576851617267149397e-01 -1.081361326934659889e-01
8.734075464262507360e-01 -9.611688813730687175e-02
8.891618000989889303e-01 -8.412490174547848643e-02
9.049439566958173975e-01 -7.214525804549404286e-02
9.207500431432115162e-01 -6.016275883458753471e-02
9.365760803434354242e-01 -4.816576830395316589e-02
9.524180841762578398e-01 -3.615129763775536825e-02
9.682720665019324269e-01 -2.413148788157754368e-02
9.841340361651920166e-01 -1.214164800092523179e-02
9.999999999999998890e-01 -2.500000000000826214e-04
