9.999999999999998890e-01 2.500000000002822230e-04
9.841340361651920166e-01 3.585831130116955839e-02
9.682720665019324269e-01 6.338171435980415047e-02
9.524180841762578398e-01 8.460330147122183120e-02
9.365760803434354242e-01 1.009825568126539730e-01
9.207500431432115162e-01 1.137004504861343773e-01
9.049439566958173975e-01 1.237003232706810202e-01
8.891618000989889303e-01 1.317246718931286142e-01
8.734075464262507360e-01 1.383479829162186925e-01
8.576851617267149397e-01 1.440057954503571602e-01
8.419986040266501659e-01 1.490201989670936200e-01
8.263518223330695855e-01 1.536219927499907767e-01
8.107487556395898132e-01 1.579697482517299079e-01
7.951933319348093443e-01 1.621660251823829890e-01
7.796894672134594417e-01 1.662709969278011179e-01
7.642410644905727191e-01 1.703137413217020724e-01
7.488520128189207758e-01 1.743014493306336288e-01
7.335261863099650226e-01 1.782267973358833135e-01
7.182674431585703845e-01 1.820737188976333520e-01
7.030796246717250231e-01 1.858217996512480652e-01
6.879665543015128781e-01 1.894495047924057707e-01
6.729320366825783939e-01 1.929364329203204775e-01
6.579798566743311206e-01 1.962647732680220247e-01
6.431137784081281117e-01 1.994201259695053130e-01
6.283375443396724824e-01 2.023918273771586618e-01
6.136548743068714895e-01 2.051729048948215672e-01
5.990694645933862805e-01 2.077597686388472087e-01
5.845849869981135649e-01 2.101517307476137575e-01
5.702050879108284676e-01 2.123504275532575869e-01
5.559333873942259308e-01 2.143592052902957013e-01
5.417734782725895926e-01 2.161825166853132696e-01
5.277289252273172915e-01 2.178253637511484431e-01
5.138032638995313484e-01 2.192928114612710533e-01
5.000000000000001110e-01 2.205895877332473554e-01
4.863226084265935834e-01 2.217197772999303929e-01
4.727745323894976259e-01 2.226866105600610324e-01
4.593591825444023335e-01 2.234923433178270247e-01
4.460799361338897429e-01 2.241382193637809772e-01
4.329401361372292589e-01 2.246245050201703397e-01
4.199430904288018462e-01 2.249505829615238151e-01
4.070920709453594855e-01 2.251150917061205403e-01
3.943903128623333920e-01 2.251160970297267083e-01
3.818410137793947223e-01 2.249512820514742717e-01
3.694473329154774888e-01 2.246181437556212523e-01
3.572123903134606371e-01 2.241141851187397060e-01
3.451392660547150104e-01 2.234370936925637041e-01
3.332309994837083789e-01 2.225848993398728548e-01
3.214905884428678196e-01 2.215561057362725461e-01
3.099209885178879631e-01 2.203497921481921695e-01
2.985251122936787294e-01 2.189656838030994979e-01
2.873058286211370715e-01 2.174041908212655250e-01
2.762659618949298013e-01 2.156664171321942547e-01
2.654082913424666845e-01 2.137541420189850161e-01
2.547355503242452190e-01 2.116697778989924950e-01
2.442504256457417311e-01 2.094163086495984816e-01
2.339555568810219865e-01 2.069972132249335295e-01
2.238535357082431787e-01 2.044163794937629286e-01
2.139469052572124941e-01 2.016780131794817799e-01
2.042381594691679014e-01 1.987865465259346098e-01
1.947297424689413692e-01 1.957465508784687613e-01
1.854240479496642724e-01 1.925626567927546107e-01
1.763234185701672008e-01 1.892394846010800602e-01
1.674301453652287108e-01 1.857815876143444067e-01
1.587464671688187945e-01 1.821934093544489153e-01
1.502745700504856119e-01 1.784792554309485024e-01
1.420165867650229341e-01 1.746432799294861948e-01
1.339745962155614034e-01 1.706894854956700347e-01
1.261506229302150617e-01 1.666217357001649468e-01
1.185466365524179277e-01 1.624437777773590219e-01
1.111645513450765232e-01 1.581592734542434653e-01
1.040062257086641351e-01 1.537718353359465162e-01
9.707346171337882801e-02 1.492850661922027755e-01
9.036800464548166989e-02 1.447025984923782371e-01
8.389154256793041053e-02 1.400281316583054658e-01
7.764570589541863743e-02 1.352654647327885262e-01
7.163206698392743377e-02 1.304185224823831146e-01
6.585213973489323358e-02 1.254913733483614124e-01
6.030737921409157209e-02 1.204882381100365329e-01
5.499918128533154427e-02 1.154134886090636414e-01
4.992888225905456334e-02 1.102716363807834110e-01
4.509775855592612626e-02 1.050673115283309311e-01
4.050702638550263135e-02 9.980523263743427964e-02
3.615784144005795842e-02 9.449016894669123867e-02
3.205129860364375194e-02 8.912689634410361772e-02
2.818843167645834757e-02 8.372014904308669458e-02
2.457021311459295365e-02 7.827456899055379447e-02
2.119755378522125699e-02 7.279465516994443330e-02
1.807130273729329328e-02 6.728471498070635881e-02
1.519224698779197968e-02 6.174881980379180041e-02
1.256111132360571148e-02 5.619076670461634060e-02
1.017855811906731578e-02 5.061404798826924650e-02
8.045187169204659483e-03 4.502183001697060427e-02
6.161535538745877005e-03 3.941694233966461236e-02
4.528077426915411152e-03 3.380187778288559763e-02
3.145224048057615462e-03 2.817880372666387717e-02
2.013323528115562588e-03 2.254958435592584881e-02
1.132660816992037134e-03 1.691581325345089398e-02
5.034576168149174080e-04 1.127885530126503631e-02
1.258723261249317105e-04 5.639896498615990655e-03
0.000000000000000000e+00 0.000000000000000000e+00
1.258723261249317105e-04 -5.352833048456632353e-03
5.034576168149174080e-04 -1.069045702069327912e-02
1.132660816992037134e-03 -1.599780519839314602e-02
2.013323528115562588e-03 -2.126021574337231060e-02
3.145224048057615462e-03 -2.646362001842790523e-02
4.528077426915411152e-03 -3.159471446079376716e-02
6.161535538745877005e-03 -3.664111135017504572e-02
8.045187169204659483e-03 -4.159146448560493287e-02
1.017855811906731578e-02 -4.643556658395352893e-02
1.256111132360571148e-02 -5.116441611192844990e-02
1.519224698779197968e-02 -5.577025223362210710e-02
1.807130273729329328e-02 -6.024655756541871104e-02
2.119755378522125699e-02 -6.458802944637992427e-02
2.457021311459295365e-02 -6.879052142164855665e-02
2.818843167645834757e-02 -7.285095756629958452e-02
3.205129860364375194e-02 -7.676722311651822117e-02
3.615784144005795842e-02 -8.053803559590536065e-02
4.050702638550263135e-02 -8.416280120272562337e-02
4.509775855592612626e-02 -8.764146163922963140e-02
4.992888225905456334e-02 -9.097433680225196218e-02
5.499918128533154427e-02 -9.416196880638751099e-02
6.030737921409157209e-02 -9.720497267462334390e-02
6.585213973489323358e-02 -1.001038987101521005e-01
7.163206698392743377e-02 -1.028591110673393177e-01
7.764570589541863743e-02 -1.054706863857019228e-01
8.389154256793041053e-02 -1.079383355601824801e-01
9.036800464548166989e-02 -1.102613508209429882e-01
9.707346171337882801e-02 -1.124385793175878279e-01
1.040062257086641351e-01 -1.144684233806796125e-01
1.111645513450765232e-01 -1.163488666043839548e-01
1.185466365524179277e-01 -1.180775238958225587e-01
1.261506229302150617e-01 -1.196517127067379255e-01
1.339745962155614034e-01 -1.210685418373247668e-01
1.420165867650229341e-01 -1.223250135136769168e-01
1.502745700504856119e-01 -1.234181339182310877e-01
1.587464671688187945e-01 -1.243450270206154784e-01
1.674301453652287108e-01 -1.251030464318657887e-01
1.763234185701672008e-01 -1.256898800983327624e-01
1.854240479496642724e-01 -1.261036429651871404e-01
1.947297424689413692e-01 -1.263429532673536193e-01
2.042381594691679014e-01 -1.264069888336087355e-01
2.139469052572124941e-01 -1.262955206946824727e-01
2.238535357082431787e-01 -1.260089223376918699e-01
2.339555568810219865e-01 -1.255481541089185915e-01
2.442504256457417311e-01 -1.249147234901853559e-01
2.547355503242452190e-01 -1.241106232110678886e-01
2.654082913424666845e-01 -1.231382503563404202e-01
2.762659618949298013e-01 -1.220003107298459344e-01
2.873058286211370715e-01 -1.206997136867608705e-01
2.985251122936787294e-01 -1.192394633923251485e-01
3.099209885178879631e-01 -1.176225529569950995e-01
3.214905884428678196e-01 -1.158518680925022110e-01
3.332309994837083789e-01 -1.139301067958526925e-01
3.451392660547150104e-01 -1.118597210749918136e-01
3.572123903134606371e-01 -1.096428858694676739e-01
3.694473329154774888e-01 -1.072814990952263570e-01
3.818410137793947223e-01 -1.047772151739017471e-01
3.943903128623333920e-01 -1.021315125300424759e-01
4.070920709453594855e-01 -9.934579340902550959e-02
4.199430904288018462e-01 -9.642151205660300095e-02
4.329401361372292589e-01 -9.336032489897205799e-02
4.460799361338897429e-01 -9.016425397826320631e-02
4.593591825444023335e-01 -8.683585265705628942e-02
4.727745323894976259e-01 -8.337836064607602460e-02
4.863226084265935834e-01 -7.979583388293121082e-02
5.000000000000001110e-01 -7.609323385723998356e-02
5.138032638995313484e-01 -7.227646080525251815e-02
5.277289252273172915e-01 -6.835231595361777879e-02
5.417734782725895926e-01 -6.432837984342353044e-02
5.559333873942259308e-01 -6.021279687119975715e-02
5.702050879108284676e-01 -5.601396069037324621e-02
5.845849869981135649e-01 -5.174010115468546250e-02
5.990694645933862805e-01 -4.739878116192267760e-02
6.136548743068714895e-01 -4.299632115189286341e-02
6.283375443396724824e-01 -3.853718017412472580e-02
6.431137784081281117e-01 -3.402333537789151846e-02
6.579798566743311206e-01 -2.945371645750588518e-02
6.729320366825783939e-01 -2.482376793107457860e-02
6.879665543015128781e-01 -2.012523001351384025e-02
7.030796246717250231e-01 -1.534624808530067608e-02
7.182674431585703845e-01 -1.047194112446681556e-02
7.335261863099650226e-01 -5.485580673882282758e-03
7.488520128189207758e-01 -3.705536183347082251e-04
7.642410644905727191e-01 4.886696146567828455e-03
7.796894672134594417e-01 1.029253060153215854e-02
7.951933319348093443e-01 1.584054785007223479e-02
8.107487556395898132e-01 2.150432323746881424e-02
8.263518223330695855e-01 2.722818748244123718e-02
8.419986040266501659e-01 3.291575309599642507e-02
8.576851617267149397e-01 3.841588861103353847e-02
8.734075464262507360e-01 4.350583212649588444e-02
8.891618000989889303e-01 4.787113199510905498e-02
9.049439566958173975e-01 5.108210375430051464e-02
9.207500431432115162e-01 5.256649919025863787e-02
9.365760803434354242e-01 5.157809627144881170e-02
9.524180841762578398e-01 4.716093807530984811e-02
9.682720665019324269e-01 3.810897518132302930e-02
9.841340361651920166e-01 2.292089965942688268e-02
9.999999999999998890e-01 -2.499999999998049572e-04
