9.999999999999998890e-01 2.500000000001277242e-04
9.841340361651920166e-01 1.826419926351610309e-02
9.682720665019324269e-01 3.582324430359916378e-02
9.524180841762578398e-01 5.297092484549033309e-02
9.365760803434354242e-01 6.973833085000825938e-02
9.207500431432115162e-01 8.614646048274757217e-02
9.049439566958173975e-01 1.022084770764939837e-01
8.891618000989889303e-01 1.179316354523938931e-01
8.734075464262507360e-01 1.333189002703347725e-01
8.576851617267149397e-01 1.483702808066343082e-01
8.419986040266501659e-01 1.630839077339964194e-01
8.263518223330695855e-01 1.774568781376330839e-01
8.107487556395898132e-01 1.914858951806728826e-01
7.951933319348093443e-01 2.051677285741085321e-01
7.796894672134594417e-01 2.184995213575578465e-01
7.642410644905727191e-01 2.314789675054461371e-01
7.488520128189207758e-01 2.441043835886608782e-01
7.335261863099650226e-01 2.563746961946585801e-01
7.182674431585703845e-01 2.682893650893580784e-01
7.030796246717250231e-01 2.798482602407896813e-01
6.879665543015128781e-01 2.910515088642549597e-01
6.729320366825783939e-01 3.018993266360915917e-01
6.579798566743311206e-01 3.123918451992590550e-01
6.431137784081281117e-01 3.225289460865642388e-01
6.283375443396724824e-01 3.323101092501677956e-01
6.136548743068714895e-01 3.417342825385403238e-01
5.990694645933862805e-01 3.507997767294134261e-01
5.845849869981135649e-01 3.595041891300839176e-01
5.702050879108284676e-01 3.678443573107978426e-01
5.559333873942259308e-01 3.758163432545791327e-01
5.417734782725895926e-01 3.834154470952076399e-01
5.277289252273172915e-01 3.906362486774916376e-01
5.138032638995313484e-01 3.974726744101870768e-01
5.000000000000001110e-01 4.039180862880891176e-01
4.863226084265935834e-01 4.099653895291554551e-01
4.727745323894976259e-01 4.156071549955154820e-01
4.593591825444023335e-01 4.208357524321801324e-01
4.460799361338897429e-01 4.256434905506719657e-01
4.329401361372292589e-01 4.300227600917933546e-01
4.199430904288018462e-01 4.339661762065288308e-01
4.070920709453594855e-01 4.374667167803196755e-01
3.943903128623333920e-01 4.405178536772081932e-01
3.818410137793947223e-01 4.431136742803982731e-01
3.694473329154774888e-01 4.452489911389808097e-01
3.572123903134606371e-01 4.469194379821013752e-01
3.451392660547150104e-01 4.481215508180145801e-01
3.332309994837083789e-01 4.488528332838883639e-01
3.214905884428678196e-01 4.491118058419171222e-01
3.099209885178879631e-01 4.488980388189872661e-01
2.985251122936787294e-01 4.482121696530431132e-01
2.873058286211370715e-01 4.470559050334538820e-01
2.762659618949298013e-01 4.454320089006831851e-01
2.654082913424666845e-01 4.433442774997012892e-01
2.547355503242452190e-01 4.407975028605978784e-01
2.442504256457417311e-01 4.377974262090057467e-01
2.339555568810219865e-01 4.343506828896675498e-01
2.238535357082431787e-01 4.304647404214158035e-01
2.139469052572124941e-01 4.261478312945518043e-01
2.042381594691679014e-01 4.214088820764246845e-01
1.947297424689413692e-01 4.162574403128988521e-01
1.854240479496642724e-01 4.107036006076681400e-01
1.763234185701672008e-01 4.047579311336212404e-01
1.674301453652287108e-01 3.984314016863150232e-01
1.587464671688187945e-01 3.917353142345935124e-01
1.502745700504856119e-01 3.846812367628197893e-01
1.420165867650229341e-01 3.772809410379610040e-01
1.339745962155614034e-01 3.695463447773816301e-01
1.261506229302150617e-01 3.614894585435309282e-01
1.185466365524179277e-01 3.531223375530784248e-01
1.111645513450765232e-01 3.444570384630798454e-01
1.040062257086641351e-01 3.355055810874209010e-01
9.707346171337882801e-02 3.262799149043987268e-01
9.036800464548166989e-02 3.167918901414853439e-01
8.389154256793041053e-02 3.070532331661546821e-01
7.764570589541863743e-02 2.970755258716002434e-01
7.163206698392743377e-02 2.868701887222334102e-01
6.585213973489323358e-02 2.764484671146248962e-01
6.030737921409157209e-02 2.658214207132498230e-01
5.499918128533154427e-02 2.549999154350589547e-01
4.992888225905456334e-02 2.439946177803376526e-01
4.509775855592612626e-02 2.328159912373139184e-01
4.050702638550263135e-02 2.214742945222933912e-01
3.615784144005795842e-02 2.099795814536283833e-01
3.205129860364375194e-02 1.983417022945397901e-01
2.818843167645834757e-02 1.865703064349613638e-01
2.457021311459295365e-02 1.746748463146309827e-01
2.119755378522125699e-02 1.626645825173883009e-01
1.807130273729329328e-02 1.505485899891404744e-01
1.519224698779197968e-02 1.383357653486460837e-01
1.256111132360571148e-02 1.260348352708665354e-01
1.017855811906731578e-02 1.136543659272025858e-01
8.045187169204659483e-03 1.012027734657876960e-01
6.161535538745877005e-03 8.868833550875107608e-02
4.528077426915411152e-03 7.611920363274572721e-02
3.145224048057615462e-03 6.350341678508759913e-02
2.013323528115562588e-03 5.084891557152765307e-02
1.132660816992037134e-03 3.816355733421881308e-02
5.034576168149174080e-04 2.545513192089365884e-02
1.258723261249317105e-04 1.273137802974529283e-02
0.000000000000000000e+00 0.000000000000000000e+00
1.258723261249317105e-04 -1.216384195140253303e-02
5.034576168149174080e-04 -2.429858116859381564e-02
1.132660816992037134e-03 -3.637539262205886220e-02
2.013323528115562588e-03 -4.836612440930471851e-02
3.145224048057615462e-03 -6.024361412746229161e-02
4.528077426915411152e-03 -7.198198163822562556e-02
6.161535538745877005e-03 -8.355689138818234163e-02
8.045187169204659483e-03 -9.494577829459337204e-02
1.017855811906731578e-02 -1.061280322193408204e-01
1.256111132360571148e-02 -1.170851372032718496e-01
1.519224698779197968e-02 -1.278007628867595946e-01
1.807130273729329328e-02 -1.382608068641066890e-01
2.119755378522125699e-02 -1.484533880716676912e-01
2.457021311459295365e-02 -1.583687926533459411e-01
2.818843167645834757e-02 -1.679993750437733246e-01
3.205129860364375194e-02 -1.773394182214717008e-01
3.615784144005795842e-02 -1.863849581764367991e-01
4.050702638550263135e-02 -1.951335785769441333e-01
4.509775855592612626e-02 -2.035841823813150375e-01
4.992888225905456334e-02 -2.117367476992502440e-01
5.499918128533154427e-02 -2.195920755473324548e-01
6.030737921409157209e-02 -2.271515372538132349e-01
6.585213973489323358e-02 -2.344168291449822694e-01
7.163206698392743377e-02 -2.413897417921737620e-01
7.764570589541863743e-02 -2.480719505246418988e-01
8.389154256793041053e-02 -2.544648331355406912e-01
9.036800464548166989e-02 -2.605693197488104240e-01
9.707346171337882801e-02 -2.663857787022979040e-01
1.040062257086641351e-01 -2.719139410702753890e-01
1.111645513450765232e-01 -2.771528651340790517e-01
1.185466365524179277e-01 -2.821009407533134339e-01
1.261506229302150617e-01 -2.867559322342694839e-01
1.339745962155614034e-01 -2.911150569799015875e-01
1.420165867650229341e-01 -2.951750959793035256e-01
1.502745700504856119e-01 -2.989325310946616132e-01
1.587464671688187945e-01 -3.023837031675765674e-01
1.674301453652287108e-01 -3.055249842275221672e-01
1.763234185701672008e-01 -3.083529565707172626e-01
1.854240479496642724e-01 -3.108645912090591823e-01
1.947297424689413692e-01 -3.130574181799888889e-01
2.042381594691679014e-01 -3.149296814652969290e-01
2.139469052572124941e-01 -3.164804717876401607e-01
2.238535357082431787e-01 -3.177098313270907415e-01
2.339555568810219865e-01 -3.186188254069197145e-01
2.442504256457417311e-01 -3.192095774103925199e-01
2.547355503242452190e-01 -3.194852645730917873e-01
2.654082913424666845e-01 -3.194500738057922118e-01
2.762659618949298013e-01 -3.191091182926876768e-01
2.873058286211370715e-01 -3.184683172256508876e-01
2.985251122936787294e-01 -3.175342426205936541e-01
3.099209885178879631e-01 -3.163139386586290569e-01
3.214905884428678196e-01 -3.148147203442569486e-01
3.332309994837083789e-01 -3.130439594187066077e-01
3.451392660547150104e-01 -3.110088663559853472e-01
3.572123903134606371e-01 -3.087162778548259157e-01
3.694473329154774888e-01 -3.061724594816280787e-01
3.818410137793947223e-01 -3.033829329868726887e-01
3.943903128623333920e-01 -3.003523372902210942e-01
4.070920709453594855e-01 -2.970843311996256841e-01
4.199430904288018462e-01 -2.935815446025329400e-01
4.329401361372292589e-01 -2.898455831621141732e-01
4.460799361338897429e-01 -2.858770895025135039e-01
4.593591825444023335e-01 -2.816758615234254415e-01
4.727745323894976259e-01 -2.772410259096463325e-01
4.863226084265935834e-01 -2.725712621734953101e-01
5.000000000000001110e-01 -2.676650697782078092e-01
5.138032638995313484e-01 -2.625210681413821523e-01
5.277289252273172915e-01 -2.571383167219970511e-01
5.417734782725895926e-01 -2.515166400729328400e-01
5.559333873942259308e-01 -2.456569408189263337e-01
5.702050879108284676e-01 -2.395614821254903604e-01
5.845849869981135649e-01 -2.332341204846239135e-01
5.990694645933862805e-01 -2.266804696810902353e-01
6.136548743068714895e-01 -2.199079777338041053e-01
6.283375443396724824e-01 -2.129259005342968025e-01
6.431137784081281117e-01 -2.057451589171396256e-01
6.579798566743311206e-01 -1.983780700658965279e-01
6.729320366825783939e-01 -1.908379495309330820e-01
6.879665543015128781e-01 -1.831385867353980956e-01
7.030796246717250231e-01 -1.752936046680051707e-01
7.182674431585703845e-01 -1.673157234705244245e-01
7.335261863099650226e-01 -1.592159577562528017e-01
7.488520128189207758e-01 -1.510027886413762288e-01
7.642410644905727191e-01 -1.426813634975117040e-01
7.796894672134594417e-01 -1.342527891693200970e-01
7.951933319348093443e-01 -1.257135976401041744e-01
8.107487556395898132e-01 -1.170554766318434858e-01
8.263518223330695855e-01 -1.082653711243457412e-01
8.419986040266501659e-01 -9.932607497316289780e-02
8.576851617267149397e-01 -9.021744437523915305e-02
8.734075464262507360e-01 -8.091837653244196571e-02
8.891618000989889303e-01 -7.140970713872886455e-02
9.049439566958173975e-01 -6.167818890001343368e-02
9.207500431432115162e-01 -5.172171981722414186e-02
9.365760803434354242e-01 -4.155599405692346482e-02
9.524180841762578398e-01 -3.122274954567557520e-02
9.682720665019324269e-01 -2.079978461828607336e-02
9.841340361651920166e-01 -1.041291081665934697e-02
9.999999999999998890e-01 -2.500000000000697194e-04
