9.999999999999998890e-01 2.500000000000751404e-04
9.841340361651920166e-01 1.095280121391052110e-02
9.682720665019324269e-01 2.153515121796179682e-02
9.524180841762578398e-01 3.194355249175481748e-02
9.365760803434354242e-01 4.214124493370458718e-02
9.207500431432115162e-01 5.210467995945562009e-02
9.049439566958173975e-01 6.182049495445093162e-02
8.891618000989889303e-01 7.128295135470821831e-02
8.734075464262507360e-01 8.049179748616054619e-02
8.576851617267149397e-01 8.945051602692175030e-02
8.419986040266501659e-01 9.816491550189034021e-02
8.263518223330695855e-01 1.066420255005827156e-01
8.107487556395898132e-01 1.148892562462078409e-01
7.951933319348093443e-01 1.229137846517442262e-01
7.796894672134594417e-01 1.307221309896543227e-01
7.642410644905727191e-01 1.383198926876766655e-01
7.488520128189207758e-01 1.457116044565544000e-01
7.335261863099650226e-01 1.529006968717383508e-01
7.182674431585703845e-01 1.598895285889362639e-01
7.030796246717250231e-01 1.666794704968016516e-01
6.879665543015128781e-01 1.732710232289760843e-01
6.729320366825783939e-01 1.796639525089518963e-01
6.579798566743311206e-01 1.858574297291230304e-01
6.431137784081281117e-01 1.918501679223153789e-01
6.283375443396724824e-01 1.976405458306430274e-01
6.136548743068714895e-01 2.032267150817624879e-01
5.990694645933862805e-01 2.086066875238370699e-01
5.845849869981135649e-01 2.137784015332045984e-01
5.702050879108284676e-01 2.187397675860177915e-01
5.559333873942259308e-01 2.234886945773401079e-01
5.417734782725895926e-01 2.280230992852679273e-01
5.277289252273172915e-01 2.323409020264124158e-01
5.138032638995313484e-01 2.364400119503921593e-01
5.000000000000001110e-01 2.403183055969986270e-01
4.863226084265935834e-01 2.439736023158927403e-01
4.727745323894976259e-01 2.474036399530706587e-01
4.593591825444023335e-01 2.506060538705143781e-01
4.460799361338897429e-01 2.535783619157734314e-01
4.329401361372292589e-01 2.563179574270770811e-01
4.199430904288018462e-01 2.588221117764594736e-01
4.070920709453594855e-01 2.610879873464060918e-01
3.943903128623333920e-01 2.631126612306881607e-01
3.818410137793947223e-01 2.648931593707977150e-01
3.694473329154774888e-01 2.664265003061752624e-01
3.572123903134606371e-01 2.677097472464106676e-01
3.451392660547150104e-01 2.687400667804239474e-01
3.332309994837083789e-01 2.695147922313735345e-01
3.214905884428678196e-01 2.700314894530633780e-01
3.099209885178879631e-01 2.702880227468235086e-01
2.985251122936787294e-01 2.702826185566797879e-01
2.873058286211370715e-01 2.700139246714564067e-01
2.762659618949298013e-01 2.694810628187661039e-01
2.654082913424666845e-01 2.686836727686878756e-01
2.547355503242452190e-01 2.676219463632829032e-01
2.442504256457417311e-01 2.662966502393325774e-01
2.339555568810219865e-01 2.647091364019996118e-01
2.238535357082431787e-01 2.628613402220489337e-01
2.139469052572124941e-01 2.607557658541239110e-01
2.042381594691679014e-01 2.583954594938676075e-01
1.947297424689413692e-01 2.557839712936036403e-01
1.854240479496642724e-01 2.529253071270254893e-01
1.763234185701672008e-01 2.498238717214592286e-01
1.674301453652287108e-01 2.464844049519997193e-01
1.587464671688187945e-01 2.429119133072464021e-01
1.502745700504856119e-01 2.391115986856823528e-01
1.420165867650229341e-01 2.350887867612387050e-01
1.339745962155614034e-01 2.308488571648163179e-01
1.261506229302150617e-01 2.263971776662012658e-01
1.185466365524179277e-01 2.217390444107321945e-01
1.111645513450765232e-01 2.168796300720613468e-01
1.040062257086641351e-01 2.118239415329632447e-01
9.707346171337882801e-02 2.065767884085487061e-01
9.036800464548166989e-02 2.011427633898501821e-01
8.389154256793041053e-02 1.955262350210002498e-01
7.764570589541863743e-02 1.897313531412354592e-01
7.163206698392743377e-02 1.837620668351802877e-01
6.585213973489323358e-02 1.776221543527912450e-01
6.030737921409157209e-02 1.713152640951478567e-01
5.499918128533154427e-02 1.648449654245253693e-01
4.992888225905456334e-02 1.582148077565609934e-01
4.509775855592612626e-02 1.514283861373167950e-01
4.050702638550263135e-02 1.444894113057837992e-01
3.615784144005795842e-02 1.374017820984393401e-01
3.205129860364375194e-02 1.301696579706951851e-01
2.818843167645834757e-02 1.227975293925653855e-01
2.457021311459295365e-02 1.152902839228601428e-01
2.119755378522125699e-02 1.076532658761198552e-01
1.807130273729329328e-02 9.989232766600532332e-02
1.519224698779197968e-02 9.201387113298130360e-02
1.256111132360571148e-02 8.402487743639312778e-02
1.017855811906731578e-02 7.593292440364525497e-02
8.045187169204659483e-03 6.774619057327098404e-02
6.161535538745877005e-03 5.947344553452478533e-02
4.528077426915411152e-03 5.112402654342535629e-02
3.145224048057615462e-03 4.270780177341291367e-02
2.013323528115562588e-03 3.423512092732745177e-02
1.132660816992037134e-03 2.571675428608179506e-02
5.034576168149174080e-04 1.716382158845897177e-02
1.258723261249317105e-04 8.587712417079000626e-03
0.000000000000000000e+00 0.000000000000000000e+00
1.258723261249317105e-04 -8.547978099004715363e-03
5.034576168149174080e-04 -1.708231913574866784e-02
1.132660816992037134e-03 -2.558945273188402425e-02
2.013323528115562588e-03 -3.405606452528030931e-02
3.145224048057615462e-03 -4.246921617744788685e-02
4.528077426915411152e-03 -5.081645602267412243e-02
6.161535538745877005e-03 -5.908591765187504868e-02
8.045187169204659483e-03 -6.726640406276593320e-02
1.017855811906731578e-02 -7.534745541299130156e-02
1.256111132360571148e-02 -8.331939887294249891e-02
1.519224698779197968e-02 -9.117337957716926955e-02
1.807130273729329328e-02 -9.890137220332489987e-02
2.119755378522125699e-02 -1.064961732505196462e-01
2.457021311459295365e-02 -1.139513746292889484e-01
2.818843167645834757e-02 -1.212613196977350011e-01
3.205129860364375194e-02 -1.284210433677605012e-01
3.615784144005795842e-02 -1.354261983475776310e-01
4.050702638550263135e-02 -1.422729699689737892e-01
4.509775855592612626e-02 -1.489579823589414764e-01
4.992888225905456334e-02 -1.554781989459414204e-01
5.499918128533154427e-02 -1.618308204342763235e-01
6.030737921409157209e-02 -1.680131834312018901e-01
6.585213973489323358e-02 -1.740226628685743460e-01
7.163206698392743377e-02 -1.798565812247302775e-01
7.764570589541863743e-02 -1.855121273264039861e-01
8.389154256793041053e-02 -1.909862872008656343e-01
9.036800464548166989e-02 -1.962757890637232550e-01
9.707346171337882801e-02 -2.013770640788717370e-01
1.040062257086641351e-01 -2.062862240267900882e-01
1.111645513450765232e-01 -2.109990564803901347e-01
1.185466365524179277e-01 -2.155110375297988878e-01
1.261506229302150617e-01 -2.198173615355463739e-01
1.339745962155614034e-01 -2.239129868407783719e-01
1.420165867650229341e-01 -2.277926958543626257e-01
1.502745700504856119e-01 -2.314511674445323686e-01
1.587464671688187945e-01 -2.348830591724045680e-01
1.674301453652287108e-01 -2.380830965600833071e-01
1.763234185701672008e-01 -2.410461663409355360e-01
1.854240479496642724e-01 -2.437674104893752247e-01
1.947297424689413692e-01 -2.462423177807708252e-01
2.042381594691679014e-01 -2.484668096925189973e-01
2.139469052572124941e-01 -2.504373176253062994e-01
2.238535357082431787e-01 -2.521508486961777096e-01
2.339555568810219865e-01 -2.536050377259576605e-01
2.442504256457417311e-01 -2.547981835032403497e-01
2.547355503242452190e-01 -2.557292679428754267e-01
2.654082913424666845e-01 -2.563979573530596467e-01
2.762659618949298013e-01 -2.568045856637249935e-01
2.873058286211370715e-01 -2.569501201297380022e-01
2.985251122936787294e-01 -2.568361106837993568e-01
3.099209885178879631e-01 -2.564646247531938705e-01
3.214905884428678196e-01 -2.558381699486776406e-01
3.332309994837083789e-01 -2.549596075601912593e-01
3.451392660547150104e-01 -2.538320602311635588e-01
3.572123903134606371e-01 -2.524588175111391330e-01
3.694473329154774888e-01 -2.508432431880134317e-01
3.818410137793947223e-01 -2.489886883621630076e-01
3.943903128623333920e-01 -2.468984141348568306e-01
4.070920709453594855e-01 -2.445755275365566750e-01
4.199430904288018462e-01 -2.420229339159015447e-01
4.329401361372292589e-01 -2.392433084514105635e-01
4.460799361338897429e-01 -2.362390887447789189e-01
4.593591825444023335e-01 -2.330124896222742492e-01
4.727745323894976259e-01 -2.295655403299549646e-01
4.863226084265935834e-01 -2.259001432855120839e-01
5.000000000000001110e-01 -2.220181524759001490e-01
5.138032638995313484e-01 -2.179214685017414332e-01
5.277289252273172915e-01 -2.136121462069950627e-01
5.417734782725895926e-01 -2.090925098392067416e-01
5.559333873942259308e-01 -2.043652698078474161e-01
5.702050879108284676e-01 -1.994336343933373612e-01
5.845849869981135649e-01 -1.943014092551667016e-01
5.990694645933862805e-01 -1.889730773410059073e-01
6.136548743068714895e-01 -1.834538518546190711e-01
6.283375443396724824e-01 -1.777496953400075352e-01
6.431137784081281117e-01 -1.718672987189451551e-01
6.579798566743311206e-01 -1.658140153091661184e-01
6.729320366825783939e-01 -1.595977464737174945e-01
6.879665543015128781e-01 -1.532267776225200440e-01
7.030796246717250231e-01 -1.467095658093251764e-01
7.182674431585703845e-01 -1.400544831346222374e-01
7.335261863099650226e-01 -1.332695235596619288e-01
7.488520128189207758e-01 -1.263619845284962850e-01
7.642410644905727191e-01 -1.193381389410780313e-01
7.796894672134594417e-01 -1.122029174655668760e-01
7.951933319348093443e-01 -1.049596258539731708e-01
8.107487556395898132e-01 -9.760972675175411117e-02
8.263518223330695855e-01 -9.015272037696810126e-02
8.419986040266501659e-01 -8.258616328535921258e-02
8.576851617267149397e-01 -7.490586912207210235e-02
8.734075464262507360e-01 -6.710633966833484676e-02
8.891618000989889303e-01 -5.918147849588402398e-02
9.049439566958173975e-01 -5.112564301232458419e-02
9.207500431432115162e-01 -4.293509348415341931e-02
9.365760803434354242e-01 -3.460989962827413363e-02
9.524180841762578398e-01 -2.615636643785283072e-02
9.682720665019324269e-01 -1.759004093022190768e-02
9.841340361651920166e-01 -8.939360357496472023e-03
9.999999999999998890e-01 -2.500000000000607747e-04
