9.999999999999998890e-01 2.500000000001130333e-04
9.841340361651920166e-01 1.625861473673409843e-02
9.682720665019324269e-01 3.195578357519252011e-02
9.524180841762578398e-01 4.733119504677154449e-02
9.365760803434354242e-01 6.238176073858065634e-02
9.207500431432115162e-01 7.710923436590050306e-02
9.049439566958173975e-01 9.151829418145719652e-02
8.891618000989889303e-01 1.056150414075760074e-01
8.734075464262507360e-01 1.194058666166638583e-01
8.576851617267149397e-01 1.328966361480882208e-01
8.419986040266501659e-01 1.460921516464109560e-01
8.263518223330695855e-01 1.589958375407583002e-01
8.107487556395898132e-01 1.716096136562429153e-01
7.951933319348093443e-01 1.839339130511194742e-01
7.796894672134594417e-01 1.959678085020142846e-01
7.642410644905727191e-01 2.077092147093280439e-01
7.488520128189207758e-01 2.191551371636922818e-01
7.335261863099650226e-01 2.303019426045439799e-01
7.182674431585703845e-01 2.411456300216956727e-01
7.030796246717250231e-01 2.516820851156844618e-01
6.879665543015128781e-01 2.619073049663379615e-01
6.729320366825783939e-01 2.718175832942312242e-01
6.579798566743311206e-01 2.814096500790374544e-01
6.431137784081281117e-01 2.906807623748957070e-01
6.283375443396724824e-01 2.996287458988595165e-01
6.136548743068714895e-01 3.082519893375477160e-01
5.990694645933862805e-01 3.165493953027714857e-01
5.845849869981135649e-01 3.245202934622153923e-01
5.702050879108284676e-01 3.321643225784656206e-01
5.559333873942259308e-01 3.394812890194170985e-01
5.417734782725895926e-01 3.464710097735382299e-01
5.277289252273172915e-01 3.531331481394448524e-01
5.138032638995313484e-01 3.594670500911200106e-01
5.000000000000001110e-01 3.654715888828918291e-01
4.863226084265935834e-01 3.711450247903125277e-01
4.727745323894976259e-01 3.764848860251088225e-01
4.593591825444023335e-01 3.814878758564104189e-01
4.460799361338897429e-01 3.861498098587055616e-01
4.329401361372292589e-01 3.904655860309309001e-01
4.199430904288018462e-01 3.944291893305680308e-01
4.070920709453594855e-01 3.980337309789654943e-01
3.943903128623333920e-01 4.012715217535180456e-01
3.818410137793947223e-01 4.041341774192322434e-01
3.694473329154774888e-01 4.066127534927951315e-01
3.572123903134606371e-01 4.086979056981444036e-01
3.451392660547150104e-01 4.103800717805116127e-01
3.332309994837083789e-01 4.116496698078958572e-01
3.214905884428678196e-01 4.124973077119228337e-01
3.099209885178879631e-01 4.129139986063253831e-01
2.985251122936787294e-01 4.128913763685901905e-01
2.873058286211370715e-01 4.124219060722251196e-01
2.762659618949298013e-01 4.114990841033733249e-01
2.654082913424666845e-01 4.101176231726505472e-01
2.547355503242452190e-01 4.082736179247987707e-01
2.442504256457417311e-01 4.059646874365935854e-01
2.339555568810219865e-01 4.031900915572891875e-01
2.238535357082431787e-01 3.999508187646990121e-01
2.139469052572124941e-01 3.962496439622640310e-01
2.042381594691679014e-01 3.920911554068666760e-01
1.947297424689413692e-01 3.874817507130772776e-01
1.854240479496642724e-01 3.824296026075897359e-01
1.763234185701672008e-01 3.769445957900738886e-01
1.674301453652287108e-01 3.710382368778264439e-01
1.587464671688187945e-01 3.647235399581036375e-01
1.502745700504856119e-01 3.580148907330900077e-01
1.420165867650229341e-01 3.509278926100831142e-01
1.339745962155614034e-01 3.434791983584861708e-01
1.261506229302150617e-01 3.356863311232391456e-01
1.185466365524179277e-01 3.275674986518573029e-01
1.111645513450765232e-01 3.191414045623374718e-01
1.040062257086641351e-01 3.104270603574049159e-01
9.707346171337882801e-02 3.014436016846058775e-01
9.036800464548166989e-02 2.922101120612424774e-01
8.389154256793041053e-02 2.827454569392742201e-01
7.764570589541863743e-02 2.730681305904364975e-01
7.163206698392743377e-02 2.631961178591226136e-01
6.585213973489323358e-02 2.531467723736487430e-01
6.030737921409157209e-02 2.429367123389497007e-01
5.499918128533154427e-02 2.325817345688409032e-01
4.992888225905456334e-02 2.220967469662710470e-01
4.509775855592612626e-02 2.114957192370262307e-01
4.050702638550263135e-02 2.007916512363598360e-01
3.615784144005795842e-02 1.899965580077335459e-01
3.205129860364375194e-02 1.791214702851681440e-01
2.818843167645834757e-02 1.681764490007751911e-01
2.457021311459295365e-02 1.571706121699530112e-01
2.119755378522125699e-02 1.461121724197147198e-01
1.807130273729329328e-02 1.350084833798612105e-01
1.519224698779197968e-02 1.238660931696501100e-01
1.256111132360571148e-02 1.126908032798911163e-01
1.017855811906731578e-02 1.014877312661810332e-01
8.045187169204659483e-03 9.026137582610713195e-02
6.161535538745877005e-03 7.901568302350016337e-02
4.528077426915411152e-03 6.775411263717584509e-02
3.145224048057615462e-03 5.647970384067729777e-02
2.013323528115562588e-03 4.519513965357201818e-02
1.132660816992037134e-03 3.390280983447215013e-02
5.034576168149174080e-04 2.260487210198526553e-02
1.258723261249317105e-04 1.130331176393228540e-02
0.000000000000000000e+00 0.000000000000000000e+00
1.258723261249317105e-04 -1.035877092027616929e-02
5.034576168149174080e-04 -2.068735246299088434e-02
1.132660816992037134e-03 -3.095583050738685491e-02
2.013323528115562588e-03 -4.113496086785089351e-02
3.145224048057615462e-03 -5.119648825182195745e-02
4.528077426915411152e-03 -6.111344641034498204e-02
6.161535538745877005e-03 -7.086043389053447994e-02
8.045187169204659483e-03 -8.041386035876357807e-02
1.017855811906731578e-02 -8.975215913603488971e-02
1.256111132360571148e-02 -9.885596235590429770e-02
1.519224698779197968e-02 -1.077082360013120604e-01
1.807130273729329328e-02 -1.162943729785679003e-01
2.119755378522125699e-02 -1.246022433221649350e-01
2.457021311459295365e-02 -1.326222015697572920e-01
2.818843167645834757e-02 -1.403470522791976371e-01
3.205129860364375194e-02 -1.477719755560082393e-01
3.615784144005795842e-02 -1.548944152981514555e-01
4.050702638550263135e-02 -1.617139336251481874e-01
4.509775855592612626e-02 -1.682320356222904156e-01
4.992888225905456334e-02 -1.744519690823128633e-01
5.499918128533154427e-02 -1.803785043538842503e-01
6.030737921409157209e-02 -1.860176996994108711e-01
6.585213973489323358e-02 -1.913766577182993700e-01
7.163206698392743377e-02 -1.964632784040849789e-01
7.764570589541863743e-02 -2.012860142766026983e-01
8.389154256793041053e-02 -2.058536327692747081e-01
9.036800464548166989e-02 -2.101749906658157419e-01
9.707346171337882801e-02 -2.142588248827710651e-01
1.040062257086641351e-01 -2.181135632998284779e-01
1.111645513450765232e-01 -2.217471586669012840e-01
1.185466365524179277e-01 -2.251669478857377671e-01
1.261506229302150617e-01 -2.283795381959718984e-01
1.339745962155614034e-01 -2.313907210136760817e-01
1.420165867650229341e-01 -2.342054133974756092e-01
1.502745700504856119e-01 -2.368276263755909605e-01
1.587464671688187945e-01 -2.392604586782285103e-01
1.674301453652287108e-01 -2.415061138032632004e-01
1.763234185701672008e-01 -2.435659378166470934e-01
1.854240479496642724e-01 -2.454404748670730718e-01
1.947297424689413692e-01 -2.471295370885109310e-01
2.042381594691679014e-01 -2.486322853820198686e-01
2.139469052572124941e-01 -2.499473175134642178e-01
2.238535357082431787e-01 -2.510727600360461165e-01
2.339555568810219865e-01 -2.520063607413179918e-01
2.442504256457417311e-01 -2.527455786508329694e-01
2.547355503242452190e-01 -2.532876689701342166e-01
2.654082913424666845e-01 -2.536297609210496629e-01
2.762659618949298013e-01 -2.537689269276709458e-01
2.873058286211370715e-01 -2.537022422337001371e-01
2.985251122936787294e-01 -2.534268346497485225e-01
3.099209885178879631e-01 -2.529399247430227926e-01
3.214905884428678196e-01 -2.522388573624838037e-01
3.332309994837083789e-01 -2.513211259141887033e-01
3.451392660547150104e-01 -2.501843912394909886e-01
3.572123903134606371e-01 -2.488264972805835640e-01
3.694473329154774888e-01 -2.472454859239838487e-01
3.818410137793947223e-01 -2.454396134773110527e-01
3.943903128623333920e-01 -2.434073711469965928e-01
4.070920709453594855e-01 -2.411475116386714579e-01
4.199430904288018462e-01 -2.386590835980064995e-01
4.329401361372292589e-01 -2.359414750542712935e-01
4.460799361338897429e-01 -2.329944663349816369e-01
4.593591825444023335e-01 -2.298182921077117358e-01
4.727745323894976259e-01 -2.264137113012051616e-01
4.863226084265935834e-01 -2.227820826956191380e-01
5.000000000000001110e-01 -2.189254429904868571e-01
5.138032638995313484e-01 -2.148465832036934586e-01
5.277289252273172915e-01 -2.105491183750074768e-01
5.417734782725895926e-01 -2.060375447967708329e-01
5.559333873942259308e-01 -2.013172784279790295e-01
5.702050879108284676e-01 -1.963946678231349996e-01
5.845849869981135649e-01 -1.912769748805688286e-01
5.990694645933862805e-01 -1.859723170411591020e-01
6.136548743068714895e-01 -1.804895652988142141e-01
6.283375443396724824e-01 -1.748381935646802221e-01
6.431137784081281117e-01 -1.690280765969082999e-01
6.579798566743311206e-01 -1.630692358973749867e-01
6.729320366825783939e-01 -1.569715357061834404e-01
6.879665543015128781e-01 -1.507443345025221704e-01
7.030796246717250231e-01 -1.443961012418133183e-01
7.182674431585703845e-01 -1.379340099050735957e-01
7.335261863099650226e-01 -1.313635307727944179e-01
7.488520128189207758e-01 -1.246880421122703447e-01
7.642410644905727191e-01 -1.179084916176938863e-01
7.796894672134594417e-01 -1.110231428835990741e-01
7.951933319348093443e-01 -1.040274483253893212e-01
8.107487556395898132e-01 -9.691409617122132003e-02
8.263518223330695855e-01 -8.967328530844810575e-02
8.419986040266501659e-01 -8.229328773303490330e-02
8.576851617267149397e-01 -7.476136396836229048e-02
8.734075464262507360e-01 -6.706510192785607172e-02
8.891618000989889303e-01 -5.919425412435106587e-02
9.049439566958173975e-01 -5.114315170433681584e-02
9.207500431432115162e-01 -4.291377633257905527e-02
9.365760803434354242e-01 -3.451957229962261675e-02
9.524180841762578398e-01 -2.599008120467907051e-02
9.682720665019324269e-01 -1.737648002201984052e-02
9.841340361651920166e-01 -8.758100145933284120e-03
9.999999999999998890e-01 -2.500000000000587690e-04
