9.999999999999998890e-01 2.500000000000585521e-04
9.841340361651920166e-01 8.087039302199916860e-03
9.682720665019324269e-01 1.499389638141858036e-02
9.524180841762578398e-01 2.114883774454364221e-02
9.365760803434354242e-01 2.670097565188641123e-02
9.207500431432115162e-01 3.177370217673025632e-02
9.049439566958173975e-01 3.646789580485164384e-02
8.891618000989889303e-01 4.086489378596122601e-02
8.734075464262507360e-01 4.502922678956380875e-02
8.576851617267149397e-01 4.901111550215597051e-02
8.419986040266501659e-01 5.284873161282112319e-02
8.263518223330695855e-01 5.657022815671189364e-02
8.107487556395898132e-01 6.019554641179023641e-02
7.951933319348093443e-01 6.373800846914388918e-02
7.796894672134594417e-01 6.720570622104746206e-02
7.642410644905727191e-01 7.060269883750631970e-02
7.488520128189207758e-01 7.393003183878732454e-02
7.335261863099650226e-01 7.718659162923412198e-02
7.182674431585703845e-01 8.036980985028913116e-02
7.030796246717250231e-01 8.347623215451441259e-02
6.879665543015128781e-01 8.650196601613195646e-02
6.729320366825783939e-01 8.944302199761809680e-02
6.579798566743311206e-01 9.229556250800406703e-02
6.431137784081281117e-01 9.505607153957580657e-02
6.283375443396724824e-01 9.772145817905462939e-02
6.136548743068714895e-01 1.002891058807168917e-01
5.990694645933862805e-01 1.027568785857964490e-01
5.845849869981135649e-01 1.051230937979401592e-01
5.702050879108284676e-01 1.073864717007174535e-01
5.559333873942259308e-01 1.095460683514117156e-01
5.417734782725895926e-01 1.116011999254345466e-01
5.277289252273172915e-01 1.135513639360635901e-01
5.138032638995313484e-01 1.153961623314784524e-01
5.000000000000001110e-01 1.171352303900800723e-01
4.863226084265935834e-01 1.187681744087083491e-01
4.727745323894976259e-01 1.202945203174919375e-01
4.593591825444023335e-01 1.217136745685033772e-01
4.460799361338897429e-01 1.230248979399364700e-01
4.329401361372292589e-01 1.242272922779663336e-01
4.199430904288018462e-01 1.253197996676295722e-01
4.070920709453594855e-01 1.263012130829834212e-01
3.943903128623333920e-01 1.271701972147309956e-01
3.818410137793947223e-01 1.279253179081131508e-01
3.694473329154774888e-01 1.285650784614130460e-01
3.572123903134606371e-01 1.290879609308671905e-01
3.451392660547150104e-01 1.294924705550268285e-01
3.332309994837083789e-01 1.297771814436641524e-01
3.214905884428678196e-01 1.299407817654622266e-01
3.099209885178879631e-01 1.299821168067667176e-01
2.985251122936787294e-01 1.299002284520717476e-01
2.873058286211370715e-01 1.296943898470102885e-01
2.762659618949298013e-01 1.293641342377978842e-01
2.654082913424666845e-01 1.289092772289329170e-01
2.547355503242452190e-01 1.283299319554265794e-01
2.442504256457417311e-01 1.276265169193764593e-01
2.339555568810219865e-01 1.267997564863527493e-01
2.238535357082431787e-01 1.258506742686114066e-01
2.139469052572124941e-01 1.247805798341502098e-01
2.042381594691679014e-01 1.235910493684922867e-01
1.947297424689413692e-01 1.222839010761437584e-01
1.854240479496642724e-01 1.208611662381625929e-01
1.763234185701672008e-01 1.193250569393518451e-01
1.674301453652287108e-01 1.176779315423273076e-01
1.587464671688187945e-01 1.159222590160456368e-01
1.502745700504856119e-01 1.140605832240895318e-01
1.420165867650229341e-01 1.120954882446292267e-01
1.339745962155614034e-01 1.100295657317382630e-01
1.261506229302150617e-01 1.078653852394772655e-01
1.185466365524179277e-01 1.056054683192103189e-01
1.111645513450765232e-01 1.032522670707520657e-01
1.040062257086641351e-01 1.008081476832177886e-01
9.707346171337882801e-02 9.827537934614720416e-02
9.036800464548166989e-02 9.565612874995015058e-02
8.389154256793041053e-02 9.295246023135438074e-02
7.764570589541863743e-02 9.016634145857040095e-02
7.163206698392743377e-02 8.729965439639286728e-02
6.585213973489323358e-02 8.435421114720206837e-02
6.030737921409157209e-02 8.133177413323239291e-02
5.499918128533154427e-02 7.823407997151926585e-02
4.992888225905456334e-02 7.506286629813346822e-02
4.509775855592612626e-02 7.181990072463492747e-02
4.050702638550263135e-02 6.850701105855018513e-02
3.615784144005795842e-02 6.512611589195368977e-02
3.205129860364375194e-02 6.167925465816675307e-02
2.818843167645834757e-02 5.816861627588931771e-02
2.457021311459295365e-02 5.459656554188040134e-02
2.119755378522125699e-02 5.096566649623030659e-02
1.807130273729329328e-02 4.727870206645616580e-02
1.519224698779197968e-02 4.353868939581973657e-02
1.256111132360571148e-02 3.974889037474717973e-02
1.017855811906731578e-02 3.591281701906843399e-02
8.045187169204659483e-03 3.203423147179101926e-02
6.161535538745877005e-03 2.811714054293521989e-02
4.528077426915411152e-03 2.416578484114906278e-02
3.145224048057615462e-03 2.018462268798429035e-02
2.013323528115562588e-03 1.617830913747299315e-02
1.132660816992037134e-03 1.215167054683710147e-02
5.034576168149174080e-04 8.109675255801321314e-03
1.258723261249317105e-04 4.057401029395018080e-03
0.000000000000000000e+00 0.000000000000000000e+00
1.258723261249317105e-04 -4.025505106986747121e-03
5.034576168149174080e-04 -8.044297701462978581e-03
1.132660816992037134e-03 -1.204966969892833084e-02
2.013323528115562588e-03 -1.603504601837607915e-02
3.145224048057615462e-03 -1.999404679125101753e-02
4.528077426915411152e-03 -2.392054455104620711e-02
6.161535538745877005e-03 -2.780871496171874457e-02
8.045187169204659483e-03 -3.165307983252648588e-02
1.017855811906731578e-02 -3.544854139289307926e-02
1.256111132360571148e-02 -3.919040705679182474e-02
1.519224698779197968e-02 -4.287440418428702799e-02
1.807130273729329328e-02 -4.649668463997159995e-02
2.119755378522125699e-02 -5.005381924538929855e-02
2.457021311459295365e-02 -5.354278251618418971e-02
2.818843167645834757e-02 -5.696092835586593489e-02
3.205129860364375194e-02 -6.030595763821501587e-02
3.615784144005795842e-02 -6.357587884158695524e-02
4.050702638550263135e-02 -6.676896309364868665e-02
4.509775855592612626e-02 -6.988369513838688096e-02
4.992888225905456334e-02 -7.291872184379864785e-02
5.499918128533154427e-02 -7.587279992513888682e-02
6.030737921409157209e-02 -7.874474456308658277e-02
6.585213973489323358e-02 -8.153338054842873550e-02
7.163206698392743377e-02 -8.423749748615669275e-02
7.764570589541863743e-02 -8.685581044514589788e-02
8.389154256793041053e-02 -8.938692724926661226e-02
9.036800464548166989e-02 -9.182932337768257014e-02
9.707346171337882801e-02 -9.418132518331753800e-02
1.040062257086641351e-01 -9.644110185712805039e-02
1.111645513450765232e-01 -9.860666627085569458e-02
1.185466365524179277e-01 -1.006758845318392326e-01
1.261506229302150617e-01 -1.026464937899981555e-01
1.339745962155614034e-01 -1.045161275589878147e-01
1.420165867650229341e-01 -1.062823475601492595e-01
1.502745700504856119e-01 -1.079426808779805208e-01
1.587464671688187945e-01 -1.094946610372370399e-01
1.674301453652287108e-01 -1.109358714810192020e-01
1.763234185701672008e-01 -1.122639898514567747e-01
1.854240479496642724e-01 -1.134768314533181610e-01
1.947297424689413692e-01 -1.145723903176969344e-01
2.042381594691679014e-01 -1.155488763775517486e-01
2.139469052572124941e-01 -1.164047474169915553e-01
2.238535357082431787e-01 -1.171387346574992161e-01
2.339555568810219865e-01 -1.177498610905379772e-01
2.442504256457417311e-01 -1.182374519491321552e-01
2.547355503242452190e-01 -1.186011370214060529e-01
2.654082913424666845e-01 -1.188408448356678554e-01
2.762659618949298013e-01 -1.189567890773659681e-01
2.873058286211370715e-01 -1.189494479203387911e-01
2.985251122936787294e-01 -1.188195372551532625e-01
3.099209885178879631e-01 -1.185679790630415065e-01
3.214905884428678196e-01 -1.181958664026570155e-01
3.332309994837083789e-01 -1.177044266373104831e-01
3.451392660547150104e-01 -1.170949846227730684e-01
3.572123903134606371e-01 -1.163689275924153499e-01
3.694473329154774888e-01 -1.155276734120764953e-01
3.818410137793947223e-01 -1.145726437291428590e-01
3.943903128623333920e-01 -1.135052433095348756e-01
4.070920709453594855e-01 -1.123268465467631566e-01
4.199430904288018462e-01 -1.110387917466636870e-01
4.329401361372292589e-01 -1.096423833513377466e-01
4.460799361338897429e-01 -1.081389017814393394e-01
4.593591825444023335e-01 -1.065296200661709491e-01
4.727745323894976259e-01 -1.048158259175199919e-01
4.863226084265935834e-01 -1.029988474149103883e-01
5.000000000000001110e-01 -1.010800800267815797e-01
5.138032638995313484e-01 -9.906101233708464182e-02
5.277289252273172915e-01 -9.694324759927545887e-02
5.417734782725895926e-01 -9.472851814092349276e-02
5.559333873942259308e-01 -9.241868972134058280e-02
5.702050879108284676e-01 -9.001575323462319977e-02
5.845849869981135649e-01 -8.752180168128542714e-02
5.990694645933862805e-01 -8.493899113052025274e-02
6.136548743068714895e-01 -8.226948548551625551e-02
6.283375443396724824e-01 -7.951538626478295291e-02
6.431137784081281117e-01 -7.667865033589570112e-02
6.579798566743311206e-01 -7.376100059050007263e-02
6.729320366825783939e-01 -7.076383692923826629e-02
6.879665543015128781e-01 -6.768815762252278212e-02
7.030796246717250231e-01 -6.453450410880101629e-02
7.182674431585703845e-01 -6.130294555761958697e-02
7.335261863099650226e-01 -5.799312302202083019e-02
7.488520128189207758e-01 -5.460437668517774401e-02
7.642410644905727191e-01 -5.113598351129386432e-02
7.796894672134594417e-01 -4.758753647251144636e-02
7.951933319348093443e-01 -4.395950036447842518e-02
8.107487556395898132e-01 -4.025398295733102066e-02
8.263518223330695855e-01 -3.647576376252990860e-02
8.419986040266501659e-01 -3.263362592911975280e-02
8.576851617267149397e-01 -2.874203961033285071e-02
8.734075464262507360e-01 -2.482324745424645263e-02
8.891618000989889303e-01 -2.090980455989890907e-02
9.049439566958173975e-01 -1.704762619250160816e-02
9.207500431432115162e-01 -1.329959666006029842e-02
9.365760803434354242e-01 -9.749791915207257909e-03
9.524180841762578398e-01 -6.508366563473731020e-03
9.682720665019324269e-01 -3.717152944803729653e-03
9.841340361651920166e-01 -1.556015732464129499e-03
9.999999999999998890e-01 -2.500000000000055346e-04
