9.999999999999998890e-01 2.500000000000518301e-04
9.841340361651920166e-01 7.571534671424578686e-03
9.682720665019324269e-01 1.471238323924761726e-02
9.524180841762578398e-01 2.167711148298757246e-02
9.365760803434354242e-01 2.846912704659943644e-02
9.207500431432115162e-01 3.509092802898053365e-02
9.049439566958173975e-01 4.154431224321537830e-02
8.891618000989889303e-01 4.783055054989444888e-02
8.734075464262507360e-01 5.395052779050932973e-02
8.576851617267149397e-01 5.990485489406528058e-02
8.419986040266501659e-01 6.569395571013508794e-02
8.263518223330695855e-01 7.131813204169447362e-02
8.107487556395898132e-01 7.677761021874610070e-02
7.951933319348093443e-01 8.207257237676431061e-02
7.796894672134594417e-01 8.720317539029086296e-02
7.642410644905727191e-01 9.216956016947557007e-02
7.488520128189207758e-01 9.697185376368261389e-02
7.335261863099650226e-01 1.016101664388894821e-01
7.182674431585703845e-01 1.060845856114649016e-01
7.030796246717250231e-01 1.103951682365004183e-01
6.879665543015128781e-01 1.145419329700388816e-01
6.729320366825783939e-01 1.185248531564979391e-01
6.579798566743311206e-01 1.223438514397938298e-01
6.431137784081281117e-01 1.259987965628652506e-01
6.283375443396724824e-01 1.294895027084409789e-01
6.136548743068714895e-01 1.328157315461832300e-01
5.990694645933862805e-01 1.359771969892370758e-01
5.845849869981135649e-01 1.389735725274534317e-01
5.702050879108284676e-01 1.418045008952030506e-01
5.559333873942259308e-01 1.444696057482062757e-01
5.417734782725895926e-01 1.469685049650650277e-01
5.277289252273172915e-01 1.493008251536072639e-01
5.138032638995313484e-01 1.514662169277418979e-01
5.000000000000001110e-01 1.534643705249497669e-01
4.863226084265935834e-01 1.552950313552313999e-01
4.727745323894976259e-01 1.569580151065557982e-01
4.593591825444023335e-01 1.584532220767907729e-01
4.460799361338897429e-01 1.597806504549055817e-01
4.329401361372292589e-01 1.609404083321644141e-01
4.199430904288018462e-01 1.619327242844234016e-01
4.070920709453594855e-01 1.627579564270589252e-01
3.943903128623333920e-01 1.634165999022659244e-01
3.818410137793947223e-01 1.639092928125304993e-01
3.694473329154774888e-01 1.642368206623641136e-01
3.572123903134606371e-01 1.644001194115770614e-01
3.451392660547150104e-01 1.644002772764997511e-01
3.332309994837083789e-01 1.642385354400119624e-01
3.214905884428678196e-01 1.639162878467163853e-01
3.099209885178879631e-01 1.634350802661449775e-01
2.985251122936787294e-01 1.627966088048392879e-01
2.873058286211370715e-01 1.620027180381220788e-01
2.762659618949298013e-01 1.610553989152195553e-01
2.654082913424666845e-01 1.599567865681567336e-01
2.547355503242452190e-01 1.587091581267370544e-01
2.442504256457417311e-01 1.573149306102540057e-01
2.339555568810219865e-01 1.557766589327554962e-01
2.238535357082431787e-01 1.540970340241011316e-01
2.139469052572124941e-01 1.522788810351115574e-01
2.042381594691679014e-01 1.503251575631304737e-01
1.947297424689413692e-01 1.482389518055328426e-01
1.854240479496642724e-01 1.460234805242084655e-01
1.763234185701672008e-01 1.436820866847530187e-01
1.674301453652287108e-01 1.412182366207500317e-01
1.587464671688187945e-01 1.386355165666596501e-01
1.502745700504856119e-01 1.359376284027622450e-01
1.420165867650229341e-01 1.331283844624255586e-01
1.339745962155614034e-01 1.302117012655557016e-01
1.261506229302150617e-01 1.271915920621051743e-01
1.185466365524179277e-01 1.240721580954077252e-01
1.111645513450765232e-01 1.208575785261683383e-01
1.040062257086641351e-01 1.175520989932622162e-01
9.707346171337882801e-02 1.141600188260841059e-01
9.036800464548166989e-02 1.106856769639041199e-01
8.389154256793041053e-02 1.071334366793440657e-01
7.764570589541863743e-02 1.035076692444544672e-01
7.163206698392743377e-02 9.981273671771513645e-02
6.585213973489323358e-02 9.605297406740051502e-02
6.030737921409157209e-02 9.223267088000609848e-02
5.499918128533154427e-02 8.835605293078137301e-02
4.992888225905456334e-02 8.442726391594511381e-02
4.509775855592612626e-02 8.045034766209184507e-02
4.050702638550263135e-02 7.642923113703777027e-02
3.615784144005795842e-02 7.236770858748871327e-02
3.205129860364375194e-02 6.826942712221067966e-02
2.818843167645834757e-02 6.413787404484198873e-02
2.457021311459295365e-02 5.997636621828281167e-02
2.119755378522125699e-02 5.578804171312353594e-02
1.807130273729329328e-02 5.157585395640187920e-02
1.519224698779197968e-02 4.734256855486440596e-02
1.256111132360571148e-02 4.309076291975614398e-02
1.017855811906731578e-02 3.882282876901916452e-02
8.045187169204659483e-03 3.454097752879298905e-02
6.161535538745877005e-03 3.024724860051671016e-02
4.528077426915411152e-03 2.594352040399878004e-02
3.145224048057615462e-03 2.163152405186888685e-02
2.013323528115562588e-03 1.731285945810216026e-02
1.132660816992037134e-03 1.298901363408231854e-02
5.034576168149174080e-04 8.661380881080630104e-03
1.258723261249317105e-04 4.331284549130472346e-03
0.000000000000000000e+00 0.000000000000000000e+00
1.258723261249317105e-04 -4.074935298160792946e-03
5.034576168149174080e-04 -8.138740891796671442e-03
1.132660816992037134e-03 -1.218035751966706562e-02
2.013323528115562588e-03 -1.618898957569307392e-02
3.145224048057615462e-03 -2.015422922949302101e-02
4.528077426915411152e-03 -2.406617152190234851e-02
6.161535538745877005e-03 -2.791551780850135348e-02
8.045187169204659483e-03 -3.169366523755620668e-02
1.017855811906731578e-02 -3.539278032403297275e-02
1.256111132360571148e-02 -3.900585510815589296e-02
1.519224698779197968e-02 -4.252674485359973777e-02
1.807130273729329328e-02 -4.595018673394207775e-02
2.119755378522125699e-02 -4.927179946284643286e-02
2.457021311459295365e-02 -5.248806432953949386e-02
2.818843167645834757e-02 -5.559628859245582810e-02
3.205129860364375194e-02 -5.859455264676934755e-02
3.615784144005795842e-02 -6.148164280298785284e-02
4.050702638550263135e-02 -6.425697188204622379e-02
4.509775855592612626e-02 -6.692049013701899252e-02
4.992888225905456334e-02 -6.947258924405502745e-02
5.499918128533154427e-02 -7.191400225877772612e-02
6.030737921409157209e-02 -7.424570250473802591e-02
6.585213973489323358e-02 -7.646880434544797711e-02
7.163206698392743377e-02 -7.858446869134361190e-02
7.764570589541863743e-02 -8.059381591046688165e-02
8.389154256793041053e-02 -8.249784855180655740e-02
9.036800464548166989e-02 -8.429738596046766619e-02
9.707346171337882801e-02 -8.599301247358609457e-02
1.040062257086641351e-01 -8.758504044644703501e-02
1.111645513450765232e-01 -8.907348888242715146e-02
1.185466365524179277e-01 -9.045807794217862463e-02
1.261506229302150617e-01 -9.173823910174923324e-02
1.339745962155614034e-01 -9.291314023132501987e-02
1.420165867650229341e-01 -9.398172439121242616e-02
1.502745700504856119e-01 -9.494276070428224468e-02
1.587464671688187945e-01 -9.579490527823786294e-02
1.674301453652287108e-01 -9.653676982924591643e-02
1.763234185701672008e-01 -9.716699541149138863e-02
1.854240479496642724e-01 -9.768432849380437322e-02
1.947297424689413692e-01 -9.808769655099010276e-02
2.042381594691679014e-01 -9.837628035758623490e-02
2.139469052572124941e-01 -9.854958028635306400e-02
2.238535357082431787e-01 -9.860747412084547303e-02
2.339555568810219865e-01 -9.855026418593226811e-02
2.442504256457417311e-01 -9.837871197423660174e-02
2.547355503242452190e-01 -9.809405888953437458e-02
2.654082913424666845e-01 -9.769803222699034728e-02
2.762659618949298013e-01 -9.719283604933100229e-02
2.873058286211370715e-01 -9.658112718039436884e-02
2.985251122936787294e-01 -9.586597710430765085e-02
3.099209885178879631e-01 -9.505082111027240988e-02
3.214905884428678196e-01 -9.413939653970905541e-02
3.332309994837083789e-01 -9.313567245471078559e-02
3.451392660547150104e-01 -9.204377343564376646e-02
3.572123903134606371e-01 -9.086790051408362434e-02
3.694473329154774888e-01 -8.961225243999215717e-02
3.818410137793947223e-01 -8.828095055673378100e-02
3.943903128623333920e-01 -8.687797050509554753e-02
4.070920709453594855e-01 -8.540708379256643779e-02
4.199430904288018462e-01 -8.387181194558948616e-02
4.329401361372292589e-01 -8.227539551369836279e-02
4.460799361338897429e-01 -8.062077962349870064e-02
4.593591825444023335e-01 -7.891061710035750243e-02
4.727745323894976259e-01 -7.714728940428865200e-02
4.863226084265935834e-01 -7.533294478648162873e-02
5.000000000000001110e-01 -7.346955219130842096e-02
5.138032638995313484e-01 -7.155896853664206470e-02
5.277289252273172915e-01 -6.960301613764667550e-02
5.417734782725895926e-01 -6.760356623349067506e-02
5.559333873942259308e-01 -6.556262387240874290e-02
5.702050879108284676e-01 -6.348240884916810101e-02
5.845849869981135649e-01 -6.136542701146711909e-02
5.990694645933862805e-01 -5.921452609849157944e-02
6.136548743068714895e-01 -5.703293038419993827e-02
6.283375443396724824e-01 -5.482424880523271982e-02
6.431137784081281117e-01 -5.259245198968604679e-02
6.579798566743311206e-01 -5.034181469397101816e-02
6.729320366825783939e-01 -4.807682161964166312e-02
6.879665543015128781e-01 -4.580203643185684625e-02
7.030796246717250231e-01 -4.352193603889134565e-02
7.182674431585703845e-01 -4.124071481126397737e-02
7.335261863099650226e-01 -3.896206640290409556e-02
7.488520128189207758e-01 -3.668895415798290038e-02
7.642410644905727191e-01 -3.442338470724715105e-02
7.796894672134594417e-01 -3.216620322742843457e-02
7.951933319348093443e-01 -2.991693289606372694e-02
8.107487556395898132e-01 -2.767368525063642823e-02
8.263518223330695855e-01 -2.543317237401097539e-02
8.419986040266501659e-01 -2.319085598705706089e-02
8.576851617267149397e-01 -2.094127253530157426e-02
8.734075464262507360e-01 -1.867857710365392054e-02
8.891618000989889303e-01 -1.639735237062033696e-02
9.049439566958173975e-01 -1.409373170624906094e-02
9.207500431432115162e-01 -1.176688780999097031e-02
9.365760803434354242e-01 -9.420939859857271892e-03
9.524180841762578398e-01 -7.067332889591920048e-03
9.682720665019324269e-01 -4.727742918036555685e-03
9.841340361651920166e-01 -2.437560123974112734e-03
9.999999999999998890e-01 -2.500000000000147504e-04
