9.999999999999998890e-01 2.500000000000243998e-04
9.841340361651920166e-01 3.637787508364870998e-03
9.682720665019324269e-01 6.847006669768083108e-03
9.524180841762578398e-01 9.912836210368314305e-03
9.365760803434354242e-01 1.285891071075989829e-02
9.207500431432115162e-01 1.569997116823271255e-02
9.049439566958173975e-01 1.844410980994791449e-02
8.891618000989889303e-01 2.109464159907672304e-02
8.734075464262507360e-01 2.365163638314520672e-02
8.576851617267149397e-01 2.611314640983402463e-02
8.419986040266501659e-01 2.847616403928608653e-02
8.263518223330695855e-01 3.073734397901046675e-02
8.107487556395898132e-01 3.289352332801180612e-02
7.951933319348093443e-01 3.494207121437308688e-02
7.796894672134594417e-01 3.688109792046055657e-02
7.642410644905727191e-01 3.870955118776208542e-02
7.488520128189207758e-01 4.042722495356003420e-02
7.335261863099650226e-01 4.203470316625605024e-02
7.182674431585703845e-01 4.353325862376413585e-02
7.030796246717250231e-01 4.492472404401525593e-02
6.879665543015128781e-01 4.621134986694370311e-02
6.729320366825783939e-01 4.739566065596776540e-02
6.579798566743311206e-01 4.848031945995072423e-02
6.431137784081281117e-01 4.946800715299116968e-02
6.283375443396724824e-01 5.036132162101996518e-02
6.136548743068714895e-01 5.116269973572507013e-02
5.990694645933862805e-01 5.187436336529042957e-02
5.845849869981135649e-01 5.249828922841093953e-02
5.702050879108284676e-01 5.303620120705763302e-02
5.559333873942259308e-01 5.348958279242949088e-02
5.417734782725895926e-01 5.385970663980470252e-02
5.277289252273172915e-01 5.414767773902844777e-02
5.138032638995313484e-01 5.435448645134494106e-02
5.000000000000001110e-01 5.448106759989525955e-02
4.863226084265935834e-01 5.452836190740038835e-02
4.727745323894976259e-01 5.449737632529130793e-02
4.593591825444023335e-01 5.438924016755834062e-02
4.460799361338897429e-01 5.420525442309052228e-02
4.329401361372292589e-01 5.394693214566932682e-02
4.199430904288018462e-01 5.361602838529720694e-02
4.070920709453594855e-01 5.321455870381177483e-02
3.943903128623333920e-01 5.274480588929057745e-02
3.818410137793947223e-01 5.220931502745323333e-02
3.694473329154774888e-01 5.161087758664952702e-02
3.572123903134606371e-01 5.095250561153967517e-02
3.451392660547150104e-01 5.023739748778244946e-02
3.332309994837083789e-01 4.946889702766880947e-02
3.214905884428678196e-01 4.865044782957467229e-02
3.099209885178879631e-01 4.778554498033620035e-02
2.985251122936787294e-01 4.687768620009875875e-02
2.873058286211370715e-01 4.593032447748343627e-02
2.762659618949298013e-01 4.494682411512147813e-02
2.654082913424666845e-01 4.393042190990464890e-02
2.547355503242452190e-01 4.288419493861262560e-02
2.442504256457417311e-01 4.181103611919507329e-02
2.339555568810219865e-01 4.071363838314909916e-02
2.238535357082431787e-01 3.959448793793399896e-02
2.139469052572124941e-01 3.845586673314295434e-02
2.042381594691679014e-01 3.729986388290078975e-02
1.947297424689413692e-01 3.612839545176874806e-02
1.854240479496642724e-01 3.494323169346660873e-02
1.763234185701672008e-01 3.374603055089715753e-02
1.674301453652287108e-01 3.253837599073442638e-02
1.587464671688187945e-01 3.132181956300407466e-02
1.502745700504856119e-01 3.009792345061966176e-02
1.420165867650229341e-01 2.886830320882237746e-02
1.339745962155614034e-01 2.763466839105728143e-02
1.261506229302150617e-01 2.639885931524431351e-02
1.185466365524179277e-01 2.516287834007836441e-02
1.111645513450765232e-01 2.392891419061164357e-02
1.040062257086641351e-01 2.269935809008010938e-02
9.707346171337882801e-02 2.147681071353853971e-02
9.036800464548166989e-02 2.026407927005702617e-02
8.389154256793041053e-02 1.906416433485296630e-02
7.764570589541863743e-02 1.788023638105873739e-02
7.163206698392743377e-02 1.671560229284622598e-02
6.585213973489323358e-02 1.557366246733660198e-02
6.030737921409157209e-02 1.445785942239680849e-02
5.499918128533154427e-02 1.337161911189813437e-02
4.992888225905456334e-02 1.231828640092923026e-02
4.509775855592612626e-02 1.130105636348668723e-02
4.050702638550263135e-02 1.032290322820436125e-02
3.615784144005795842e-02 9.386508909003190432e-03
3.205129860364375194e-02 8.494193113909771081e-03
2.818843167645834757e-02 7.647847025047960386e-03
2.457021311459295365e-02 6.848872485890224529e-03
2.119755378522125699e-02 6.098128519797304560e-03
1.807130273729329328e-02 5.395886839741359693e-03
1.519224698779197968e-02 4.741797797406812308e-03
1.256111132360571148e-02 4.134867966407547273e-03
1.017855811906731578e-02 3.573450266104062981e-03
8.045187169204659483e-03 3.055247217346801665e-03
6.161535538745877005e-03 2.577327588035653507e-03
4.528077426915411152e-03 2.136156343776741615e-03
3.145224048057615462e-03 1.727637476484215982e-03
2.013323528115562588e-03 1.347168950839765147e-03
1.132660816992037134e-03 9.897086941476316863e-04
5.034576168149174080e-04 6.498502678475118503e-04
1.258723261249317105e-04 3.219066065714993046e-04
0.000000000000000000e+00 0.000000000000000000e+00
1.258723261249317105e-04 -1.470149334286624447e-06
5.034576168149174080e-04 3.449508779213376858e-06
1.132660816992037134e-03 2.111114123898306567e-05
2.013323528115562588e-03 5.766800542670380217e-05
3.145224048057615462e-03 1.189805765929744050e-04
4.528077426915411152e-03 2.105292188450857602e-04
6.161535538745877005e-03 3.373353115867354932e-04
8.045187169204659483e-03 5.038925218163867919e-04
1.017855811906731578e-02 7.141096473776243703e-04
1.256111132360571148e-02 9.712661542783307053e-04
1.519224698779197968e-02 1.277981200766507884e-03
1.807130273729329328e-02 1.636196590960944160e-03
2.119755378522125699e-02 2.047173741020568045e-03
2.457021311459295365e-02 2.511504380913360656e-03
2.818843167645834757e-02 3.029134364650662263e-03
3.205129860364375194e-02 3.599399630969820751e-03
3.615784144005795842e-02 4.221073053949771399e-03
4.050702638550263135e-02 4.892420657238189842e-03
4.509775855592612626e-02 5.611265443768794978e-03
4.992888225905456334e-02 6.375056921163378687e-03
5.499918128533154427e-02 7.180944286179402093e-03
6.030737921409157209e-02 8.025851172794857061e-03
6.585213973489323358e-02 8.906549869416673787e-03
7.163206698392743377e-02 9.819732971176374850e-03
7.764570589541863743e-02 1.076208055157547132e-02
8.389154256793041053e-02 1.173032111043946328e-02
9.036800464548166989e-02 1.272128477724084744e-02
9.707346171337882801e-02 1.373194751391251280e-02
1.040062257086641351e-01 1.475946536155869210e-02
1.111645513450765232e-01 1.580119810216664561e-02
1.185466365524179277e-01 1.685472204986417089e-02
1.261506229302150617e-01 1.791783203620748305e-02
1.339745962155614034e-01 1.898853299987403320e-02
1.420165867650229341e-01 2.006502192242593657e-02
1.502745700504856119e-01 2.114566115825536330e-02
1.587464671688187945e-01 2.222894447878254187e-02
1.674301453652287108e-01 2.331345737970532198e-02
1.763234185701672008e-01 2.439783337802269372e-02
1.854240479496642724e-01 2.548070814651985996e-02
1.947297424689413692e-01 2.656067339288518958e-02
2.042381594691679014e-01 2.763623238591986220e-02
2.139469052572124941e-01 2.870575896161435547e-02
2.238535357082431787e-01 2.976746170844129027e-02
2.339555568810219865e-01 3.081935483731665718e-02
2.442504256457417311e-01 3.185923699258244590e-02
2.547355503242452190e-01 3.288467896323903766e-02
2.654082913424666845e-01 3.389302091744072348e-02
2.762659618949298013e-01 3.488137941844730860e-02
2.873058286211370715e-01 3.584666409857475977e-02
2.985251122936787294e-01 3.678560348197011665e-02
3.099209885178879631e-01 3.769477907064690270e-02
3.214905884428678196e-01 3.857066645480405898e-02
3.332309994837083789e-01 3.940968189150942380e-02
3.451392660547150104e-01 4.020823252826553895e-02
3.572123903134606371e-01 4.096276824169108738e-02
3.694473329154774888e-01 4.166983292700626035e-02
3.818410137793947223e-01 4.232611301981546725e-02
3.943903128623333920e-01 4.292848106422418597e-02
4.070920709453594855e-01 4.347403226441721308e-02
4.199430904288018462e-01 4.396011217141754940e-02
4.329401361372292589e-01 4.438433396069014353e-02
4.460799361338897429e-01 4.474458414414890506e-02
4.593591825444023335e-01 4.503901602321838671e-02
4.727745323894976259e-01 4.526603071579488741e-02
4.863226084265935834e-01 4.542424616388406750e-02
5.000000000000001110e-01 4.551245513191742864e-02
5.138032638995313484e-01 4.552957381700406536e-02
5.277289252273172915e-01 4.547458328794175969e-02
5.417734782725895926e-01 4.534646652396522731e-02
5.559333873942259308e-01 4.514414430975630110e-02
5.702050879108284676e-01 4.486641363211373718e-02
5.845849869981135649e-01 4.451189248762722761e-02
5.990694645933862805e-01 4.407897512199861895e-02
6.136548743068714895e-01 4.356580165388999892e-02
6.283375443396724824e-01 4.297024576503692683e-02
6.431137784081281117e-01 4.228992364243577134e-02
6.579798566743311206e-01 4.152222661998618974e-02
6.729320366825783939e-01 4.066437897280974351e-02
6.879665543015128781e-01 3.971352105953495498e-02
7.030796246717250231e-01 3.866681648396608911e-02
7.182674431585703845e-01 3.752158016201427582e-02
7.335261863099650226e-01 3.627542214376439089e-02
7.488520128189207758e-01 3.492639977258650552e-02
7.642410644905727191e-01 3.347316828931264088e-02
7.796894672134594417e-01 3.191511734335555212e-02
7.951933319348093443e-01 3.025247809548763100e-02
8.107487556395898132e-01 2.848638273740668539e-02
8.263518223330695855e-01 2.661885536673625277e-02
8.419986040266501659e-01 2.465271030467233379e-02
8.576851617267149397e-01 2.259133119469480810e-02
8.734075464262507360e-01 2.043830164696583060e-02
8.891618000989889303e-01 1.819685587030607163e-02
9.049439566958173975e-01 1.586911574053453261e-02
9.207500431432115162e-01 1.345507917020947845e-02
9.365760803434354242e-01 1.095132354985281498e-02
9.524180841762578398e-01 8.349387502181171428e-03
9.682720665019324269e-01 5.633794302843243666e-03
9.841340361651920166e-01 2.779681142699803355e-03
9.999999999999998890e-01 -2.499999999999780501e-04
