9.999999999999998890e-01 2.500000000000104678e-04
9.841340361651920166e-01 1.745122078624518347e-03
9.682720665019324269e-01 3.230635808985843523e-03
9.524180841762578398e-01 4.698979772504229685e-03
9.365760803434354242e-01 6.144151642837335052e-03
9.207500431432115162e-01 7.561607790144943969e-03
9.049439566958173975e-01 8.948127150664649324e-03
8.891618000989889303e-01 1.030164985344581355e-02
8.734075464262507360e-01 1.162110025655801841e-02
8.576851617267149397e-01 1.290620308817473638e-02
8.419986040266501659e-01 1.415730034275060507e-02
8.263518223330695855e-01 1.537517547793452143e-02
8.107487556395898132e-01 1.656089032197372371e-02
7.951933319348093443e-01 1.771563896096494881e-02
7.796894672134594417e-01 1.884062175545679271e-02
7.642410644905727191e-01 1.993694155952767735e-02
7.488520128189207758e-01 2.100552320300813278e-02
7.335261863099650226e-01 2.204705636669420515e-02
7.182674431585703845e-01 2.306196114596915578e-02
7.030796246717250231e-01 2.405037487188662476e-02
6.879665543015128781e-01 2.501215814898438347e-02
6.729320366825783939e-01 2.594691758125211231e-02
6.579798566743311206e-01 2.685404229402605161e-02
6.431137784081281117e-01 2.773275111941191085e-02
6.283375443396724824e-01 2.858214719262653150e-02
6.136548743068714895e-01 2.940127670030881143e-02
5.990694645933862805e-01 3.018918862098977918e-02
5.845849869981135649e-01 3.094499249214060013e-02
5.702050879108284676e-01 3.166791151548623007e-02
5.559333873942259308e-01 3.235732865922405499e-02
5.417734782725895926e-01 3.301282381812728484e-02
5.277289252273172915e-01 3.363420053537963944e-02
5.138032638995313484e-01 3.422150125832353063e-02
5.000000000000001110e-01 3.477501057921007777e-02
4.863226084265935834e-01 3.529524638711788870e-02
4.727745323894976259e-01 3.578293931487641633e-02
4.593591825444023335e-01 3.623900129260475972e-02
4.460799361338897429e-01 3.666448440622409322e-02
4.329401361372292589e-01 3.706053159544487469e-02
4.199430904288018462e-01 3.742832100341579593e-02
4.070920709453594855e-01 3.776900600344561265e-02
3.943903128623333920e-01 3.808365307288560930e-02
3.818410137793947223e-01 3.837317975825804001e-02
3.694473329154774888e-01 3.863829497883353170e-02
3.572123903134606371e-01 3.887944384977411183e-02
3.451392660547150104e-01 3.909675907411368223e-02
3.332309994837083789e-01 3.929002076032653973e-02
3.214905884428678196e-01 3.945862627557443492e-02
3.099209885178879631e-01 3.960157145172260584e-02
2.985251122936787294e-01 3.971744413070589508e-02
2.873058286211370715e-01 3.980443067742468755e-02
2.762659618949298013e-01 3.986033571221004462e-02
2.654082913424666845e-01 3.988261493144170527e-02
2.547355503242452190e-01 3.986842050456074205e-02
2.442504256457417311e-01 3.981465816868096086e-02
2.339555568810219865e-01 3.971805479795720295e-02
2.238535357082431787e-01 3.957523491279361927e-02
2.139469052572124941e-01 3.938280432191509917e-02
2.042381594691679014e-01 3.913743886522177973e-02
1.947297424689413692e-01 3.883597605288115207e-02
1.854240479496642724e-01 3.847550728058796859e-02
1.763234185701672008e-01 3.805346824517961968e-02
1.674301453652287108e-01 3.756772519015855877e-02
1.587464671688187945e-01 3.701665467694748718e-02
1.502745700504856119e-01 3.639921470318135260e-02
1.420165867650229341e-01 3.571500517087410759e-02
1.339745962155614034e-01 3.496431594038158092e-02
1.261506229302150617e-01 3.414816098497182317e-02
1.185466365524179277e-01 3.326829747868190884e-02
1.111645513450765232e-01 3.232722899923895499e-02
1.040062257086641351e-01 3.132819239968231972e-02
9.707346171337882801e-02 3.027512828795364541e-02
9.036800464548166989e-02 2.917263544382633217e-02
8.389154256793041053e-02 2.802590988775195691e-02
7.764570589541863743e-02 2.684066968726874294e-02
7.163206698392743377e-02 2.562306693466285049e-02
6.585213973489323358e-02 2.437958864627532557e-02
6.030737921409157209e-02 2.311694861163198292e-02
5.499918128533154427e-02 2.184197245279606917e-02
4.992888225905456334e-02 2.056147833543310946e-02
4.509775855592612626e-02 1.928215589866314958e-02
4.050702638550263135e-02 1.801044603778461858e-02
3.615784144005795842e-02 1.675242418068211003e-02
3.205129860364375194e-02 1.551368964486253554e-02
2.818843167645834757e-02 1.429926354870072330e-02
2.457021311459295365e-02 1.311349758008062069e-02
2.119755378522125699e-02 1.195999570197501562e-02
1.807130273729329328e-02 1.084155060262062022e-02
1.519224698779197968e-02 9.760096383929894176e-03
1.256111132360571148e-02 8.716678632713815641e-03
1.017855811906731578e-02 7.711442643051589184e-03
8.045187169204659483e-03 6.743640163234791533e-03
6.161535538745877005e-03 5.811654636063859868e-03
4.528077426915411152e-03 4.913044496031714926e-03
3.145224048057615462e-03 4.044603690263281343e-03
2.013323528115562588e-03 3.202438210954339226e-03
1.132660816992037134e-03 2.382057074050744627e-03
5.034576168149174080e-04 1.578475860007598529e-03
1.258723261249317105e-04 7.863306548799516059e-04
0.000000000000000000e+00 0.000000000000000000e+00
1.258723261249317105e-04 -5.069871900521660379e-04
5.034576168149174080e-04 -1.006371258946935337e-03
1.132660816992037134e-03 -1.490633073512476160e-03
2.013323528115562588e-03 -1.952544198021484911e-03
3.145224048057615462e-03 -2.385304406586482347e-03
4.528077426915411152e-03 -2.782669983757365267e-03
6.161535538745877005e-03 -3.139070073164046751e-03
8.045187169204659483e-03 -3.449708607290520070e-03
1.017855811906731578e-02 -3.710649680801859657e-03
1.256111132360571148e-02 -3.918884607550599322e-03
1.519224698779197968e-02 -4.072379318605785087e-03
1.807130273729329328e-02 -4.170101205590592136e-03
2.119755378522125699e-02 -4.212024979802541161e-03
2.457021311459295365e-02 -4.199117592088517578e-03
2.818843167645834757e-02 -4.133302730129827414e-03
3.205129860364375194e-02 -4.017405867602174066e-03
3.615784144005795842e-02 -3.855081272885199032e-03
4.050702638550263135e-02 -3.650722783464357968e-03
4.509775855592612626e-02 -3.409360506578939555e-03
4.992888225905456334e-02 -3.136545908757877241e-03
5.499918128533154427e-02 -2.838227999630376329e-03
6.030737921409157209e-02 -2.520623493200026006e-03
6.585213973489323358e-02 -2.190083938580121830e-03
7.163206698392743377e-02 -1.852962849612497858e-03
7.764570589541863743e-02 -1.515485828152948354e-03
8.389154256793041053e-02 -1.183626570164532680e-03
9.036800464548166989e-02 -8.629914698919194469e-04
9.707346171337882801e-02 -5.587152997273531728e-04
1.040062257086641351e-01 -2.753701479092485844e-04
1.111645513450765232e-01 -1.688945031948807280e-05
1.185466365524179277e-01 2.134914349917786604e-04
1.261506229302150617e-01 4.132770816451908596e-04
1.339745962155614034e-01 5.807356895463728838e-04
1.420165867650229341e-01 7.149044845713544349e-04
1.502745700504856119e-01 8.155771387514736907e-04
1.587464671688187945e-01 8.832739654430789549e-04
1.674301453652287108e-01 9.191960599022519409e-04
1.763234185701672008e-01 9.251649380023724105e-04
1.854240479496642724e-01 9.035495648565110846e-04
1.947297424689413692e-01 8.571829522275263829e-04
2.042381594691679014e-01 7.892707315103824435e-04
2.139469052572124941e-01 7.032942719275245844e-04
2.238535357082431787e-01 6.029110072144999678e-04
2.339555568810219865e-01 4.918546560929206715e-04
2.442504256457417311e-01 3.738379716909625205e-04
2.547355503242452190e-01 2.524605341337755990e-04
2.654082913424666845e-01 1.311239120268981474e-04
2.762659618949298013e-01 1.295626756256474462e-05
2.873058286211370715e-01 -9.925182671922878940e-05
2.985251122936787294e-01 -2.030989455220184002e-04
3.099209885178879631e-01 -2.966107203812310073e-04
3.214905884428678196e-01 -3.782634972379937200e-04
3.332309994837083789e-01 -4.469935712620007784e-04
3.451392660547150104e-01 -5.021922640318750774e-04
3.572123903134606371e-01 -5.436875339631841615e-04
3.694473329154774888e-01 -5.717132140234223092e-04
3.818410137793947223e-01 -5.868673391234683788e-04
3.943903128623333920e-01 -5.900613477033147224e-04
4.070920709453594855e-01 -5.824622075897385384e-04
4.199430904288018462e-01 -5.654297162386838103e-04
4.329401361372292589e-01 -5.404513527115591305e-04
4.460799361338897429e-01 -5.090771078378314701e-04
4.593591825444023335e-01 -4.728566868096087655e-04
4.727745323894976259e-01 -4.332813640908371108e-04
4.863226084265935834e-01 -3.917325756074814340e-04
5.000000000000001110e-01 -3.494390618309970277e-04
5.138032638995313484e-01 -3.074440342067345918e-04
5.277289252273172915e-01 -2.665834354968970405e-04
5.417734782725895926e-01 -2.274759134206608179e-04
5.559333873942259308e-01 -1.905246400406781929e-04
5.702050879108284676e-01 -1.559306021178523557e-04
5.845849869981135649e-01 -1.237164771720509018e-04
5.990694645933862805e-01 -9.375971450619008884e-05
6.136548743068714895e-01 -6.583297904869332944e-05
6.283375443396724824e-01 -3.964970798157307886e-05
6.431137784081281117e-01 -1.491219506497787838e-05
6.579798566743311206e-01 8.640625964836468401e-06
6.729320366825783939e-01 3.118866201132867717e-05
6.879665543015128781e-01 5.279237784498424222e-05
7.030796246717250231e-01 7.336359338594986880e-05
7.182674431585703845e-01 9.264792561785664964e-05
7.335261863099650226e-01 1.102210031929570485e-04
7.488520128189207758e-01 1.254999832168380777e-04
7.642410644905727191e-01 1.377711385441938779e-04
7.796894672134594417e-01 1.462333638138552702e-04
7.951933319348093443e-01 1.500563774188098292e-04
8.107487556395898132e-01 1.484511871701376707e-04
8.263518223330695855e-01 1.407490566422621328e-04
8.419986040266501659e-01 1.264837786367619342e-04
8.576851617267149397e-01 1.054705577577907504e-04
8.734075464262507360e-01 7.787325570781573913e-05
8.891618000989889303e-01 4.425019425099874118e-05
9.049439566958173975e-01 5.567178766408708733e-06
9.207500431432115162e-01 -3.683506046533345990e-05
9.365760803434354242e-01 -8.133316996461296966e-05
9.524180841762578398e-01 -1.261885854207648488e-04
9.682720665019324269e-01 -1.698064348983449774e-04
9.841340361651920166e-01 -2.111030878545883788e-04
9.999999999999998890e-01 -2.499999999999997342e-04
