9.999999999999998890e-01 2.500000000000798025e-04
9.841340361651920166e-01 1.160500565929941177e-02
9.682720665019324269e-01 2.282292992160015604e-02
9.524180841762578398e-01 3.386511997575655797e-02
9.365760803434354242e-01 4.470649386631311145e-02
9.207500431432115162e-01 5.533234761387077760e-02
9.049439566958173975e-01 6.573565555928490012e-02
8.891618000989889303e-01 7.591482389190794267e-02
8.734075464262507360e-01 8.587185558452775647e-02
8.576851617267149397e-01 9.561088411176113522e-02
8.419986040266501659e-01 1.051370333006691055e-01
8.263518223330695855e-01 1.144555613707584490e-01
8.107487556395898132e-01 1.235712485780108005e-01
7.951933319348093443e-01 1.324879897930213157e-01
7.796894672134594417e-01 1.412085557236565647e-01
7.642410644905727191e-01 1.497344892446683673e-01
7.488520128189207758e-01 1.580661063287646384e-01
7.335261863099650226e-01 1.662025742972242925e-01
7.182674431585703845e-01 1.741420434392041416e-01
7.030796246717250231e-01 1.818818114091408644e-01
6.879665543015128781e-01 1.894185031295405330e-01
6.729320366825783939e-01 1.967482521380492788e-01
6.579798566743311206e-01 2.038668723672945604e-01
6.431137784081281117e-01 2.107700121865585252e-01
6.283375443396724824e-01 2.174532851277753698e-01
6.136548743068714895e-01 2.239123740354780623e-01
5.990694645933862805e-01 2.301431074008497835e-01
5.845849869981135649e-01 2.361415083521640479e-01
5.702050879108284676e-01 2.419038181739344706e-01
5.559333873942259308e-01 2.474264973188244898e-01
5.417734782725895926e-01 2.527062076704034710e-01
5.277289252273172915e-01 2.577397803277591826e-01
5.138032638995313484e-01 2.625241734365549862e-01
5.000000000000001110e-01 2.670564246113080187e-01
4.863226084265935834e-01 2.713336023097357441e-01
4.727745323894976259e-01 2.753527601635489264e-01
4.593591825444023335e-01 2.791108977740707764e-01
4.460799361338897429e-01 2.826049308789978509e-01
4.329401361372292589e-01 2.858316731216417605e-01
4.199430904288018462e-01 2.887878309380685349e-01
4.070920709453594855e-01 2.914700123508200957e-01
3.943903128623333920e-01 2.938747497480234117e-01
3.818410137793947223e-01 2.959985360583239355e-01
3.694473329154774888e-01 2.978378731264968993e-01
3.572123903134606371e-01 2.993893305693334228e-01
3.451392660547150104e-01 3.006496129601157197e-01
3.332309994837083789e-01 3.016156328623441629e-01
3.214905884428678196e-01 3.022845870150160930e-01
3.099209885178879631e-01 3.026540328644966582e-01
2.985251122936787294e-01 3.027219626400072250e-01
2.873058286211370715e-01 3.024868722757566575e-01
2.762659618949298013e-01 3.019478226845120350e-01
2.654082913424666845e-01 3.011044911740868302e-01
2.547355503242452190e-01 2.999572111568257204e-01
2.442504256457417311e-01 2.985069987180337114e-01
2.339555568810219865e-01 2.967555650666193756e-01
2.238535357082431787e-01 2.947053143735864911e-01
2.139469052572124941e-01 2.923593269948440154e-01
2.042381594691679014e-01 2.897213285579163800e-01
1.947297424689413692e-01 2.867956458521450092e-01
1.854240479496642724e-01 2.835871508847211953e-01
1.763234185701672008e-01 2.801011948378034910e-01
1.674301453652287108e-01 2.763435339743955388e-01
1.587464671688187945e-01 2.723202497840334080e-01
1.502745700504856119e-01 2.680376658274468138e-01
1.420165867650229341e-01 2.635022638283940899e-01
1.339745962155614034e-01 2.587206015694739070e-01
1.261506229302150617e-01 2.536992350779546657e-01
1.185466365524179277e-01 2.484446474409154060e-01
1.111645513450765232e-01 2.429631863718271778e-01
1.040062257086641351e-01 2.372610123706318797e-01
9.707346171337882801e-02 2.313440589856101959e-01
9.036800464548166989e-02 2.252180063084815997e-01
8.389154256793041053e-02 2.188882684259377820e-01
7.764570589541863743e-02 2.123599951235760064e-01
7.163206698392743377e-02 2.056380877047322697e-01
6.585213973489323358e-02 1.987272283597824318e-01
6.030737921409157209e-02 1.916319221134674122e-01
5.499918128533154427e-02 1.843565500004094027e-01
4.992888225905456334e-02 1.769054317828956946e-01
4.509775855592612626e-02 1.692828962395999948e-01
4.050702638550263135e-02 1.614933568270138509e-01
3.615784144005795842e-02 1.535413903531169244e-01
3.205129860364375194e-02 1.454318162093926892e-01
2.818843167645834757e-02 1.371697736850000793e-01
2.457021311459295365e-02 1.287607949359227399e-01
2.119755378522125699e-02 1.202108713004999829e-01
1.807130273729329328e-02 1.115265108371625707e-01
1.519224698779197968e-02 1.027147852049588583e-01
1.256111132360571148e-02 9.378336430537331792e-02
1.017855811906731578e-02 8.474053744642401353e-02
8.045187169204659483e-03 7.559522016726688554e-02
6.161535538745877005e-03 6.635694626284319164e-02
4.528077426915411152e-03 5.703584496211883126e-02
3.145224048057615462e-03 4.764260362860519432e-02
2.013323528115562588e-03 3.818841675642247607e-02
1.132660816992037134e-03 2.868492241795942560e-02
5.034576168149174080e-04 1.914412766949746825e-02
1.258723261249317105e-04 9.578324729290434505e-03
0.000000000000000000e+00 0.000000000000000000e+00
1.258723261249317105e-04 -9.497248144304840448e-03
5.034576168149174080e-04 -1.897890612883678871e-02
1.132660816992037134e-03 -2.842947030957203650e-02
2.013323528115562588e-03 -3.783373229631208090e-02
3.145224048057615462e-03 -4.717691752498315988e-02
4.528077426915411152e-03 -5.644481323809857204e-02
6.161535538745877005e-03 -6.562388280620411185e-02
8.045187169204659483e-03 -7.470136370360865030e-02
1.017855811906731578e-02 -8.366534690685076270e-02
1.256111132360571148e-02 -9.250483600138978413e-02
1.519224698779197968e-02 -1.012097848463797967e-01
1.807130273729329328e-02 -1.097711132431191533e-01
2.119755378522125699e-02 -1.181807006630799933e-01
2.457021311459295365e-02 -1.264313586989187499e-01
2.818843167645834757e-02 -1.345167834893094272e-01
3.205129860364375194e-02 -1.424314899189857986e-01
3.615784144005795842e-02 -1.501707298932322132e-01
4.050702638550263135e-02 -1.577303974168011713e-01
4.509775855592612626e-02 -1.651069235583205730e-01
4.992888225905456334e-02 -1.722971646422953862e-01
5.499918128533154427e-02 -1.792982871739993156e-01
6.030737921409157209e-02 -1.861076530627745751e-01
6.585213973489323358e-02 -1.927227086643887866e-01
7.163206698392743377e-02 -1.991408810139751184e-01
7.764570589541863743e-02 -2.053594843716400609e-01
8.389154256793041053e-02 -2.113756398598823638e-01
9.036800464548166989e-02 -2.171862105452142255e-01
9.707346171337882801e-02 -2.227877538180081107e-01
1.040062257086641351e-01 -2.281764923690915436e-01
1.111645513450765232e-01 -2.333483044652882310e-01
1.185466365524179277e-01 -2.382987336067399764e-01
1.261506229302150617e-01 -2.430230170251125033e-01
1.339745962155614034e-01 -2.475161318728000270e-01
1.420165867650229341e-01 -2.517728573779718371e-01
1.502745700504856119e-01 -2.557878507169999982e-01
1.587464671688187945e-01 -2.595557339015212017e-01
1.674301453652287108e-01 -2.630711886073370809e-01
1.763234185701672008e-01 -2.663290555995495579e-01
1.854240479496642724e-01 -2.693244352430114730e-01
1.947297424689413692e-01 -2.720527855365342806e-01
2.042381594691679014e-01 -2.745100141771185109e-01
2.139469052572124941e-01 -2.766925613469339851e-01
2.238535357082431787e-01 -2.785974702173347195e-01
2.339555568810219865e-01 -2.802224425735612146e-01
2.442504256457417311e-01 -2.815658774700103839e-01
2.547355503242452190e-01 -2.826268914146634614e-01
2.654082913424666845e-01 -2.834053192348918171e-01
2.762659618949298013e-01 -2.839016954751489852e-01
2.873058286211370715e-01 -2.841172168974553935e-01
2.985251122936787294e-01 -2.840536873739493151e-01
3.099209885178879631e-01 -2.837134471519520140e-01
3.214905884428678196e-01 -2.830992891105732490e-01
3.332309994837083789e-01 -2.822143651890080540e-01
3.451392660547150104e-01 -2.810620866267560247e-01
3.572123903134606371e-01 -2.796460219936104385e-01
3.694473329154774888e-01 -2.779697971838737680e-01
3.818410137793947223e-01 -2.760370015900103224e-01
3.943903128623333920e-01 -2.738511045453279058e-01
4.070920709453594855e-01 -2.714153858278030573e-01
4.199430904288018462e-01 -2.687328835478080546e-01
4.329401361372292589e-01 -2.658063621071923843e-01
4.460799361338897429e-01 -2.626383021280184749e-01
4.593591825444023335e-01 -2.592309133246796238e-01
4.727745323894976259e-01 -2.555861702578468009e-01
4.863226084265935834e-01 -2.517058697934972389e-01
5.000000000000001110e-01 -2.475917079316753977e-01
5.138032638995313484e-01 -2.432453725092948715e-01
5.277289252273172915e-01 -2.386686471653224062e-01
5.417734782725895926e-01 -2.338635209347618427e-01
5.559333873942259308e-01 -2.288322969621706116e-01
5.702050879108284676e-01 -2.235776931495246644e-01
5.845849869981135649e-01 -2.181029271306882678e-01
5.990694645933862805e-01 -2.124117778477522256e-01
6.136548743068714895e-01 -2.065086162424981386e-01
6.283375443396724824e-01 -2.003983982142782672e-01
6.431137784081281117e-01 -1.940866140728808587e-01
6.579798566743311206e-01 -1.875791902633201780e-01
6.729320366825783939e-01 -1.808823411819506510e-01
6.879665543015128781e-01 -1.740023714527159648e-01
7.030796246717250231e-01 -1.669454320901133104e-01
7.182674431585703845e-01 -1.597172375305409286e-01
7.335261863099650226e-01 -1.523227545416631357e-01
7.488520128189207758e-01 -1.447658784818288136e-01
7.642410644905727191e-01 -1.370491172255498269e-01
7.796894672134594417e-01 -1.291733082291350310e-01
7.951933319348093443e-01 -1.211373996009894038e-01
8.107487556395898132e-01 -1.129383315680828614e-01
8.263518223330695855e-01 -1.045710602848616139e-01
8.419986040266501659e-01 -9.602877139259291539e-02
8.576851617267149397e-01 -8.730333597449091432e-02
8.734075464262507360e-01 -7.838606642485347609e-02
8.891618000989889303e-01 -6.926883411207772345e-02
9.049439566958173975e-01 -5.994561441464659607e-02
9.207500431432115162e-01 -5.041452759309140996e-02
9.365760803434354242e-01 -4.068044587764770015e-02
9.524180841762578398e-01 -3.075823795298912589e-02
9.682720665019324269e-01 -2.067672156729909172e-02
9.841340361651920166e-01 -1.048339315261874287e-02
9.999999999999998890e-01 -2.500000000000715083e-04
