9.999999999999998890e-01 2.500000000001387289e-04
9.841340361651920166e-01 1.855595844405960246e-02
9.682720665019324269e-01 3.462375074937303066e-02
9.524180841762578398e-01 4.939718793409549058e-02
9.365760803434354242e-01 6.351406531502122588e-02
9.207500431432115162e-01 7.737554771743419824e-02
9.049439566958173975e-01 9.120500543032369900e-02
8.891618000989889303e-01 1.050971304270282014e-01
8.734075464262507360e-01 1.190582037799925719e-01
8.576851617267149397e-01 1.330384076581659358e-01
8.419986040266501659e-01 1.469570802849962665e-01
8.263518223330695855e-01 1.607218014029844488e-01
8.107487556395898132e-01 1.742421709163934351e-01
7.951933319348093443e-01 1.874391063359482912e-01
7.796894672134594417e-01 2.002504373478400379e-01
7.642410644905727191e-01 2.126335202067949903e-01
7.488520128189207758e-01 2.245655326197575352e-01
7.335261863099650226e-01 2.360420431982242495e-01
7.182674431585703845e-01 2.470743801841801812e-01
7.030796246717250231e-01 2.576862536569981543e-01
6.879665543015128781e-01 2.679100153335933210e-01
6.729320366825783939e-01 2.777828717573165296e-01
6.579798566743311206e-01 2.873433013425866211e-01
6.431137784081281117e-01 2.966278644364118700e-01
6.283375443396724824e-01 3.056685391271281027e-01
6.136548743068714895e-01 3.144906646431564479e-01
5.990694645933862805e-01 3.231115293261396793e-01
5.845849869981135649e-01 3.315396016417107017e-01
5.702050879108284676e-01 3.397743706464048663e-01
5.559333873942259308e-01 3.478067367417089217e-01
5.417734782725895926e-01 3.556198742521392564e-01
5.277289252273172915e-01 3.631904740706602963e-01
5.138032638995313484e-01 3.704902669168458895e-01
5.000000000000001110e-01 3.774877251524545452e-01
4.863226084265935834e-01 3.841498430224004612e-01
4.727745323894976259e-01 3.904439010079744921e-01
4.593591825444023335e-01 3.963391290289088320e-01
4.460799361338897429e-01 4.018081948291535310e-01
4.329401361372292589e-01 4.068284573458247344e-01
4.199430904288018462e-01 4.113829395259812061e-01
4.070920709453594855e-01 4.154609902874767391e-01
3.943903128623333920e-01 4.190586205286335186e-01
3.818410137793947223e-01 4.221785127432998164e-01
3.694473329154774888e-01 4.248297174246202790e-01
3.572123903134606371e-01 4.270270616463049951e-01
3.451392660547150104e-01 4.287903056751032893e-01
3.332309994837083789e-01 4.301430919530113139e-01
3.214905884428678196e-01 4.311117371330393522e-01
3.099209885178879631e-01 4.317239219774542391e-01
2.985251122936787294e-01 4.320073358269287400e-01
2.873058286211370715e-01 4.319883320878989963e-01
2.762659618949298013e-01 4.316906488924007745e-01
2.654082913424666845e-01 4.311342449444452440e-01
2.547355503242452190e-01 4.303342948116358202e-01
2.442504256457417311e-01 4.293003808200112070e-01
2.339555568810219865e-01 4.280359105616552973e-01
2.238535357082431787e-01 4.265377801437916228e-01
2.139469052572124941e-01 4.247962940178467428e-01
2.042381594691679014e-01 4.227953428481398546e-01
1.947297424689413692e-01 4.205128317219682388e-01
1.854240479496642724e-01 4.179213423555337981e-01
1.763234185701672008e-01 4.149890050757670812e-01
1.674301453652287108e-01 4.116805494851412672e-01
1.587464671688187945e-01 4.079584970345216388e-01
1.502745700504856119e-01 4.037844543843700507e-01
1.420165867650229341e-01 3.991204635280481416e-01
1.339745962155614034e-01 3.939303632363655994e-01
1.261506229302150617e-01 3.881811164669185521e-01
1.185466365524179277e-01 3.818440599266544333e-01
1.111645513450765232e-01 3.748960348999915149e-01
1.040062257086641351e-01 3.673203626369976327e-01
9.707346171337882801e-02 3.591076328811309004e-01
9.036800464548166989e-02 3.502562803192415530e-01
8.389154256793041053e-02 3.407729306501137145e-01
7.764570589541863743e-02 3.306725053674748338e-01
7.163206698392743377e-02 3.199780820049603625e-01
6.585213973489323358e-02 3.087205142571953775e-01
6.030737921409157209e-02 2.969378238400259828e-01
5.499918128533154427e-02 2.846743829618684773e-01
4.992888225905456334e-02 2.719799126416774238e-01
4.509775855592612626e-02 2.589083276440428127e-01
4.050702638550263135e-02 2.455164633524085094e-01
3.615784144005795842e-02 2.318627233424883916e-01
3.205129860364375194e-02 2.180056886588520870e-01
2.818843167645834757e-02 2.040027307838756798e-01
2.457021311459295365e-02 1.899086700024409102e-01
2.119755378522125699e-02 1.757745193278615614e-01
1.807130273729329328e-02 1.616463514205459251e-01
1.519224698779197968e-02 1.475643220911090348e-01
1.256111132360571148e-02 1.335618791554145091e-01
1.017855811906731578e-02 1.196651797492194608e-01
8.045187169204659483e-03 1.058927328865254536e-01
6.161535538745877005e-03 9.225527724814319708e-02
4.528077426915411152e-03 7.875589711743671839e-02
3.145224048057615462e-03 6.539037224752078381e-02
2.013323528115562588e-03 5.214775045760552258e-02
1.132660816992037134e-03 3.901112511996899374e-02
5.034576168149174080e-04 2.595859360626440876e-02
1.258723261249317105e-04 1.296436738934251924e-02
0.000000000000000000e+00 0.000000000000000000e+00
1.258723261249317105e-04 -9.667656912999329083e-03
5.034576168149174080e-04 -1.927207835975813105e-02
1.132660816992037134e-03 -2.875160933621819653e-02
2.013323528115562588e-03 -3.804783347665964544e-02
3.145224048057615462e-03 -4.710707335817682084e-02
4.528077426915411152e-03 -5.588175189384660818e-02
6.161535538745877005e-03 -6.433157491677291007e-02
8.045187169204659483e-03 -7.242450031078277728e-02
1.017855811906731578e-02 -8.013746532165615111e-02
1.256111132360571148e-02 -8.745685080460596783e-02
1.519224698779197968e-02 -9.437866892369832506e-02
1.807130273729329328e-02 -1.009084689922852135e-01
2.119755378522125699e-02 -1.070609644928561671e-01
2.457021311459295365e-02 -1.128593925962235872e-01
2.818843167645834757e-02 -1.183346254706400119e-01
3.205129860364375194e-02 -1.235240600957894647e-01
3.615784144005795842e-02 -1.284703199534068252e-01
4.050702638550263135e-02 -1.332198076550283883e-01
4.509775855592612626e-02 -1.378211521141032014e-01
4.992888225905456334e-02 -1.423235971321846483e-01
5.499918128533154427e-02 -1.467753801411295356e-01
6.030737921409157209e-02 -1.512221502586459931e-01
6.585213973489323358e-02 -1.557054737486157636e-01
7.163206698392743377e-02 -1.602614724489607456e-01
7.764570589541863743e-02 -1.649196368002879831e-01
8.389154256793041053e-02 -1.697018498819935217e-01
9.036800464548166989e-02 -1.746216524825499883e-01
9.707346171337882801e-02 -1.796837718771383263e-01
1.040062257086641351e-01 -1.848839288700255823e-01
1.111645513450765232e-01 -1.902089290186242954e-01
1.185466365524179277e-01 -1.956370350481375087e-01
1.261506229302150617e-01 -2.011386085598101670e-01
1.339745962155614034e-01 -2.066770005067561089e-01
1.420165867650229341e-01 -2.122096618308533800e-01
1.502745700504856119e-01 -2.176894383830323410e-01
1.587464671688187945e-01 -2.230660080292994618e-01
1.674301453652287108e-01 -2.282874128913405520e-01
1.763234185701672008e-01 -2.333016361653191262e-01
1.854240479496642724e-01 -2.380581710473618495e-01
1.947297424689413692e-01 -2.425095290657844904e-01
2.042381594691679014e-01 -2.466126366253858226e-01
2.139469052572124941e-01 -2.503300718025818217e-01
2.238535357082431787e-01 -2.536310983321137802e-01
2.339555568810219865e-01 -2.564924601825572803e-01
2.442504256457417311e-01 -2.588989079621055178e-01
2.547355503242452190e-01 -2.608434374114042553e-01
2.654082913424666845e-01 -2.623272301645993565e-01
2.762659618949298013e-01 -2.633592974919068963e-01
2.873058286211370715e-01 -2.639558385437374977e-01
2.985251122936787294e-01 -2.641393353412930800e-01
3.099209885178879631e-01 -2.639374170317117518e-01
3.214905884428678196e-01 -2.633815353745122545e-01
3.332309994837083789e-01 -2.625055016859433876e-01
3.451392660547150104e-01 -2.613439421945303320e-01
3.572123903134606371e-01 -2.599307336420044745e-01
3.694473329154774888e-01 -2.582974837294966242e-01
3.818410137793947223e-01 -2.564721214441101349e-01
3.943903128623333920e-01 -2.544776602547866862e-01
4.070920709453594855e-01 -2.523311925611003148e-01
4.199430904288018462e-01 -2.500431666173542622e-01
4.329401361372292589e-01 -2.476169875270544107e-01
4.460799361338897429e-01 -2.450489719899203722e-01
4.593591825444023335e-01 -2.423286725579964496e-01
4.727745323894976259e-01 -2.394395715838663063e-01
4.863226084265935834e-01 -2.363601282760537659e-01
5.000000000000001110e-01 -2.330651448513457735e-01
5.138032638995313484e-01 -2.295274003032735377e-01
5.277289252273172915e-01 -2.257194834673523776e-01
5.417734782725895926e-01 -2.216157415858179547e-01
5.559333873942259308e-01 -2.171942472230483645e-01
5.702050879108284676e-01 -2.124386759427189797e-01
5.845849869981135649e-01 -2.073399804145881486e-01
5.990694645933862805e-01 -2.018977443384799286e-01
6.136548743068714895e-01 -1.961211024800833258e-01
6.283375443396724824e-01 -1.900291218689483808e-01
6.431137784081281117e-01 -1.836505543893372505e-01
6.579798566743311206e-01 -1.770228930678245660e-01
6.729320366825783939e-01 -1.701906936676167159e-01
6.879665543015128781e-01 -1.632031599301055347e-01
7.030796246717250231e-01 -1.561110349845083178e-01
7.182674431585703845e-01 -1.489628929200609575e-01
7.335261863099650226e-01 -1.418009829308708170e-01
7.488520128189207758e-01 -1.346568432457252718e-01
7.642410644905727191e-01 -1.275469724782926084e-01
7.796894672134594417e-01 -1.204689210996075510e-01
7.951933319348093443e-01 -1.133982442573666510e-01
8.107487556395898132e-01 -1.062868377555987454e-01
8.263518223330695855e-01 -9.906326008305363362e-02
8.419986040266501659e-01 -9.163572318389243132e-02
8.576851617267149397e-01 -8.389851129121342344e-02
8.734075464262507360e-01 -7.574265855594858321e-02
8.891618000989889303e-01 -6.707178026618500211e-02
9.049439566958173975e-01 -5.782400696654112215e-02
9.207500431432115162e-01 -4.800101352915044084e-02
9.365760803434354242e-01 -3.770516398681194453e-02
9.524180841762578398e-01 -2.718580556246109198e-02
9.682720665019324269e-01 -1.689573976766961874e-02
9.841340361651920166e-01 -7.558872795986109824e-03
9.999999999999998890e-01 -2.500000000000407712e-04
