9.999999999999998890e-01 2.500000000000463548e-04
9.841340361651920166e-01 6.869675364983468362e-03
9.682720665019324269e-01 1.343770724667251067e-02
9.524180841762578398e-01 1.992033711234766566e-02
9.365760803434354242e-01 2.629434016752162442e-02
9.207500431432115162e-01 3.254484511651841577e-02
9.049439566958173975e-01 3.866343515282195248e-02
8.891618000989889303e-01 4.464651561737097846e-02
8.734075464262507360e-01 5.049393171779217176e-02
8.576851617267149397e-01 5.620781810724080618e-02
8.419986040266501659e-01 6.179166096193541152e-02
8.263518223330695855e-01 6.724955245021656258e-02
8.107487556395898132e-01 7.258561712700001278e-02
7.951933319348093443e-01 7.780358978592390173e-02
7.796894672134594417e-01 8.290652462424424884e-02
7.642410644905727191e-01 8.789661618714138258e-02
7.488520128189207758e-01 9.277511342139412032e-02
7.335261863099650226e-01 9.754230924523832336e-02
7.182674431585703845e-01 1.021975892932193430e-01
7.030796246717250231e-01 1.067395248839127092e-01
6.879665543015128781e-01 1.111659967473901389e-01
6.729320366825783939e-01 1.154743376026185764e-01
6.579798566743311206e-01 1.196614832589156241e-01
6.431137784081281117e-01 1.237241234988640526e-01
6.283375443396724824e-01 1.276588455541434464e-01
6.136548743068714895e-01 1.314622644850128586e-01
5.990694645933862805e-01 1.351311361963470348e-01
5.845849869981135649e-01 1.386624501491973416e-01
5.702050879108284676e-01 1.420535000412744830e-01
5.559333873942259308e-01 1.453019318204094856e-01
5.417734782725895926e-01 1.484057693532126188e-01
5.277289252273172915e-01 1.513634188913552947e-01
5.138032638995313484e-01 1.541736541578031250e-01
5.000000000000001110e-01 1.568355844154988021e-01
4.863226084265935834e-01 1.593486082846660712e-01
4.727745323894976259e-01 1.617123563477211867e-01
4.593591825444023335e-01 1.639266257304725360e-01
4.460799361338897429e-01 1.659913098843818491e-01
4.329401361372292589e-01 1.679063267281520888e-01
4.199430904288018462e-01 1.696715481499044831e-01
4.070920709453594855e-01 1.712867336366530324e-01
3.943903128623333920e-01 1.727514704990916750e-01
3.818410137793947223e-01 1.740651228104895254e-01
3.694473329154774888e-01 1.752267907922483159e-01
3.572123903134606371e-01 1.762352819685648053e-01
3.451392660547150104e-01 1.770890949911978485e-01
3.332309994837083789e-01 1.777864166143254265e-01
3.214905884428678196e-01 1.783251318896225401e-01
3.099209885178879631e-01 1.787028472626575881e-01
2.985251122936787294e-01 1.789169258918554273e-01
2.873058286211370715e-01 1.789645341876975604e-01
2.762659618949298013e-01 1.788426982882201643e-01
2.654082913424666845e-01 1.785483689515547090e-01
2.547355503242452190e-01 1.780784931601763210e-01
2.442504256457417311e-01 1.774300905963150377e-01
2.339555568810219865e-01 1.766003330639871194e-01
2.238535357082431787e-01 1.755866248994908396e-01
2.139469052572124941e-01 1.743866824270834115e-01
2.042381594691679014e-01 1.729986105770315585e-01
1.947297424689413692e-01 1.714209748856111160e-01
1.854240479496642724e-01 1.696528672365195944e-01
1.763234185701672008e-01 1.676939638756056172e-01
1.674301453652287108e-01 1.655445744304376021e-01
1.587464671688187945e-01 1.632056808873975640e-01
1.502745700504856119e-01 1.606789657159103102e-01
1.420165867650229341e-01 1.579668285763259628e-01
1.339745962155614034e-01 1.550723912991912867e-01
1.261506229302150617e-01 1.519994910737292315e-01
1.185466365524179277e-01 1.487526620271638067e-01
1.111645513450765232e-01 1.453371056093624158e-01
1.040062257086641351e-01 1.417586504148612148e-01
9.707346171337882801e-02 1.380237022729713658e-01
9.036800464548166989e-02 1.341391856131775029e-01
8.389154256793041053e-02 1.301124772648645511e-01
7.764570589541863743e-02 1.259513339755975458e-01
7.163206698392743377e-02 1.216638150293620491e-01
6.585213973489323358e-02 1.172582014146013041e-01
6.030737921409157209e-02 1.127429130313545164e-01
5.499918128533154427e-02 1.081264254376585465e-01
4.992888225905456334e-02 1.034171876184590139e-01
4.509775855592612626e-02 9.862354221687397171e-02
4.050702638550263135e-02 9.375364959944852694e-02
3.615784144005795842e-02 8.881541703607685745e-02
3.205129860364375194e-02 8.381643416384869372e-02
2.818843167645834757e-02 7.876391577477513672e-02
2.457021311459295365e-02 7.366465282287480709e-02
2.119755378522125699e-02 6.852497238931866408e-02
1.807130273729329328e-02 6.335070717814868246e-02
1.519224698779197968e-02 5.814717494245778134e-02
1.256111132360571148e-02 5.291916806475176205e-02
1.017855811906731578e-02 4.767095333837873677e-02
8.045187169204659483e-03 4.240628182215552128e-02
6.161535538745877005e-03 3.712840847028850422e-02
4.528077426915411152e-03 3.184012107683643900e-02
3.145224048057615462e-03 2.654377792062397046e-02
2.013323528115562588e-03 2.124135335474941488e-02
1.132660816992037134e-03 1.593449045657947816e-02
5.034576168149174080e-04 1.062455974103361164e-02
1.258723261249317105e-04 5.312722843488442044e-03
0.000000000000000000e+00 0.000000000000000000e+00
1.258723261249317105e-04 -5.033379394698661059e-03
5.034576168149174080e-04 -1.005245517145092991e-02
1.132660816992037134e-03 -1.504306650178509688e-02
2.013323528115562588e-03 -1.999145940011940945e-02
3.145224048057615462e-03 -2.488447870563199188e-02
4.528077426915411152e-03 -2.970974664106210486e-02
6.161535538745877005e-03 -3.445582398884208114e-02
8.045187169204659483e-03 -3.911235034956709461e-02
1.017855811906731578e-02 -4.367016045826045689e-02
1.256111132360571148e-02 -4.812137411740932680e-02
1.519224698779197968e-02 -5.245945794771351284e-02
1.807130273729329328e-02 -5.667925784179344423e-02
2.119755378522125699e-02 -6.077700171561885994e-02
2.457021311459295365e-02 -6.475027286931119008e-02
2.818843167645834757e-02 -6.859795497527274022e-02
3.205129860364375194e-02 -7.232015038955978692e-02
3.615784144005795842e-02 -7.591807411502697611e-02
4.050702638550263135e-02 -7.939392631614175522e-02
4.509775855592612626e-02 -8.275074678116402238e-02
4.992888225905456334e-02 -8.599225513517916308e-02
5.499918128533154427e-02 -8.912268091707653550e-02
6.030737921409157209e-02 -9.214658783728948976e-02
6.585213973489323358e-02 -9.506869662598287085e-02
7.163206698392743377e-02 -9.789371086124683263e-02
7.764570589541863743e-02 -1.006261500345260462e-01
8.389154256793041053e-02 -1.032701938696588134e-01
9.036800464548166989e-02 -1.058295415690418267e-01
9.707346171337882801e-02 -1.083072892247703700e-01
1.040062257086641351e-01 -1.107058281157660418e-01
1.111645513450765232e-01 -1.130267660277165659e-01
1.185466365524179277e-01 -1.152708730967365314e-01
1.261506229302150617e-01 -1.174380530070810308e-01
1.339745962155614034e-01 -1.195273396860385279e-01
1.420165867650229341e-01 -1.215369189538678812e-01
1.502745700504856119e-01 -1.234641739219192874e-01
1.587464671688187945e-01 -1.253057523060227829e-01
1.674301453652287108e-01 -1.270576532520308333e-01
1.763234185701672008e-01 -1.287153307718156003e-01
1.854240479496642724e-01 -1.302738104749523451e-01
1.947297424689413692e-01 -1.317278159653886282e-01
2.042381594691679014e-01 -1.330719010626361387e-01
2.139469052572124941e-01 -1.343005839095357257e-01
2.238535357082431787e-01 -1.354084790464590016e-01
2.339555568810219865e-01 -1.363904236646774626e-01
2.442504256457417311e-01 -1.372415944960237721e-01
2.547355503242452190e-01 -1.379576121450878656e-01
2.654082913424666845e-01 -1.385346301141054393e-01
2.762659618949298013e-01 -1.389694062965363686e-01
2.873058286211370715e-01 -1.392593553076096891e-01
2.985251122936787294e-01 -1.394025806610802443e-01
3.099209885178879631e-01 -1.393978864715456067e-01
3.214905884428678196e-01 -1.392447690400615834e-01
3.332309994837083789e-01 -1.389433893458975611e-01
3.451392660547150104e-01 -1.384945280973811366e-01
3.572123903134606371e-01 -1.378995255687022747e-01
3.694473329154774888e-01 -1.371602089472274688e-01
3.818410137793947223e-01 -1.362788103190461786e-01
3.943903128623333920e-01 -1.352578787132639460e-01
4.070920709453594855e-01 -1.341001897950770128e-01
4.199430904288018462e-01 -1.328086568345097918e-01
4.329401361372292589e-01 -1.313862464764351257e-01
4.460799361338897429e-01 -1.298359025970033942e-01
4.593591825444023335e-01 -1.281604811553752332e-01
4.727745323894976259e-01 -1.263626984459276237e-01
4.863226084265935834e-01 -1.244450945379718676e-01
5.000000000000001110e-01 -1.224100129752958288e-01
5.138032638995313484e-01 -1.202595970189036384e-01
5.277289252273172915e-01 -1.179958018797567509e-01
5.417734782725895926e-01 -1.156204215344790454e-01
5.559333873942259308e-01 -1.131351278794027887e-01
5.702050879108284676e-01 -1.105415191930235602e-01
5.845849869981135649e-01 -1.078411741815935715e-01
5.990694645933862805e-01 -1.050357073156976684e-01
6.136548743068714895e-01 -1.021268207655186694e-01
6.283375443396724824e-01 -9.911634804617872052e-02
6.431137784081281117e-01 -9.600628452682656577e-02
6.579798566743311206e-01 -9.279880026943071458e-02
6.729320366825783939e-01 -8.949623127248357290e-02
6.879665543015128781e-01 -8.610104612246882727e-02
7.030796246717250231e-01 -8.261578631694116437e-02
7.182674431585703845e-01 -7.904298012496518977e-02
7.335261863099650226e-01 -7.538503179279479327e-02
7.488520128189207758e-01 -7.164409017551488790e-02
7.642410644905727191e-01 -6.782190345997669845e-02
7.796894672134594417e-01 -6.391966951205033109e-02
7.951933319348093443e-01 -5.993789449340983233e-02
8.107487556395898132e-01 -5.587627570129128501e-02
8.263518223330695855e-01 -5.173362803086815204e-02
8.419986040266501659e-01 -4.750787697686280342e-02
8.576851617267149397e-01 -4.319614460314090409e-02
8.734075464262507360e-01 -3.879495833317186254e-02
8.891618000989889303e-01 -3.430061566088962732e-02
9.049439566958173975e-01 -2.970974085612039170e-02
9.207500431432115162e-01 -2.502007234335233005e-02
9.365760803434354242e-01 -2.023152156741550925e-02
9.524180841762578398e-01 -1.534754572491338863e-02
9.682720665019324269e-01 -1.037687763834229011e-02
9.841340361651920166e-01 -5.335656187226659776e-03
9.999999999999998890e-01 -2.500000000000356212e-04
