9.999999999999998890e-01 2.500000000000683642e-04
9.841340361651920166e-01 9.906228087416439967e-03
9.682720665019324269e-01 1.916422821368217802e-02
9.524180841762578398e-01 2.783416921747036352e-02
9.365760803434354242e-01 3.579783248219559066e-02
9.207500431432115162e-01 4.299423455310848879e-02
9.049439566958173975e-01 4.940702814144145444e-02
8.891618000989889303e-01 5.505359041187242453e-02
8.734075464262507360e-01 5.997569534179072320e-02
8.576851617267149397e-01 6.423165763546934137e-02
8.419986040266501659e-01 6.788982904722899725e-02
8.263518223330695855e-01 7.102332385814316695e-02
8.107487556395898132e-01 7.370584847781598559e-02
7.951933319348093443e-01 7.600851050213169868e-02
7.796894672134594417e-01 7.799748482919233172e-02
7.642410644905727191e-01 7.973241838706715545e-02
7.488520128189207758e-01 8.126546041986530688e-02
7.335261863099650226e-01 8.264081187217410529e-02
7.182674431585703845e-01 8.389469496722604114e-02
7.030796246717250231e-01 8.505565235829225246e-02
6.879665543015128781e-01 8.614509402217457312e-02
6.729320366825783939e-01 8.717801914721463874e-02
6.579798566743311206e-01 8.816384945005119322e-02
6.431137784081281117e-01 8.910731945690240907e-02
6.283375443396724824e-01 9.000937814699144779e-02
6.136548743068714895e-01 9.086806483878673291e-02
5.990694645933862805e-01 9.167933018606302942e-02
5.845849869981135649e-01 9.243778054396346866e-02
5.702050879108284676e-01 9.313733069023016897e-02
5.559333873942259308e-01 9.377175588948778728e-02
5.417734782725895926e-01 9.433513953491518000e-02
5.277289252273172915e-01 9.482221707679583389e-02
5.138032638995313484e-01 9.522862065375792273e-02
5.000000000000001110e-01 9.555103179833100702e-02
4.863226084265935834e-01 9.578725182608142930e-02
4.727745323894976259e-01 9.593620108139798430e-02
4.593591825444023335e-01 9.599785915730486840e-02
4.460799361338897429e-01 9.597315859366536972e-02
4.329401361372292589e-01 9.586384445576003055e-02
4.199430904288018462e-01 9.567231167516672408e-02
4.070920709453594855e-01 9.540143117059152189e-02
3.943903128623333920e-01 9.505437463119799368e-02
3.818410137793947223e-01 9.463444651071661884e-02
3.694473329154774888e-01 9.414493031560594583e-02
3.572123903134606371e-01 9.358895473864843606e-02
3.451392660547150104e-01 9.296938364882714745e-02
3.332309994837083789e-01 9.228873245085893184e-02
3.214905884428678196e-01 9.154911191789741332e-02
3.099209885178879631e-01 9.075219931562361619e-02
2.985251122936787294e-01 8.989923550435625910e-02
2.873058286211370715e-01 8.899104574927997613e-02
2.762659618949298013e-01 8.802808120111607626e-02
2.654082913424666845e-01 8.701047743699696913e-02
2.547355503242452190e-01 8.593812607363889022e-02
2.442504256457417311e-01 8.481075527572384809e-02
2.339555568810219865e-01 8.362801496990511507e-02
2.238535357082431787e-01 8.238956272272070225e-02
2.139469052572124941e-01 8.109514652894517228e-02
2.042381594691679014e-01 7.974468116279466445e-02
1.947297424689413692e-01 7.833831524334994301e-02
1.854240479496642724e-01 7.687648673205062233e-02
1.763234185701672008e-01 7.535996518852869364e-02
1.674301453652287108e-01 7.378987973646509990e-02
1.587464671688187945e-01 7.216773231006015643e-02
1.502745700504856119e-01 7.049539634262252941e-02
1.420165867650229341e-01 6.877510160276983919e-02
1.339745962155614034e-01 6.700940636482746737e-02
1.261506229302150617e-01 6.520115850549185188e-02
1.185466365524179277e-01 6.335344743941342949e-02
1.111645513450765232e-01 6.146954903627864508e-02
1.040062257086641351e-01 5.955286579891377885e-02
9.707346171337882801e-02 5.760686462690847026e-02
9.036800464548166989e-02 5.563501444734414436e-02
8.389154256793041053e-02 5.364072587027848837e-02
7.764570589541863743e-02 5.162729483091559046e-02
7.163206698392743377e-02 4.959785192407672322e-02
6.585213973489323358e-02 4.755531883234408175e-02
6.030737921409157209e-02 4.550237291072481427e-02
5.499918128533154427e-02 4.344142063200066850e-02
4.992888225905456334e-02 4.137458023220363934e-02
4.509775855592612626e-02 3.930367353851454970e-02
4.050702638550263135e-02 3.723022662502957492e-02
3.615784144005795842e-02 3.515547863669033629e-02
3.205129860364375194e-02 3.308039785798658206e-02
2.818843167645834757e-02 3.100570388870306504e-02
2.457021311459295365e-02 2.893189462976394552e-02
2.119755378522125699e-02 2.685927668170794841e-02
1.807130273729329328e-02 2.478799771781573305e-02
1.519224698779197968e-02 2.271807941250452920e-02
1.256111132360571148e-02 2.064944958027117514e-02
1.017855811906731578e-02 1.858197230622430848e-02
8.045187169204659483e-03 1.651547501939181622e-02
6.161535538745877005e-03 1.444977166637132805e-02
4.528077426915411152e-03 1.238468137622919518e-02
3.145224048057615462e-03 1.032004225780510341e-02
2.013323528115562588e-03 8.255720227275173753e-03
1.132660816992037134e-03 6.191613016496860626e-03
5.034576168149174080e-04 4.127649751151896487e-03
1.258723261249317105e-04 2.063786702576256467e-03
0.000000000000000000e+00 0.000000000000000000e+00
1.258723261249317105e-04 -1.816040734781820994e-03
5.034576168149174080e-04 -3.626387706745400064e-03
1.132660816992037134e-03 -5.425324125198922876e-03
2.013323528115562588e-03 -7.207212862398120097e-03
3.145224048057615462e-03 -8.966535853597872377e-03
4.528077426915411152e-03 -1.069793292707999464e-02
6.161535538745877005e-03 -1.239623980565364783e-02
8.045187169204659483e-03 -1.405652496802989315e-02
1.017855811906731578e-02 -1.567412499883897095e-02
1.256111132360571148e-02 -1.724467799397413209e-02
1.519224698779197968e-02 -1.876415452791637198e-02
1.807130273729329328e-02 -2.022888563644857293e-02
2.119755378522125699e-02 -2.163558722647890287e-02
2.457021311459295365e-02 -2.298138029911963101e-02
2.818843167645834757e-02 -2.426380636688309916e-02
3.205129860364375194e-02 -2.548083746441305239e-02
3.615784144005795842e-02 -2.663088019732322981e-02
4.050702638550263135e-02 -2.771277334724994712e-02
4.509775855592612626e-02 -2.872577865381847895e-02
4.992888225905456334e-02 -2.966956452533867084e-02
5.499918128533154427e-02 -3.054418258787333640e-02
6.030737921409157209e-02 -3.135003716375973221e-02
6.585213973489323358e-02 -3.208784797134222461e-02
7.163206698392743377e-02 -3.275860655203099298e-02
7.764570589541863743e-02 -3.336352715221949788e-02
8.389154256793041053e-02 -3.390399300855029274e-02
9.036800464548166989e-02 -3.438149919731613158e-02
9.707346171337882801e-02 -3.479759340379385418e-02
1.040062257086641351e-01 -3.515381613624991852e-02
1.111645513450765232e-01 -3.545164204361551941e-02
1.185466365524179277e-01 -3.569242408726663179e-02
1.261506229302150617e-01 -3.587734235863978410e-02
1.339745962155614034e-01 -3.600735931938003898e-02
1.420165867650229341e-01 -3.608318316461812947e-02
1.502745700504856119e-01 -3.610524086980491931e-02
1.587464671688187945e-01 -3.607366227627669536e-02
1.674301453652287108e-01 -3.598827630155310847e-02
1.763234185701672008e-01 -3.584862003079006265e-02
1.854240479496642724e-01 -3.565396106174987395e-02
1.947297424689413692e-01 -3.540333304547724907e-02
2.042381594691679014e-01 -3.509558389931955596e-02
2.139469052572124941e-01 -3.472943568097142802e-02
2.238535357082431787e-01 -3.430355461683299440e-02
2.339555568810219865e-01 -3.381662929182245592e-02
2.442504256457417311e-01 -3.326745454886719661e-02
2.547355503242452190e-01 -3.265501823346501908e-02
2.654082913424666845e-01 -3.197858757113740402e-02
2.762659618949298013e-01 -3.123779170222900498e-02
2.873058286211370715e-01 -3.043269673740118045e-02
2.985251122936787294e-01 -2.956386965485714377e-02
3.099209885178879631e-01 -2.863242745114886675e-02
3.214905884428678196e-01 -2.764006819280598673e-02
3.332309994837083789e-01 -2.658908100391975046e-02
3.451392660547150104e-01 -2.548233256899148230e-02
3.572123903134606371e-01 -2.432322842989673162e-02
3.694473329154774888e-01 -2.311564820461693703e-02
3.818410137793947223e-01 -2.186385484177634855e-02
3.943903128623333920e-01 -2.057237913146545139e-02
4.070920709453594855e-01 -1.924588189581408204e-02
4.199430904288018462e-01 -1.788899755277014933e-02
4.329401361372292589e-01 -1.650616404816307795e-02
4.460799361338897429e-01 -1.510144544345014446e-02
4.593591825444023335e-01 -1.367835468356144030e-02
4.727745323894976259e-01 -1.223968520054232248e-02
4.863226084265935834e-01 -1.078736098020858375e-02
5.000000000000001110e-01 -9.322315474107282368e-03
5.138032638995313484e-01 -7.844410219551812072e-03
5.277289252273172915e-01 -6.352404177973882890e-03
5.417734782725895926e-01 -4.843984559085905139e-03
5.559333873942259308e-01 -3.315869210805478477e-03
5.702050879108284676e-01 -1.763989472232042844e-03
5.845849869981135649e-01 -1.837606647067225685e-04
5.990694645933862805e-01 1.429554902859048572e-03
6.136548743068714895e-01 3.080390441512857215e-03
6.283375443396724824e-01 4.772324254767451590e-03
6.431137784081281117e-01 6.507442079938978614e-03
6.579798566743311206e-01 8.285622672227340932e-03
6.729320366825783939e-01 1.010376247072482421e-02
6.879665543015128781e-01 1.195496110727935213e-02
7.030796246717250231e-01 1.382769594219627855e-02
7.182674431585703845e-01 1.570502066310948061e-02
7.335261863099650226e-01 1.756383017591669690e-02
7.488520128189207758e-01 1.937424144347251950e-02
7.642410644905727191e-01 2.109914746636503552e-02
7.796894672134594417e-01 2.269400911260022538e-02
7.951933319348093443e-01 2.410695683704863410e-02
8.107487556395898132e-01 2.527928132196879604e-02
8.263518223330695855e-01 2.614639854087698334e-02
8.419986040266501659e-01 2.663938051503168813e-02
8.576851617267149397e-01 2.668714790450251589e-02
8.734075464262507360e-01 2.621942436092770598e-02
8.891618000989889303e-01 2.517055507365166880e-02
9.049439566958173975e-01 2.348429297575312449e-02
9.207500431432115162e-01 2.111965545971254687e-02
9.365760803434354242e-01 1.805795201351567333e-02
9.524180841762578398e-01 1.431107877131221513e-02
9.682720665019324269e-01 9.931169441766890538e-03
9.841340361651920166e-01 5.021683318174723423e-03
9.999999999999998890e-01 -2.499999999999623292e-04
