9.999999999999998890e-01 2.500000000001340126e-04
9.841340361651920166e-01 1.926720784818819823e-02
9.682720665019324269e-01 3.797080393759060674e-02
9.524180841762578398e-01 5.632615344661873885e-02
9.365760803434354242e-01 7.431371606205113001e-02
9.207500431432115162e-01 9.192492924563572254e-02
9.049439566958173975e-01 1.091588068101925213e-01
8.891618000989889303e-01 1.260191869110582341e-01
8.734075464262507360e-01 1.425125617144322732e-01
8.576851617267149397e-01 1.586464205232936964e-01
8.419986040266501659e-01 1.744280389019906841e-01
8.263518223330695855e-01 1.898636482088955080e-01
8.107487556395898132e-01 2.049579227808445703e-01
7.951933319348093443e-01 2.197137256664144778e-01
7.796894672134594417e-01 2.341320581280668944e-01
7.642410644905727191e-01 2.482121629770435989e-01
7.488520128189207758e-01 2.619517370239636267e-01
7.335261863099650226e-01 2.753472133823503532e-01
7.182674431585703845e-01 2.883940799195077176e-01
7.030796246717250231e-01 3.010872056866694679e-01
6.879665543015128781e-01 3.134211525667337517e-01
6.729320366825783939e-01 3.253904545543244708e-01
6.579798566743311206e-01 3.369898519439501472e-01
6.431137784081281117e-01 3.482144721763850148e-01
6.283375443396724824e-01 3.590599531242441023e-01
6.136548743068714895e-01 3.695225081426599112e-01
5.990694645933862805e-01 3.795989352419107954e-01
5.845849869981135649e-01 3.892865752413216529e-01
5.702050879108284676e-01 3.985832257363102760e-01
5.559333873942259308e-01 4.074870191635813210e-01
5.417734782725895926e-01 4.159962742045311690e-01
5.277289252273172915e-01 4.241093302548121224e-01
5.138032638995313484e-01 4.318243747477624184e-01
5.000000000000001110e-01 4.391392727967198817e-01
4.863226084265935834e-01 4.460514079669631315e-01
4.727745323894976259e-01 4.525575420565653428e-01
4.593591825444023335e-01 4.586537006133549754e-01
4.460799361338897429e-01 4.643350895995621563e-01
4.329401361372292589e-01 4.695960471930292757e-01
4.199430904288018462e-01 4.744300332384101537e-01
4.070920709453594855e-01 4.788296573848018767e-01
3.943903128623333920e-01 4.827867455147656917e-01
3.818410137793947223e-01 4.862924427257077076e-01
3.694473329154774888e-01 4.893373499044355035e-01
3.572123903134606371e-01 4.919116898695107265e-01
3.451392660547150104e-01 4.940054981673504542e-01
3.332309994837083789e-01 4.956088329138852999e-01
3.214905884428678196e-01 4.967119975841490231e-01
3.099209885178879631e-01 4.973057703712741584e-01
2.985251122936787294e-01 4.973816336615907163e-01
2.873058286211370715e-01 4.969319972957302323e-01
2.762659618949298013e-01 4.959504095935523549e-01
2.654082913424666845e-01 4.944317505955482250e-01
2.547355503242452190e-01 4.923724025935553028e-01
2.442504256457417311e-01 4.897703937646322170e-01
2.339555568810219865e-01 4.866255115570518042e-01
2.238535357082431787e-01 4.829393833785833867e-01
2.139469052572124941e-01 4.787155230759808644e-01
2.042381594691679014e-01 4.739593426426546574e-01
1.947297424689413692e-01 4.686781295216564946e-01
1.854240479496642724e-01 4.628809907578827487e-01
1.763234185701672008e-01 4.565787660736461695e-01
1.674301453652287108e-01 4.497839126752002370e-01
1.587464671688187945e-01 4.425103652274209876e-01
1.502745700504856119e-01 4.347733749462445174e-01
1.420165867650229341e-01 4.265893321440464292e-01
1.339745962155614034e-01 4.179755768162652374e-01
1.261506229302150617e-01 4.089502019764416629e-01
1.185466365524179277e-01 3.995318544335447752e-01
1.111645513450765232e-01 3.897395375656206307e-01
1.040062257086641351e-01 3.795924203864045055e-01
9.707346171337882801e-02 3.691096568385020538e-01
9.036800464548166989e-02 3.583102187924690485e-01
8.389154256793041053e-02 3.472127457020656172e-01
7.764570589541863743e-02 3.358354132800459579e-01
7.163206698392743377e-02 3.241958229349762299e-01
6.585213973489323358e-02 3.123109130670210232e-01
6.030737921409157209e-02 3.001968926785238967e-01
5.499918128533154427e-02 2.878691971319801701e-01
4.992888225905456334e-02 2.753424653009206580e-01
4.509775855592612626e-02 2.626305368239115201e-01
4.050702638550263135e-02 2.497464677019458901e-01
3.615784144005795842e-02 2.367025620862355517e-01
3.205129860364375194e-02 2.235104177954221893e-01
2.818843167645834757e-02 2.101809828844564132e-01
2.457021311459295365e-02 1.967246204647830621e-01
2.119755378522125699e-02 1.831511789472003715e-01
1.807130273729329328e-02 1.694700649420722294e-01
1.519224698779197968e-02 1.556903162011185615e-01
1.256111132360571148e-02 1.418206722129276565e-01
1.017855811906731578e-02 1.278696403605888710e-01
8.045187169204659483e-03 1.138455559025648711e-01
6.161535538745877005e-03 9.975663443376858730e-02
4.528077426915411152e-03 8.561101590836182884e-02
3.145224048057615462e-03 7.141679974412142029e-02
2.013323528115562588e-03 5.718207096507289117e-02
1.132660816992037134e-03 4.291491775973452216e-02
5.034576168149174080e-04 2.862344122257052398e-02
1.258723261249317105e-04 1.431575839318459040e-02
0.000000000000000000e+00 0.000000000000000000e+00
1.258723261249317105e-04 -1.348928513881266465e-02
5.034576168149174080e-04 -2.694561150674720448e-02
1.132660816992037134e-03 -4.033631080256081664e-02
2.013323528115562588e-03 -5.362941446914906707e-02
3.145224048057615462e-03 -6.679398603533399925e-02
4.528077426915411152e-03 -7.980043288395093082e-02
6.161535538745877005e-03 -9.262079136211701091e-02
8.045187169204659483e-03 -1.052289797871578531e-01
1.017855811906731578e-02 -1.176010146673010792e-01
1.256111132360571148e-02 -1.297151863302653252e-01
1.519224698779197968e-02 -1.415521911128407029e-01
1.807130273729329328e-02 -1.530952182857769628e-01
2.119755378522125699e-02 -1.643299909446893359e-01
2.457021311459295365e-02 -1.752447611621278656e-01
2.818843167645834757e-02 -1.858302607413277741e-01
3.205129860364375194e-02 -1.960796099118138625e-01
3.615784144005795842e-02 -2.059881872356649490e-01
4.050702638550263135e-02 -2.155534648274472775e-01
4.509775855592612626e-02 -2.247748137097877186e-01
4.992888225905456334e-02 -2.336532847125748491e-01
5.499918128533154427e-02 -2.421913707627577628e-01
6.030737921409157209e-02 -2.503927566935523763e-01
6.585213973489323358e-02 -2.582620628207239477e-01
7.163206698392743377e-02 -2.658045884880773091e-01
7.764570589541863743e-02 -2.730260615774526278e-01
8.389154256793041053e-02 -2.799323996178608720e-01
9.036800464548166989e-02 -2.865294876256253009e-01
9.707346171337882801e-02 -2.928229771781621915e-01
1.040062257086641351e-01 -2.988181104874448879e-01
1.111645513450765232e-01 -3.045195724173676566e-01
1.185466365524179277e-01 -3.099313725066654701e-01
1.261506229302150617e-01 -3.150567581419185248e-01
1.339745962155614034e-01 -3.198981591006540004e-01
1.420165867650229341e-01 -3.244571627800157954e-01
1.502745700504856119e-01 -3.287345185686668669e-01
1.587464671688187945e-01 -3.327301690339288798e-01
1.674301453652287108e-01 -3.364433049059398773e-01
1.763234185701672008e-01 -3.398724402662309241e-01
1.854240479496642724e-01 -3.430155039065681533e-01
1.947297424689413692e-01 -3.458699425280679640e-01
2.042381594691679014e-01 -3.484328313088856377e-01
2.139469052572124941e-01 -3.507009873847602988e-01
2.238535357082431787e-01 -3.526710819589138901e-01
2.339555568810219865e-01 -3.543397470796310622e-01
2.442504256457417311e-01 -3.557036735837076358e-01
2.547355503242452190e-01 -3.567596972853880888e-01
2.654082913424666845e-01 -3.575048711726069306e-01
2.762659618949298013e-01 -3.579365221305512712e-01
2.873058286211370715e-01 -3.580522915187815958e-01
2.985251122936787294e-01 -3.578501597519589961e-01
3.099209885178879631e-01 -3.573284558436012892e-01
3.214905884428678196e-01 -3.564858536345966722e-01
3.332309994837083789e-01 -3.553213571112781577e-01
3.451392660547150104e-01 -3.538342777910135073e-01
3.572123903134606371e-01 -3.520242075884225108e-01
3.694473329154774888e-01 -3.498909908481165343e-01
3.818410137793947223e-01 -3.474346993205425504e-01
3.943903128623333920e-01 -3.446556137521021301e-01
4.070920709453594855e-01 -3.415542154516506557e-01
4.199430904288018462e-01 -3.381311906824667757e-01
4.329401361372292589e-01 -3.343874500193170229e-01
4.460799361338897429e-01 -3.303241639199478441e-01
4.593591825444023335e-01 -3.259428147132314990e-01
4.727745323894976259e-01 -3.212452640345807020e-01
4.863226084265935834e-01 -3.162338334834592368e-01
5.000000000000001110e-01 -3.109113949857537640e-01
5.138032638995313484e-01 -3.052814660701062555e-01
5.277289252273172915e-01 -2.993483040725410382e-01
5.417734782725895926e-01 -2.931169922329828204e-01
5.559333873942259308e-01 -2.865935098088575050e-01
5.702050879108284676e-01 -2.797847777748588283e-01
5.845849869981135649e-01 -2.726986714738713347e-01
5.990694645933862805e-01 -2.653439917997000852e-01
6.136548743068714895e-01 -2.577303871912658972e-01
6.283375443396724824e-01 -2.498682199578077801e-01
6.431137784081281117e-01 -2.417683722846770966e-01
6.579798566743311206e-01 -2.334419897285927581e-01
6.729320366825783939e-01 -2.249001631265850898e-01
6.879665543015128781e-01 -2.161535536271249336e-01
7.030796246717250231e-01 -2.072119700021937405e-01
7.182674431585703845e-01 -1.980839124952898378e-01
7.335261863099650226e-01 -1.887761031642068987e-01
7.488520128189207758e-01 -1.792930289313597603e-01
7.642410644905727191e-01 -1.696365302812690989e-01
7.796894672134594417e-01 -1.598054756475348614e-01
7.951933319348093443e-01 -1.497955688937322449e-01
8.107487556395898132e-01 -1.395993447788173580e-01
8.263518223330695855e-01 -1.292064147549065734e-01
8.419986040266501659e-01 -1.186040327046995191e-01
8.576851617267149397e-01 -1.077780571044334168e-01
8.734075464262507360e-01 -9.671439240165939644e-02
8.891618000989889303e-01 -8.540099792234762122e-02
9.049439566958173975e-01 -7.383055716057079776e-02
9.207500431432115162e-01 -6.200390364635131185e-02
9.365760803434354242e-01 -4.993430152547709278e-02
9.524180841762578398e-01 -3.765267931791298206e-02
9.682720665019324269e-01 -2.521391385825303907e-02
9.841340361651920166e-01 -1.270425798705296719e-02
9.999999999999998890e-01 -2.500000000000865787e-04
