9.999999999999998890e-01 2.500000000000715083e-04
9.841340361651920166e-01 1.031301361970593349e-02
9.682720665019324269e-01 2.003242925870220292e-02
9.524180841762578398e-01 2.936666700598768512e-02
9.365760803434354242e-01 3.827567033162419807e-02
9.207500431432115162e-01 4.672337655914033522e-02
9.049439566958173975e-01 5.467951494685099195e-02
8.891618000989889303e-01 6.212080811206593250e-02
8.734075464262507360e-01 6.903165316598881829e-02
8.576851617267149397e-01 7.540435820087111607e-02
8.419986040266501659e-01 8.123900781882459343e-02
8.263518223330695855e-01 8.654302835828198148e-02
8.107487556395898132e-01 9.133051951140762348e-02
7.951933319348093443e-01 9.562141429001128068e-02
7.796894672134594417e-01 9.944052394608431100e-02
7.642410644905727191e-01 1.028165186416926530e-01
7.488520128189207758e-01 1.057808885430052137e-01
7.335261863099650226e-01 1.083669237293663212e-01
7.182674431585703845e-01 1.106087449962805669e-01
7.030796246717250231e-01 1.125404114159624658e-01
6.879665543015128781e-01 1.141951245133926290e-01
6.729320366825783939e-01 1.156045432187775002e-01
6.579798566743311206e-01 1.167982184536535545e-01
6.431137784081281117e-01 1.178031513673384184e-01
6.283375443396724824e-01 1.186434749174929831e-01
6.136548743068714895e-01 1.193402547225018151e-01
5.990694645933862805e-01 1.199114019286505184e-01
5.845849869981135649e-01 1.203716882418791323e-01
5.702050879108284676e-01 1.207328512690488409e-01
5.559333873942259308e-01 1.210037768816818737e-01
5.417734782725895926e-01 1.211907444294530872e-01
5.277289252273172915e-01 1.212977202550673400e-01
5.138032638995313484e-01 1.213266850520931250e-01
5.000000000000001110e-01 1.212779811117526696e-01
4.863226084265935834e-01 1.211506663674757622e-01
4.727745323894976259e-01 1.209428633076701093e-01
4.593591825444023335e-01 1.206520922262554890e-01
4.460799361338897429e-01 1.202755798553286626e-01
4.329401361372292589e-01 1.198105361142314806e-01
4.199430904288018462e-01 1.192543934560403862e-01
4.070920709453594855e-01 1.186050050414083623e-01
3.943903128623333920e-01 1.178607996706760308e-01
3.818410137793947223e-01 1.170208930135770292e-01
3.694473329154774888e-01 1.160851561531578841e-01
3.572123903134606371e-01 1.150542437747854307e-01
3.451392660547150104e-01 1.139295854573173922e-01
3.332309994837083789e-01 1.127133444437144610e-01
3.214905884428678196e-01 1.114083489716337638e-01
3.099209885178879631e-01 1.100180017267287091e-01
2.985251122936787294e-01 1.085461732448218253e-01
2.873058286211370715e-01 1.069970851420983526e-01
2.762659618949298013e-01 1.053751889086483734e-01
2.654082913424666845e-01 1.036850456783834917e-01
2.547355503242452190e-01 1.019312119097731534e-01
2.442504256457417311e-01 1.001181353022557036e-01
2.339555568810219865e-01 9.825006456004321820e-02
2.238535357082431787e-01 9.633097582715702267e-02
2.139469052572124941e-01 9.436451778417354053e-02
2.042381594691679014e-01 9.235397654725105432e-02
1.947297424689413692e-01 9.030226067134441981e-02
1.854240479496642724e-01 8.821190575807082157e-02
1.763234185701672008e-01 8.608509742796702224e-02
1.674301453652287108e-01 8.392371075741691944e-02
1.587464671688187945e-01 8.172936371941982858e-02
1.502745700504856119e-01 7.950348171799991037e-02
1.420165867650229341e-01 7.724736997783572534e-02
1.339745962155614034e-01 7.496229034901652488e-02
1.261506229302150617e-01 7.264953901305869211e-02
1.185466365524179277e-01 7.031052162791416593e-02
1.111645513450765232e-01 6.794682262046000676e-02
1.040062257086641351e-01 6.556026561530020613e-02
9.707346171337882801e-02 6.315296236610729030e-02
9.036800464548166989e-02 6.072734801512488095e-02
8.389154256793041053e-02 5.828620103081817022e-02
7.764570589541863743e-02 5.583264674450198056e-02
7.163206698392743377e-02 5.337014400475175585e-02
6.585213973489323358e-02 5.090245507386245705e-02
6.030737921409157209e-02 4.843359948420101341e-02
5.499918128533154427e-02 4.596779313546339729e-02
4.992888225905456334e-02 4.350937442939961652e-02
4.509775855592612626e-02 4.106271969111122827e-02
4.050702638550263135e-02 3.863215050235464798e-02
3.615784144005795842e-02 3.622183586174310133e-02
3.205129860364375194e-02 3.383569228143745028e-02
2.818843167645834757e-02 3.147728502494426955e-02
2.457021311459295365e-02 2.914973368411046331e-02
2.119755378522125699e-02 2.685562518650132582e-02
1.807130273729329328e-02 2.459693712120163134e-02
1.519224698779197968e-02 2.237497397863522433e-02
1.256111132360571148e-02 2.019031852775903316e-02
1.017855811906731578e-02 1.804280011371833803e-02
8.045187169204659483e-03 1.593148116441081216e-02
6.161535538745877005e-03 1.385466266054399126e-02
4.528077426915411152e-03 1.180990876685680119e-02
3.145224048057615462e-03 9.794090258965118534e-03
2.013323528115562588e-03 7.803445827588843808e-03
1.132660816992037134e-03 5.833659816161833149e-03
5.034576168149174080e-04 3.879954464557372733e-03
1.258723261249317105e-04 1.937194305128069234e-03
0.000000000000000000e+00 0.000000000000000000e+00
1.258723261249317105e-04 -1.619319627608186265e-03
5.034576168149174080e-04 -3.227934582029204358e-03
1.132660816992037134e-03 -4.815247003640704855e-03
2.013323528115562588e-03 -6.370994128466202569e-03
3.145224048057615462e-03 -7.885404922913098746e-03
4.528077426915411152e-03 -9.349343968410811154e-03
6.161535538745877005e-03 -1.075443892675545174e-02
8.045187169204659483e-03 -1.209318839315519020e-02
1.017855811906731578e-02 -1.335904751280936158e-02
1.256111132360571148e-02 -1.454648938183235492e-02
1.519224698779197968e-02 -1.565104095567961331e-02
1.807130273729329328e-02 -1.666929292743262944e-02
2.119755378522125699e-02 -1.759888379269692119e-02
2.457021311459295365e-02 -1.843845906523186237e-02
2.818843167645834757e-02 -1.918760732563665888e-02
3.205129860364375194e-02 -1.984677545303394075e-02
3.615784144005795842e-02 -2.041716598663338017e-02
4.050702638550263135e-02 -2.090062007214985029e-02
4.509775855592612626e-02 -2.129948985158340927e-02
4.992888225905456334e-02 -2.161650444106858610e-02
5.499918128533154427e-02 -2.185463380093647517e-02
6.030737921409157209e-02 -2.201695482902812570e-02
6.585213973489323358e-02 -2.210652390074665380e-02
7.163206698392743377e-02 -2.212625983941870003e-02
7.764570589541863743e-02 -2.207884093432055037e-02
8.389154256793041053e-02 -2.196661914115504918e-02
9.036800464548166989e-02 -2.179155401444839504e-02
9.707346171337882801e-02 -2.155516825020724683e-02
1.040062257086641351e-01 -2.125852598008159608e-02
1.111645513450765232e-01 -2.090223417745041071e-02
1.185466365524179277e-01 -2.048646673531375265e-02
1.261506229302150617e-01 -2.001100998079657911e-02
1.339745962155614034e-01 -1.947532762703051840e-02
1.420165867650229341e-01 -1.887864245544951941e-02
1.502745700504856119e-01 -1.822003139431424557e-02
1.587464671688187945e-01 -1.749853013496114815e-02
1.674301453652287108e-01 -1.671324302571917247e-02
1.763234185701672008e-01 -1.586345372133033532e-02
1.854240479496642724e-01 -1.494873195593041972e-02
1.947297424689413692e-01 -1.396903185878424145e-02
2.042381594691679014e-01 -1.292477744789342388e-02
2.139469052572124941e-01 -1.181693131617743767e-02
2.238535357082431787e-01 -1.064704306186733951e-02
2.339555568810219865e-01 -9.417274697554853941e-03
2.442504256457417311e-01 -8.130401084433948322e-03
2.547355503242452190e-01 -6.789784358276679255e-03
2.654082913424666845e-01 -5.399322315813479337e-03
2.762659618949298013e-01 -3.963371784802402140e-03
2.873058286211370715e-01 -2.486649075365830828e-03
2.985251122936787294e-01 -9.741106689746538124e-04
3.099209885178879631e-01 5.691816918636540251e-04
3.214905884428678196e-01 2.138206432698207260e-03
3.332309994837083789e-01 3.728132222754523047e-03
3.451392660547150104e-01 5.334466193610216782e-03
3.572123903134606371e-01 6.953193358758136787e-03
3.694473329154774888e-01 8.580900073794976018e-03
3.818410137793947223e-01 1.021487440259478789e-02
3.943903128623333920e-01 1.185317654131644825e-02
4.070920709453594855e-01 1.349467300974066877e-02
4.199430904288018462e-01 1.513902915091213351e-02
4.329401361372292589e-01 1.678665557979813761e-02
4.460799361338897429e-01 1.843860557541871642e-02
4.593591825444023335e-01 2.009642199546110217e-02
4.727745323894976259e-01 2.176193407561165249e-02
4.863226084265935834e-01 2.343700641677399360e-02
5.000000000000001110e-01 2.512324451269112510e-02
5.138032638995313484e-01 2.682166327122626273e-02
5.277289252273172915e-01 2.853232707084440989e-02
5.417734782725895926e-01 3.025397190011200679e-02
5.559333873942259308e-01 3.198362197836420590e-02
5.702050879108284676e-01 3.371621487327684102e-02
5.845849869981135649e-01 3.544425043796816527e-02
5.990694645933862805e-01 3.715747980916631055e-02
6.136548743068714895e-01 3.884265116427256664e-02
6.283375443396724824e-01 4.048332885885477794e-02
6.431137784081281117e-01 4.205980189398143138e-02
6.579798566743311206e-01 4.354909634040659422e-02
6.729320366825783939e-01 4.492510433029751893e-02
6.879665543015128781e-01 4.615883948601695597e-02
7.030796246717250231e-01 4.721882517297028986e-02
7.182674431585703845e-01 4.807161773927594306e-02
7.335261863099650226e-01 4.868246195597730058e-02
7.488520128189207758e-01 4.901607023308017508e-02
7.642410644905727191e-01 4.903751091345198015e-02
7.796894672134594417e-01 4.871318411271467058e-02
7.951933319348093443e-01 4.801185627245443260e-02
8.107487556395898132e-01 4.690571693931330083e-02
8.263518223330695855e-01 4.537141340518999200e-02
8.419986040266501659e-01 4.339101089240409576e-02
8.576851617267149397e-01 4.095281810634499031e-02
8.734075464262507360e-01 3.805201038436715338e-02
8.891618000989889303e-01 3.469097553203166068e-02
9.049439566958173975e-01 3.087930095288543911e-02
9.207500431432115162e-01 2.663331504742483258e-02
9.365760803434354242e-01 2.197509128376165868e-02
9.524180841762578398e-01 1.693082002755765328e-02
9.682720665019324269e-01 1.152845135651921205e-02
9.841340361651920166e-01 5.794511859326609456e-03
9.999999999999998890e-01 -2.499999999999566371e-04
