9.999999999999998890e-01 2.500000000000674426e-04
9.841340361651920166e-01 9.855748555782693418e-03
9.682720665019324269e-01 1.935252304150497649e-02
9.524180841762578398e-01 2.870170215905128858e-02
9.365760803434354242e-01 3.787799731075162935e-02
9.207500431432115162e-01 4.686635784038545999e-02
9.049439566958173975e-01 5.565934754825094255e-02
8.891618000989889303e-01 6.425495530373366571e-02
8.734075464262507360e-01 7.265480077896435684e-02
8.576851617267149397e-01 8.086269537144677444e-02
8.419986040266501659e-01 8.888351820491335875e-02
8.263518223330695855e-01 9.672236762157444823e-02
8.107487556395898132e-01 1.043839497251066450e-01
7.951933319348093443e-01 1.118721672180630622e-01
7.796894672134594417e-01 1.191898739136325186e-01
7.642410644905727191e-01 1.263387628031657495e-01
7.488520128189207758e-01 1.333193583420907991e-01
7.335261863099650226e-01 1.401310865948638684e-01
7.182674431585703845e-01 1.467723999754602104e-01
7.030796246717250231e-01 1.532409364597252799e-01
6.879665543015128781e-01 1.595336962618585097e-01
6.729320366825783939e-01 1.656472219984740923e-01
6.579798566743311206e-01 1.715777712566438351e-01
6.431137784081281117e-01 1.773214731916148701e-01
6.283375443396724824e-01 1.828744632682268723e-01
6.136548743068714895e-01 1.882329924984376956e-01
5.990694645933862805e-01 1.933935094950091360e-01
5.845849869981135649e-01 1.983527153454370529e-01
5.702050879108284676e-01 2.031075927053410390e-01
5.559333873942259308e-01 2.076554116185013454e-01
5.417734782725895926e-01 2.119937153997021317e-01
5.277289252273172915e-01 2.161202904803962432e-01
5.138032638995313484e-01 2.200331244347301374e-01
5.000000000000001110e-01 2.237303564975662573e-01
4.863226084265935834e-01 2.272102247829300425e-01
4.727745323894976259e-01 2.304710141392835310e-01
4.593591825444023335e-01 2.335110081671715188e-01
4.460799361338897429e-01 2.363284484057512902e-01
4.329401361372292589e-01 2.389215030980251231e-01
4.199430904288018462e-01 2.412882472999016981e-01
4.070920709453594855e-01 2.434266554336535215e-01
3.943903128623333920e-01 2.453346067279154885e-01
3.818410137793947223e-01 2.470099033575032244e-01
3.694473329154774888e-01 2.484503005174122370e-01
3.572123903134606371e-01 2.496535471534690742e-01
3.451392660547150104e-01 2.506174356408286674e-01
3.332309994837083789e-01 2.513398583607943659e-01
3.214905884428678196e-01 2.518188688826094035e-01
3.099209885178879631e-01 2.520527453127378026e-01
2.985251122936787294e-01 2.520400533291054512e-01
2.873058286211370715e-01 2.517797064681266961e-01
2.762659618949298013e-01 2.512710213715346197e-01
2.654082913424666845e-01 2.505137659190789234e-01
2.547355503242452190e-01 2.495081984609880676e-01
2.442504256457417311e-01 2.482550967080640048e-01
2.339555568810219865e-01 2.467557752235276236e-01
2.238535357082431787e-01 2.450120908747630000e-01
2.139469052572124941e-01 2.430264360301388205e-01
2.042381594691679014e-01 2.408017197115616959e-01
1.947297424689413692e-01 2.383413373234007093e-01
1.854240479496642724e-01 2.356491299599748346e-01
1.763234185701672008e-01 2.327293346353195846e-01
1.674301453652287108e-01 2.295865270704642302e-01
1.587464671688187945e-01 2.262255589068316308e-01
1.502745700504856119e-01 2.226514913835175302e-01
1.420165867650229341e-01 2.188695276171372106e-01
1.339745962155614034e-01 2.148849456538516056e-01
1.261506229302150617e-01 2.107030344244649744e-01
1.185466365524179277e-01 2.063290346275615805e-01
1.111645513450765232e-01 2.017680863969439353e-01
1.040062257086641351e-01 1.970251853843110190e-01
9.707346171337882801e-02 1.921051486139276621e-01
9.036800464548166989e-02 1.870125911520126860e-01
8.389154256793041053e-02 1.817519142897507933e-01
7.764570589541863743e-02 1.763273055759621843e-01
7.163206698392743377e-02 1.707427506646524151e-01
6.585213973489323358e-02 1.650020565751019463e-01
6.030737921409157209e-02 1.591088856087363723e-01
5.499918128533154427e-02 1.530667988381067268e-01
4.992888225905456334e-02 1.468793077883980280e-01
4.509775855592612626e-02 1.405499326793642756e-01
4.050702638550263135e-02 1.340822653925413388e-01
3.615784144005795842e-02 1.274800351805896181e-01
3.205129860364375194e-02 1.207471750465901744e-01
2.818843167645834757e-02 1.138878866932895167e-01
2.457021311459295365e-02 1.069067019760804871e-01
2.119755378522125699e-02 9.980853888762430959e-02
1.807130273729329328e-02 9.259875025341808563e-02
1.519224698779197968e-02 8.528316352168752168e-02
1.256111132360571148e-02 7.786811028163868886e-02
1.017855811906731578e-02 7.036044443397845849e-02
8.045187169204659483e-03 6.276754825827854378e-02
6.161535538745877005e-03 5.509732596397556859e-02
4.528077426915411152e-03 4.735818466573338270e-02
3.145224048057615462e-03 3.955900307949289374e-02
2.013323528115562588e-03 3.170908858263253582e-02
1.132660816992037134e-03 2.381812361049643473e-02
5.034576168149174080e-04 1.589610266279323572e-02
1.258723261249317105e-04 7.953261458551914853e-03
0.000000000000000000e+00 0.000000000000000000e+00
1.258723261249317105e-04 -7.889174139727967577e-03
5.034576168149174080e-04 -1.576544265353363797e-02
1.132660816992037134e-03 -2.361595956453765854e-02
2.013323528115562588e-03 -3.142812108989991027e-02
3.145224048057615462e-03 -3.918967934781098644e-02
4.528077426915411152e-03 -4.688884741612853874e-02
6.161535538745877005e-03 -5.451439323497476314e-02
8.045187169204659483e-03 -6.205572015370492550e-02
1.017855811906731578e-02 -6.950293229137889661e-02
1.256111132360571148e-02 -7.684688329896254000e-02
1.519224698779197968e-02 -8.407920756928123629e-02
1.807130273729329328e-02 -9.119233342441031287e-02
2.119755378522125699e-02 -9.817947830623527383e-02
2.457021311459295365e-02 -1.050346264903550403e-01
2.818843167645834757e-02 -1.117524903224451222e-01
3.205129860364375194e-02 -1.183284564260696781e-01
3.615784144005795842e-02 -1.247585187389601974e-01
4.050702638550263135e-02 -1.310392005892820622e-01
4.509775855592612626e-02 -1.371674683141876905e-01
4.992888225905456334e-02 -1.431406391415170898e-01
5.499918128533154427e-02 -1.489562861954024653e-01
6.030737921409157209e-02 -1.546121435434628377e-01
6.585213973489323358e-02 -1.601060141753182231e-01
7.163206698392743377e-02 -1.654356836897512284e-01
7.764570589541863743e-02 -1.705988422739272148e-01
8.389154256793041053e-02 -1.755930172878844564e-01
9.036800464548166989e-02 -1.804155184285630431e-01
9.707346171337882801e-02 -1.850633970495344227e-01
1.040062257086641351e-01 -1.895334207667278281e-01
1.111645513450765232e-01 -1.938220639997611516e-01
1.185466365524179277e-01 -1.979255145970873764e-01
1.261506229302150617e-01 -2.018396961859686145e-01
1.339745962155614034e-01 -2.055603053905704081e-01
1.420165867650229341e-01 -2.090828625884695868e-01
1.502745700504856119e-01 -2.124027744423150343e-01
1.587464671688187945e-01 -2.155154060630813107e-01
1.674301453652287108e-01 -2.184161603467465740e-01
1.763234185701672008e-01 -2.211005617880089369e-01
1.854240479496642724e-01 -2.235643419214052852e-01
1.947297424689413692e-01 -2.258035234780942924e-01
2.042381594691679014e-01 -2.278145003791130774e-01
2.139469052572124941e-01 -2.295941108137903586e-01
2.238535357082431787e-01 -2.311397008729202673e-01
2.339555568810219865e-01 -2.324491765150260569e-01
2.442504256457417311e-01 -2.335210420324280167e-01
2.547355503242452190e-01 -2.343544236409354220e-01
2.654082913424666845e-01 -2.349490773293794188e-01
2.762659618949298013e-01 -2.353053806571864803e-01
2.873058286211370715e-01 -2.354243087622475139e-01
2.985251122936787294e-01 -2.353073954185587180e-01
3.099209885178879631e-01 -2.349566805437121042e-01
3.214905884428678196e-01 -2.343746460802217102e-01
3.332309994837083789e-01 -2.335641426420998756e-01
3.451392660547150104e-01 -2.325283097101850938e-01
3.572123903134606371e-01 -2.312704924591642841e-01
3.694473329154774888e-01 -2.297941584908970991e-01
3.818410137793947223e-01 -2.281028178201754963e-01
3.943903128623333920e-01 -2.261999494014188539e-01
4.070920709453594855e-01 -2.240889372928009660e-01
4.199430904288018462e-01 -2.217730192269746770e-01
4.329401361372292589e-01 -2.192552498985327614e-01
4.460799361338897429e-01 -2.165384806960407305e-01
4.593591825444023335e-01 -2.136253569142705644e-01
4.727745323894976259e-01 -2.105183326984290670e-01
4.863226084265935834e-01 -2.072197031197826611e-01
5.000000000000001110e-01 -2.037316518887034300e-01
5.138032638995313484e-01 -2.000563123084987960e-01
5.277289252273172915e-01 -1.961958381966737164e-01
5.417734782725895926e-01 -1.921524806876784841e-01
5.559333873942259308e-01 -1.879286661229477573e-01
5.702050879108284676e-01 -1.835270696716056471e-01
5.845849869981135649e-01 -1.789506789502473272e-01
5.990694645933862805e-01 -1.742028417634997883e-01
6.136548743068714895e-01 -1.692872922073898334e-01
6.283375443396724824e-01 -1.642081498005080187e-01
6.431137784081281117e-01 -1.589698870647897611e-01
6.579798566743311206e-01 -1.535772620941386057e-01
6.729320366825783939e-01 -1.480352141441253211e-01
6.879665543015128781e-01 -1.423487221609116282e-01
7.030796246717250231e-01 -1.365226284449553296e-01
7.182674431585703845e-01 -1.305614323080115380e-01
7.335261863099650226e-01 -1.244690616132179545e-01
7.488520128189207758e-01 -1.182486334596490052e-01
7.642410644905727191e-01 -1.119022189455147337e-01
7.796894672134594417e-01 -1.054306308677719212e-01
7.951933319348093443e-01 -9.883325732878829595e-02
8.107487556395898132e-01 -9.210796845050281401e-02
8.263518223330695855e-01 -8.525112766070883086e-02
8.419986040266501659e-01 -7.825774322271039640e-02
8.576851617267149397e-01 -7.112179972845880660e-02
8.734075464262507360e-01 -6.383681305920055338e-02
8.891618000989889303e-01 -5.639665572413508909e-02
9.049439566958173975e-01 -4.879670240045536761e-02
9.207500431432115162e-01 -4.103534779971246965e-02
9.365760803434354242e-01 -3.311595055850614921e-02
9.524180841762578398e-01 -2.504925758171736017e-02
9.682720665019324269e-01 -1.685636304471948080e-02
9.841340361651920166e-01 -8.572254985790136658e-03
9.999999999999998890e-01 -2.500000000000581727e-04
