9.999999999999998890e-01 2.500000000000948187e-04
9.841340361651920166e-01 1.349622174886305065e-02
9.682720665019324269e-01 2.619710472461078687e-02
9.524180841762578398e-01 3.843455143070277635e-02
9.365760803434354242e-01 5.026437611901064112e-02
9.207500431432115162e-01 6.172192685389589484e-02
9.049439566958173975e-01 7.282694447717612263e-02
8.891618000989889303e-01 8.358770513701629934e-02
8.734075464262507360e-01 9.400449754066129981e-02
8.576851617267149397e-01 1.040724893276255697e-01
8.419986040266501659e-01 1.137840390064011054e-01
8.263518223330695855e-01 1.231305108369255968e-01
8.107487556395898132e-01 1.321036499666599084e-01
7.951933319348093443e-01 1.406965741423051586e-01
7.796894672134594417e-01 1.489044365301348261e-01
7.642410644905727191e-01 1.567248116976808769e-01
7.488520128189207758e-01 1.641578537517363878e-01
7.335261863099650226e-01 1.712062721055801207e-01
7.182674431585703845e-01 1.778751664728646376e-01
7.030796246717250231e-01 1.841717585635675725e-01
6.879665543015128781e-01 1.901050536899335786e-01
6.729320366825783939e-01 1.956854611716446202e-01
6.579798566743311206e-01 2.009243981456234063e-01
6.431137784081281117e-01 2.058338972140100753e-01
6.283375443396724824e-01 2.104262343713796946e-01
6.136548743068714895e-01 2.147135898965220890e-01
5.990694645933862805e-01 2.187077514220998053e-01
5.845849869981135649e-01 2.224198652439008939e-01
5.702050879108284676e-01 2.258602391267511278e-01
5.559333873942259308e-01 2.290381974231882334e-01
5.417734782725895926e-01 2.319619872512398706e-01
5.277289252273172915e-01 2.346387327780148635e-01
5.138032638995313484e-01 2.370744333174458762e-01
5.000000000000001110e-01 2.392739999576704024e-01
4.863226084265935834e-01 2.412413247644789871e-01
4.727745323894976259e-01 2.429793762353778253e-01
4.593591825444023335e-01 2.444903145735417560e-01
4.460799361338897429e-01 2.457756204788522636e-01
4.329401361372292589e-01 2.468362314790363277e-01
4.199430904288018462e-01 2.476726803114518705e-01
4.070920709453594855e-01 2.482852304791453302e-01
3.943903128623333920e-01 2.486740048081380883e-01
3.818410137793947223e-01 2.488391035927950690e-01
3.694473329154774888e-01 2.487807097011975610e-01
3.572123903134606371e-01 2.484991787941140673e-01
3.451392660547150104e-01 2.479951135641540183e-01
3.332309994837083789e-01 2.472694216043394011e-01
3.214905884428678196e-01 2.463233571497933649e-01
3.099209885178879631e-01 2.451585474886499305e-01
2.985251122936787294e-01 2.437770052987032754e-01
2.873058286211370715e-01 2.421811285286651905e-01
2.762659618949298013e-01 2.403736897048099619e-01
2.654082913424666845e-01 2.383578167062903042e-01
2.547355503242452190e-01 2.361369671196255071e-01
2.442504256457417311e-01 2.337148982616495396e-01
2.339555568810219865e-01 2.310956348596605869e-01
2.238535357082431787e-01 2.282834362085855717e-01
2.139469052572124941e-01 2.252827643999641971e-01
2.042381594691679014e-01 2.220982549496166580e-01
1.947297424689413692e-01 2.187346908535882928e-01
1.854240479496642724e-01 2.151969807888843289e-01
1.763234185701672008e-01 2.114901418597078808e-01
1.674301453652287108e-01 2.076192869836518407e-01
1.587464671688187945e-01 2.035896167266521561e-01
1.502745700504856119e-01 1.994064151401565566e-01
1.420165867650229341e-01 1.950750489368795193e-01
1.339745962155614034e-01 1.906009691689233565e-01
1.261506229302150617e-01 1.859897144482053621e-01
1.185466365524179277e-01 1.812469146764043582e-01
1.111645513450765232e-01 1.763782942304602808e-01
1.040062257086641351e-01 1.713896735786163972e-01
9.707346171337882801e-02 1.662869683780034413e-01
9.036800464548166989e-02 1.610761852231789026e-01
8.389154256793041053e-02 1.557634133699445644e-01
7.764570589541863743e-02 1.503548119431491747e-01
7.163206698392743377e-02 1.448565923432595104e-01
6.585213973489323358e-02 1.392749957859375776e-01
6.030737921409157209e-02 1.336162661331479484e-01
5.499918128533154427e-02 1.278866183949613766e-01
4.992888225905456334e-02 1.220922034900529113e-01
4.509775855592612626e-02 1.162390700423405476e-01
4.050702638550263135e-02 1.103331241545027208e-01
3.615784144005795842e-02 1.043800882304997402e-01
3.205129860364375194e-02 9.838546001409535779e-02
2.818843167645834757e-02 9.235447306545273294e-02
2.457021311459295365e-02 8.629205991121617625e-02
2.119755378522125699e-02 8.020281907457957327e-02
1.807130273729329328e-02 7.409098712155393063e-02
1.519224698779197968e-02 6.796041675021875783e-02
1.256111132360571148e-02 6.181456180466552569e-02
1.017855811906731578e-02 5.565646991924283471e-02
8.045187169204659483e-03 4.948878329719924585e-02
6.161535538745877005e-03 4.331374790728890339e-02
4.528077426915411152e-03 3.713323114932314678e-02
3.145224048057615462e-03 3.094874780238207959e-02
2.013323528115562588e-03 2.476149383486416292e-02
1.132660816992037134e-03 1.857238743115920826e-02
5.034576168149174080e-04 1.238211638247385150e-02
1.258723261249317105e-04 6.191190805706214481e-03
0.000000000000000000e+00 0.000000000000000000e+00
1.258723261249317105e-04 -5.771480208575809241e-03
5.034576168149174080e-04 -1.152564304233191263e-02
1.132660816992037134e-03 -1.724532469675563520e-02
2.013323528115562588e-03 -2.291378910958272869e-02
3.145224048057615462e-03 -2.851492877256780675e-02
4.528077426915411152e-03 -3.403345027577670684e-02
6.161535538745877005e-03 -3.945504017121081314e-02
8.045187169204659483e-03 -4.476650729687473018e-02
1.017855811906731578e-02 -4.995589836469503664e-02
1.256111132360571148e-02 -5.501258436688585829e-02
1.519224698779197968e-02 -5.992731617373790731e-02
1.807130273729329328e-02 -6.469224855765408344e-02
2.119755378522125699e-02 -6.930093275860443880e-02
2.457021311459295365e-02 -7.374827857936848419e-02
2.818843167645834757e-02 -7.803048783952311329e-02
3.205129860364375194e-02 -8.214496180048634633e-02
3.615784144005795842e-02 -8.609018587701339209e-02
4.050702638550263135e-02 -8.986559555257682408e-02
4.509775855592612626e-02 -9.347142789915360850e-02
4.992888225905456334e-02 -9.690856345159090668e-02
5.499918128533154427e-02 -1.001783633923350042e-01
6.030737921409157209e-02 -1.032825070574751453e-01
6.585213973489323358e-02 -1.062228346778526789e-01
7.163206698392743377e-02 -1.090012000220119820e-01
7.764570589541863743e-02 -1.116193372182012339e-01
8.389154256793041053e-02 -1.140787455119858795e-01
9.036800464548166989e-02 -1.163805950799770977e-01
9.707346171337882801e-02 -1.185256562880392939e-01
1.040062257086641351e-01 -1.205142539766641402e-01
1.111645513450765232e-01 -1.223462475020735546e-01
1.185466365524179277e-01 -1.240210363860034526e-01
1.261506229302150617e-01 -1.255375905580567442e-01
1.339745962155614034e-01 -1.268945033402902323e-01
1.420165867650229341e-01 -1.280900645520127723e-01
1.502745700504856119e-01 -1.291223504298517899e-01
1.587464671688187945e-01 -1.299893264879353472e-01
1.674301453652287108e-01 -1.306889590063765039e-01
1.763234185701672008e-01 -1.312193305501564988e-01
1.854240479496642724e-01 -1.315787547975306171e-01
1.947297424689413692e-01 -1.317658860047861702e-01
2.042381594691679014e-01 -1.317798186547085304e-01
2.139469052572124941e-01 -1.316201732259603685e-01
2.238535357082431787e-01 -1.312871645704803691e-01
2.339555568810219865e-01 -1.307816500809949878e-01
2.442504256457417311e-01 -1.301051556503986795e-01
2.547355503242452190e-01 -1.292598783436072762e-01
2.654082913424666845e-01 -1.282486656905930389e-01
2.762659618949298013e-01 -1.270749725329732849e-01
2.873058286211370715e-01 -1.257427973792075715e-01
2.985251122936787294e-01 -1.242566012067901071e-01
3.099209885178879631e-01 -1.226212125546933956e-01
3.214905884428678196e-01 -1.208417235371337384e-01
3.332309994837083789e-01 -1.189233820436303296e-01
3.451392660547150104e-01 -1.168714858365212106e-01
3.572123903134606371e-01 -1.146912844861050079e-01
3.694473329154774888e-01 -1.123878950714975872e-01
3.818410137793947223e-01 -1.099662373049674763e-01
3.943903128623333920e-01 -1.074309931995681561e-01
4.070920709453594855e-01 -1.047865955936562177e-01
4.199430904288018462e-01 -1.020372487801320394e-01
4.329401361372292589e-01 -9.918698318169867634e-02
4.460799361338897429e-01 -9.623974449507803619e-02
4.593591825444023335e-01 -9.319951603623094494e-02
4.727745323894976259e-01 -9.007047120453755273e-02
4.863226084265935834e-01 -8.685715110548540563e-02
5.000000000000001110e-01 -8.356466049631638970e-02
5.138032638995313484e-01 -8.019887342258184837e-02
5.277289252273172915e-01 -7.676663827720643651e-02
5.417734782725895926e-01 -7.327597062368264302e-02
5.559333873942259308e-01 -6.973622107037419360e-02
5.702050879108284676e-01 -6.615820485324802602e-02
5.845849869981135649e-01 -6.255427966769958048e-02
5.990694645933862805e-01 -5.893835877048185512e-02
6.136548743068714895e-01 -5.532584752752590235e-02
6.283375443396724824e-01 -5.173349348096215050e-02
6.431137784081281117e-01 -4.817914270555172934e-02
6.579798566743311206e-01 -4.468139876347750755e-02
6.729320366825783939e-01 -4.125918497293808856e-02
6.879665543015128781e-01 -3.793121598743676853e-02
7.030796246717250231e-01 -3.471539082557469763e-02
7.182674431585703845e-01 -3.162812645976695314e-02
7.335261863099650226e-01 -2.868365880720799566e-02
7.488520128189207758e-01 -2.589334638376262696e-02
7.642410644905727191e-01 -2.326502087247853470e-02
7.796894672134594417e-01 -2.080243828947671639e-02
7.951933319348093443e-01 -1.850489414318599521e-02
8.107487556395898132e-01 -1.636707579718638464e-02
8.263518223330695855e-01 -1.437923495977939600e-02
8.419986040266501659e-01 -1.252777261301397764e-02
8.576851617267149397e-01 -1.079633752199635373e-02
8.734075464262507360e-01 -9.167547480451730332e-03
8.891618000989889303e-01 -7.625449389873714331e-03
9.049439566958173975e-01 -6.158839871262962971e-03
9.207500431432115162e-01 -4.765572104047505891e-03
9.365760803434354242e-01 -3.457976714469929592e-03
9.524180841762578398e-01 -2.269524543526236799e-03
9.682720665019324269e-01 -1.262856775728910278e-03
9.841340361651920166e-01 -5.393029886617132281e-04
9.999999999999998890e-01 -2.500000000000000052e-04
