9.999999999999998890e-01 2.500000000000496617e-04
9.841340361651920166e-01 6.837395500414984208e-03
9.682720665019324269e-01 1.267473206968779305e-02
9.524180841762578398e-01 1.807411949699415030e-02
9.365760803434354242e-01 2.324651693578635991e-02
9.207500431432115162e-01 2.832466325467998883e-02
9.049439566958173975e-01 3.338252115318557367e-02
8.891618000989889303e-01 3.845150916319474421e-02
8.734075464262507360e-01 4.353380934519968798e-02
8.576851617267149397e-01 4.861304591414541271e-02
8.419986040266501659e-01 5.366263168206860529e-02
8.263518223330695855e-01 5.865207562813754688e-02
8.107487556395898132e-01 6.355153668923976817e-02
7.951933319348093443e-01 6.833489662346048377e-02
7.796894672134594417e-01 7.298160916899751327e-02
7.642410644905727191e-01 7.747756434095065536e-02
7.488520128189207758e-01 8.181518620930887387e-02
7.335261863099650226e-01 8.599296049647300877e-02
7.182674431585703845e-01 9.001456540697271025e-02
7.030796246717250231e-01 9.388775580428486423e-02
6.879665543015128781e-01 9.762312768449611655e-02
6.729320366825783939e-01 1.012328673186551481e-01
6.579798566743311206e-01 1.047295678449577105e-01
6.431137784081281117e-01 1.081251758302652632e-01
6.283375443396724824e-01 1.114301116696145566e-01
6.136548743068714895e-01 1.146525908732403121e-01
5.990694645933862805e-01 1.177981584638037871e-01
5.845849869981135649e-01 1.208694359739290319e-01
5.702050879108284676e-01 1.238660699418092925e-01
5.559333873942259308e-01 1.267848623442894007e-01
5.417734782725895926e-01 1.296200570283908837e-01
5.277289252273172915e-01 1.323637518069827046e-01
5.138032638995313484e-01 1.350064033384751894e-01
5.000000000000001110e-01 1.375373910493368490e-01
4.863226084265935834e-01 1.399456069925339441e-01
4.727745323894976259e-01 1.422200404570151400e-01
4.593591825444023335e-01 1.443503291334581884e-01
4.460799361338897429e-01 1.463272524741959235e-01
4.329401361372292589e-01 1.481431473350926509e-01
4.199430904288018462e-01 1.497922308341445297e-01
4.070920709453594855e-01 1.512708203961360132e-01
3.943903128623333920e-01 1.525774459799610350e-01
3.818410137793947223e-01 1.537128543288576454e-01
3.694473329154774888e-01 1.546799095889811460e-01
3.572123903134606371e-01 1.554833986774678545e-01
3.451392660547150104e-01 1.561297532418729206e-01
3.332309994837083789e-01 1.566267028593791022e-01
3.214905884428678196e-01 1.569828762237364672e-01
3.099209885178879631e-01 1.572073684337778054e-01
2.985251122936787294e-01 1.573092931277325912e-01
2.873058286211370715e-01 1.572973381238395862e-01
2.762659618949298013e-01 1.571793424724137189e-01
2.654082913424666845e-01 1.569619114585647235e-01
2.547355503242452190e-01 1.566500841948094969e-01
2.442504256457417311e-01 1.562470660979934922e-01
2.339555568810219865e-01 1.557540358535519642e-01
2.238535357082431787e-01 1.551700335363856431e-01
2.139469052572124941e-01 1.544919334882049189e-01
2.042381594691679014e-01 1.537145024521182624e-01
1.947297424689413692e-01 1.528305404387802768e-01
1.854240479496642724e-01 1.518310989403004740e-01
1.763234185701672008e-01 1.507057685050430251e-01
1.674301453652287108e-01 1.494430254139605119e-01
1.587464671688187945e-01 1.480306253198350463e-01
1.502745700504856119e-01 1.464560302731744146e-01
1.420165867650229341e-01 1.447068545958729857e-01
1.339745962155614034e-01 1.427713145939427386e-01
1.261506229302150617e-01 1.406386671260101973e-01
1.185466365524179277e-01 1.382996225521814504e-01
1.111645513450765232e-01 1.357467185514419084e-01
1.040062257086641351e-01 1.329746426751194088e-01
9.707346171337882801e-02 1.299804932478016151e-01
9.036800464548166989e-02 1.267639702744852992e-01
8.389154256793041053e-02 1.233274902950429880e-01
7.764570589541863743e-02 1.196762215702188992e-01
7.163206698392743377e-02 1.158180385100047727e-01
6.585213973489323358e-02 1.117633967871535516e-01
6.030737921409157209e-02 1.075251330388568294e-01
5.499918128533154427e-02 1.031181953748402241e-01
4.992888225905456334e-02 9.855931301245368648e-02
4.509775855592612626e-02 9.386661518824490624e-02
4.050702638550263135e-02 8.905921099945314501e-02
3.615784144005795842e-02 8.415674296658919029e-02
3.205129860364375194e-02 7.917892784974979448e-02
2.818843167645834757e-02 7.414509857853908426e-02
2.457021311459295365e-02 6.907376106266871485e-02
2.119755378522125699e-02 6.398217914403972473e-02
1.807130273729329328e-02 5.888600004985334452e-02
1.519224698779197968e-02 5.379893143983006942e-02
1.256111132360571148e-02 4.873247954900480905e-02
1.017855811906731578e-02 4.369575605995262152e-02
8.045187169204659483e-03 3.869535925140853844e-02
6.161535538745877005e-03 3.373533272672218919e-02
4.528077426915411152e-03 2.881720269215811911e-02
3.145224048057615462e-03 2.394009240065986949e-02
2.013323528115562588e-03 1.910091007044089489e-02
1.132660816992037134e-03 1.429460439709677802e-02
5.034576168149174080e-04 9.514479766608496467e-03
1.258723261249317105e-04 4.752561503011906198e-03
0.000000000000000000e+00 0.000000000000000000e+00
1.258723261249317105e-04 -3.653658101079186420e-03
5.034576168149174080e-04 -7.285641527698163630e-03
1.132660816992037134e-03 -1.087476605811540931e-02
2.013323528115562588e-03 -1.440093806732602004e-02
3.145224048057615462e-03 -1.784565981599593731e-02
4.528077426915411152e-03 -2.119248803456965161e-02
6.161535538745877005e-03 -2.442743238714565127e-02
8.045187169204659483e-03 -2.753928216532632034e-02
1.017855811906731578e-02 -3.051985167219932807e-02
1.256111132360571148e-02 -3.336413715015317666e-02
1.519224698779197968e-02 -3.607038071429122944e-02
1.807130273729329328e-02 -3.864003950027444095e-02
2.119755378522125699e-02 -4.107766104170702814e-02
2.457021311459295365e-02 -4.339066867576749087e-02
2.818843167645834757e-02 -4.558906345502428126e-02
3.205129860364375194e-02 -4.768505153912378641e-02
3.615784144005795842e-02 -4.969260827796551788e-02
4.050702638550263135e-02 -5.162699211069527588e-02
4.509775855592612626e-02 -5.350422293388731182e-02
4.992888225905456334e-02 -5.534054068985036490e-02
5.499918128533154427e-02 -5.715186055642932500e-02
6.030737921409157209e-02 -5.895324126061324277e-02
6.585213973489323358e-02 -6.075838268143884252e-02
7.163206698392743377e-02 -6.257916805931168502e-02
7.764570589541863743e-02 -6.442526480971913494e-02
8.389154256793041053e-02 -6.630379618424715737e-02
9.036800464548166989e-02 -6.821909387906836819e-02
9.707346171337882801e-02 -7.017253922102348329e-02
1.040062257086641351e-01 -7.216249783508352222e-02
1.111645513450765232e-01 -7.418434979412981412e-02
1.185466365524179277e-01 -7.623061425899946286e-02
1.261506229302150617e-01 -7.829116462422673617e-02
1.339745962155614034e-01 -8.035352728514341680e-02
1.420165867650229341e-01 -8.240325442628268493e-02
1.502745700504856119e-01 -8.442435878696799567e-02
1.587464671688187945e-01 -8.639979626883115271e-02
1.674301453652287108e-01 -8.831198058414756191e-02
1.763234185701672008e-01 -9.014331296439201391e-02
1.854240479496642724e-01 -9.187670930299537964e-02
1.947297424689413692e-01 -9.349610702738848922e-02
2.042381594691679014e-01 -9.498693449890786844e-02
2.139469052572124941e-01 -9.633652682317599136e-02
2.238535357082431787e-01 -9.753447359817049578e-02
2.339555568810219865e-01 -9.857288629411144198e-02
2.442504256457417311e-01 -9.944657559254323209e-02
2.547355503242452190e-01 -1.001531320388206470e-01
2.654082913424666845e-01 -1.006929066946605084e-01
2.762659618949298013e-01 -1.010688920143096720e-01
2.873058286211370715e-01 -1.012865067973196948e-01
2.985251122936787294e-01 -1.013532926732062800e-01
3.099209885178879631e-01 -1.012785330241736670e-01
3.214905884428678196e-01 -1.010728084264129745e-01
3.332309994837083789e-01 -1.007475054658425462e-01
3.451392660547150104e-01 -1.003142980448887556e-01
3.572123903134606371e-01 -9.978462193798050273e-02
3.694473329154774888e-01 -9.916916428432889785e-02
3.818410137793947223e-01 -9.847738985495994857e-02
3.943903128623333920e-01 -9.771712524610925987e-02
4.070920709453594855e-01 -9.689422060684456384e-02
4.199430904288018462e-01 -9.601230610615933692e-02
4.329401361372292589e-01 -9.507265711391693630e-02
4.460799361338897429e-01 -9.407417807147672173e-02
4.593591825444023335e-01 -9.301351035320340466e-02
4.727745323894976259e-01 -9.188526419179575411e-02
4.863226084265935834e-01 -9.068236911075958084e-02
5.000000000000001110e-01 -8.939653145667619816e-02
5.138032638995313484e-01 -8.801878175777519409e-02
5.277289252273172915e-01 -8.654008898104451064e-02
5.417734782725895926e-01 -8.495201356247625291e-02
5.559333873942259308e-01 -8.324736660113754572e-02
5.702050879108284676e-01 -8.142083910122357993e-02
5.845849869981135649e-01 -7.946956288092997533e-02
5.990694645933862805e-01 -7.739356400006960901e-02
6.136548743068714895e-01 -7.519607053321025747e-02
6.283375443396724824e-01 -7.288363945384418452e-02
6.431137784081281117e-01 -7.046607249112746274e-02
6.579798566743311206e-01 -6.795609823140398575e-02
6.729320366825783939e-01 -6.536880757624627392e-02
6.879665543015128781e-01 -6.272084200150743194e-02
7.030796246717250231e-01 -6.002934889644560151e-02
7.182674431585703845e-01 -5.731073554585012358e-02
7.335261863099650226e-01 -5.457927293336120589e-02
7.488520128189207758e-01 -5.184562230435113550e-02
7.642410644905727191e-01 -4.911538107476731696e-02
7.796894672134594417e-01 -4.638776987996407614e-02
7.951933319348093443e-01 -4.365460892614671240e-02
8.107487556395898132e-01 -4.089975886993912901e-02
8.263518223330695855e-01 -3.809922867797143481e-02
8.419986040266501659e-01 -3.522217971882764947e-02
8.576851617267149397e-01 -3.223308107320937976e-02
8.734075464262507360e-01 -2.909529503080591703e-02
8.891618000989889303e-01 -2.577639325728770317e-02
9.049439566958173975e-01 -2.225552242375093692e-02
9.207500431432115162e-01 -1.853315244670374062e-02
9.365760803434354242e-01 -1.464355014701117924e-02
9.524180841762578398e-01 -1.067032537820655075e-02
9.682720665019324269e-01 -6.765394809868495278e-03
9.841340361651920166e-01 -3.171699942097571008e-03
9.999999999999998890e-01 -2.500000000000169730e-04
