9.999999999999998890e-01 2.500000000001135754e-04
9.841340361651920166e-01 1.634054889018835346e-02
9.682720665019324269e-01 3.191629634093202939e-02
9.524180841762578398e-01 4.672642738846662785e-02
9.365760803434354242e-01 6.061394736764925961e-02
9.207500431432115162e-01 7.349660168648596004e-02
9.049439566958173975e-01 8.535020815087410173e-02
8.891618000989889303e-01 9.619427050304073246e-02
8.734075464262507360e-01 1.060797262485071862e-01
8.576851617267149397e-01 1.150786701199068840e-01
8.419986040266501659e-01 1.232758864706254287e-01
8.263518223330695855e-01 1.307620192745875265e-01
8.107487556395898132e-01 1.376282069634821026e-01
7.951933319348093443e-01 1.439620107645135927e-01
7.796894672134594417e-01 1.498444691948052909e-01
7.642410644905727191e-01 1.553481175933201230e-01
7.488520128189207758e-01 1.605358196906496726e-01
7.335261863099650226e-01 1.654602678931987592e-01
7.182674431585703845e-01 1.701640198577966112e-01
7.030796246717250231e-01 1.746799507323382461e-01
6.879665543015128781e-01 1.790320128292975377e-01
6.729320366825783939e-01 1.832362071925650870e-01
6.579798566743311206e-01 1.873016842473890775e-01
6.431137784081281117e-01 1.912319032471364866e-01
6.283375443396724824e-01 1.950257923358147405e-01
6.136548743068714895e-01 1.986788625477966808e-01
5.990694645933862805e-01 2.021842398122119522e-01
5.845849869981135649e-01 2.055335888957188495e-01
5.702050879108284676e-01 2.087179121107507196e-01
5.559333873942259308e-01 2.117282134730175958e-01
5.417734782725895926e-01 2.145560257761459089e-01
5.277289252273172915e-01 2.171938037530587173e-01
5.138032638995313484e-01 2.196351911271808011e-01
5.000000000000001110e-01 2.218751729573662790e-01
4.863226084265935834e-01 2.239101273028795969e-01
4.727745323894976259e-01 2.257377919489317042e-01
4.593591825444023335e-01 2.273571628221218999e-01
4.460799361338897429e-01 2.287683408814441821e-01
4.329401361372292589e-01 2.299723437938970272e-01
4.199430904288018462e-01 2.309708976977574990e-01
4.070920709453594855e-01 2.317662229260295526e-01
3.943903128623333920e-01 2.323608258109160773e-01
3.818410137793947223e-01 2.327573067172075405e-01
3.694473329154774888e-01 2.329581923523766362e-01
3.572123903134606371e-01 2.329657982606441191e-01
3.451392660547150104e-01 2.327821253051921835e-01
3.332309994837083789e-01 2.324087919449812079e-01
3.214905884428678196e-01 2.318470022774085093e-01
3.099209885178879631e-01 2.310975481913100926e-01
2.985251122936787294e-01 2.301608425911242095e-01
2.873058286211370715e-01 2.290369795357862504e-01
2.762659618949298013e-01 2.277258162976445177e-01
2.654082913424666845e-01 2.262270717897616190e-01
2.547355503242452190e-01 2.245404355274390473e-01
2.442504256457417311e-01 2.226656812664635776e-01
2.339555568810219865e-01 2.206027796740479274e-01
2.238535357082431787e-01 2.183520048105372091e-01
2.139469052572124941e-01 2.159140297979419421e-01
2.042381594691679014e-01 2.132900077893257473e-01
1.947297424689413692e-01 2.104816351932939922e-01
1.854240479496642724e-01 2.074911950120221504e-01
1.763234185701672008e-01 2.043215790818357358e-01
1.674301453652287108e-01 2.009762889265281627e-01
1.587464671688187945e-01 1.974594158123740839e-01
1.502745700504856119e-01 1.937756014008115979e-01
1.420165867650229341e-01 1.899299811049896813e-01
1.339745962155614034e-01 1.859281128496270419e-01
1.261506229302150617e-01 1.817758943948939165e-01
1.185466365524179277e-01 1.774794727046817844e-01
1.111645513450765232e-01 1.730451490133869674e-01
1.040062257086641351e-01 1.684792832741319191e-01
9.707346171337882801e-02 1.637882015610286901e-01
9.036800464548166989e-02 1.589781097589325343e-01
8.389154256793041053e-02 1.540550165203743438e-01
7.764570589541863743e-02 1.490246680184622585e-01
7.163206698392743377e-02 1.438924964965676012e-01
6.585213973489323358e-02 1.386635840323857671e-01
6.030737921409157209e-02 1.333426423183527720e-01
5.499918128533154427e-02 1.279340086354921469e-01
4.992888225905456334e-02 1.224416575861289186e-01
4.509775855592612626e-02 1.168692275738672792e-01
4.050702638550263135e-02 1.112200604962047534e-01
3.615784144005795842e-02 1.054972526631491742e-01
3.205129860364375194e-02 9.970371458821444821e-02
2.818843167645834757e-02 9.384223702696209424e-02
2.457021311459295365e-02 8.791556046996677753e-02
2.119755378522125699e-02 8.192644523520020705e-02
1.807130273729329328e-02 7.587773934908453866e-02
1.519224698779197968e-02 6.977244155199481546e-02
1.256111132360571148e-02 6.361375700550142565e-02
1.017855811906731578e-02 5.740514360474179012e-02
8.045187169204659483e-03 5.115034719691097242e-02
6.161535538745877005e-03 4.485342446064764788e-02
4.528077426915411152e-03 3.851875269406065949e-02
3.145224048057615462e-03 3.215102627322604517e-02
2.013323528115562588e-03 2.575524005956114290e-02
1.132660816992037134e-03 1.933666053514891681e-02
5.034576168149174080e-04 1.290078591210068633e-02
1.258723261249317105e-04 6.453296879017854891e-03
0.000000000000000000e+00 0.000000000000000000e+00
1.258723261249317105e-04 -6.156001424260416216e-03
5.034576168149174080e-04 -1.229927088358393449e-02
1.132660816992037134e-03 -1.841711303125211779e-02
2.013323528115562588e-03 -2.449703016123713425e-02
3.145224048057615462e-03 -3.052681734354791704e-02
4.528077426915411152e-03 -3.649465317564897643e-02
6.161535538745877005e-03 -4.238918476838096638e-02
8.045187169204659483e-03 -4.819960565408139275e-02
1.017855811906731578e-02 -5.391572539216830939e-02
1.256111132360571148e-02 -5.952802975376707273e-02
1.519224698779197968e-02 -6.502773049238558256e-02
1.807130273729329328e-02 -7.040680385228588467e-02
2.119755378522125699e-02 -7.565801712995376405e-02
2.457021311459295365e-02 -8.077494278633967628e-02
2.818843167645834757e-02 -8.575195980732949752e-02
3.205129860364375194e-02 -9.058424222559376127e-02
3.615784144005795842e-02 -9.526773494633485051e-02
4.050702638550263135e-02 -9.979911725960152746e-02
4.509775855592612626e-02 -1.041757546691692016e-01
4.992888225905456334e-02 -1.083956399181913444e-01
5.499918128533154427e-02 -1.124573243399633327e-01
6.030737921409157209e-02 -1.163598409026366381e-01
6.585213973489323358e-02 -1.201026205435324484e-01
7.163206698392743377e-02 -1.236854035953677683e-01
7.764570589541863743e-02 -1.271081482865822621e-01
8.389154256793041053e-02 -1.303709384443061392e-01
9.036800464548166989e-02 -1.334738926347990851e-01
9.707346171337882801e-02 -1.364170770362392315e-01
1.040062257086641351e-01 -1.392004243469887603e-01
1.111645513450765232e-01 -1.418236609841931062e-01
1.185466365524179277e-01 -1.442862447191718689e-01
1.261506229302150617e-01 -1.465873147252129971e-01
1.339745962155614034e-01 -1.487256557793177891e-01
1.420165867650229341e-01 -1.506996780630835975e-01
1.502745700504856119e-01 -1.525074136520537527e-01
1.587464671688187945e-01 -1.541465303722658886e-01
1.674301453652287108e-01 -1.556143632441943370e-01
1.763234185701672008e-01 -1.569079632366361665e-01
1.854240479496642724e-01 -1.580241625271638362e-01
1.947297424689413692e-01 -1.589596549242493495e-01
2.042381594691679014e-01 -1.597110895634355210e-01
2.139469052572124941e-01 -1.602751754618173818e-01
2.238535357082431787e-01 -1.606487940185392094e-01
2.339555568810219865e-01 -1.608291161017164905e-01
2.442504256457417311e-01 -1.608137199821578212e-01
2.547355503242452190e-01 -1.606007060793373520e-01
2.654082913424666845e-01 -1.601888042923832189e-01
2.762659618949298013e-01 -1.595774696142782667e-01
2.873058286211370715e-01 -1.587669617850463177e-01
2.985251122936787294e-01 -1.577584049410102607e-01
3.099209885178879631e-01 -1.565538235708375248e-01
3.214905884428678196e-01 -1.551561516000224961e-01
3.332309994837083789e-01 -1.535692120946073325e-01
3.451392660547150104e-01 -1.517976658986260330e-01
3.572123903134606371e-01 -1.498469284893579334e-01
3.694473329154774888e-01 -1.477230554360910719e-01
3.818410137793947223e-01 -1.454325980623519254e-01
3.943903128623333920e-01 -1.429824322135162529e-01
4.070920709453594855e-01 -1.403795643909192814e-01
4.199430904288018462e-01 -1.376309208941998985e-01
4.329401361372292589e-01 -1.347431269748124716e-01
4.460799361338897429e-01 -1.317222842999922205e-01
4.593591825444023335e-01 -1.285737562086297081e-01
4.727745323894976259e-01 -1.253019712559716170e-01
4.863226084265935834e-01 -1.219102563380583260e-01
5.000000000000001110e-01 -1.184007112033704234e-01
5.138032638995313484e-01 -1.147741363423222527e-01
5.277289252273172915e-01 -1.110300260403052769e-01
5.417734782725895926e-01 -1.071666377349273502e-01
5.559333873942259308e-01 -1.031811476849678888e-01
5.702050879108284676e-01 -9.906990129506272613e-02
5.845849869981135649e-01 -9.482876421101224529e-02
5.990694645933862805e-01 -9.045357747925723835e-02
6.136548743068714895e-01 -8.594071663391573968e-02
6.283375443396724824e-01 -8.128775053066021605e-02
6.431137784081281117e-01 -7.649419109614752355e-02
6.579798566743311206e-01 -7.156231992597707203e-02
6.729320366825783939e-01 -6.649807187922000817e-02
6.879665543015128781e-01 -6.131194953483031646e-02
7.030796246717250231e-01 -5.601993566197991520e-02
7.182674431585703845e-01 -5.064436379591587961e-02
7.335261863099650226e-01 -4.521469970264975491e-02
7.488520128189207758e-01 -3.976817907458897461e-02
7.642410644905727191e-01 -3.435023935489092684e-02
7.796894672134594417e-01 -2.901467628441163280e-02
7.951933319348093443e-01 -2.382344875758368383e-02
8.107487556395898132e-01 -1.884604902893620773e-02
8.263518223330695855e-01 -1.415834940537570412e-02
8.419986040266501659e-01 -9.840831472016940695e-03
8.576851617267149397e-01 -5.976099815999483603e-03
8.734075464262507360e-01 -2.645579318543032563e-03
8.891618000989889303e-01 7.470643699402694190e-05
9.049439566958173975e-01 2.119378067639906150e-03
9.207500431432115162e-01 3.440065289849355418e-03
9.365760803434354242e-01 4.012990891660826905e-03
9.524180841762578398e-01 3.847865239749345603e-03
9.682720665019324269e-01 2.998175046482653289e-03
9.841340361651920166e-01 1.572940171214027216e-03
9.999999999999998890e-01 -2.499999999999863985e-04
