9.999999999999998890e-01 2.500000000001024081e-04
9.841340361651920166e-01 1.479963752933705252e-02
9.682720665019324269e-01 2.913944860684273414e-02
9.524180841762578398e-01 4.322654506410485153e-02
9.365760803434354242e-01 5.703303602260203359e-02
9.207500431432115162e-01 7.054253746998455366e-02
9.049439566958173975e-01 8.374721268580646860e-02
8.891618000989889303e-01 9.664530177939835431e-02
8.734075464262507360e-01 1.092390965616451548e-01
8.576851617267149397e-01 1.215333158809449171e-01
8.419986040266501659e-01 1.335338363364405312e-01
8.263518223330695855e-01 1.452467338551648168e-01
8.107487556395898132e-01 1.566775928939831697e-01
7.951933319348093443e-01 1.678310419077750915e-01
7.796894672134594417e-01 1.787104761153417709e-01
7.642410644905727191e-01 1.893179313967446042e-01
7.488520128189207758e-01 1.996540762740863784e-01
7.335261863099650226e-01 2.097182922689926066e-01
7.182674431585703845e-01 2.195088164054439794e-01
7.030796246717250231e-01 2.290229231530787057e-01
6.879665543015128781e-01 2.382571266073137128e-01
6.729320366825783939e-01 2.472073871100746723e-01
6.579798566743311206e-01 2.558693097683824025e-01
6.431137784081281117e-01 2.642383253762919937e-01
6.283375443396724824e-01 2.723098470466515097e-01
6.136548743068714895e-01 2.800793983800755615e-01
5.990694645933862805e-01 2.875427112158835952e-01
5.845849869981135649e-01 2.946957929088567796e-01
5.702050879108284676e-01 3.015349646504191239e-01
5.559333873942259308e-01 3.080568736049933420e-01
5.417734782725895926e-01 3.142584825708490959e-01
5.277289252273172915e-01 3.201370415151531534e-01
5.138032638995313484e-01 3.256900456961502321e-01
5.000000000000001110e-01 3.309151851970227876e-01
4.863226084265935834e-01 3.358102905852707876e-01
4.727745323894976259e-01 3.403732791103208921e-01
4.593591825444023335e-01 3.446021053941686896e-01
4.460799361338897429e-01 3.484947199895638281e-01
4.329401361372292589e-01 3.520490385118554832e-01
4.199430904288018462e-01 3.552629233274514631e-01
4.070920709453594855e-01 3.581341790355423993e-01
3.943903128623333920e-01 3.606605622395897548e-01
3.818410137793947223e-01 3.628398053974339343e-01
3.694473329154774888e-01 3.646696538867641446e-01
3.572123903134606371e-01 3.661479148453943289e-01
3.451392660547150104e-01 3.672725158586707672e-01
3.332309994837083789e-01 3.680415711807293877e-01
3.214905884428678196e-01 3.684534528994314884e-01
3.099209885178879631e-01 3.685068642899365643e-01
2.985251122936787294e-01 3.682009125484757561e-01
2.873058286211370715e-01 3.675351781519302641e-01
2.762659618949298013e-01 3.665097782430677409e-01
2.654082913424666845e-01 3.651254216857530710e-01
2.547355503242452190e-01 3.633834537567929290e-01
2.442504256457417311e-01 3.612858888271662794e-01
2.339555568810219865e-01 3.588354298197475867e-01
2.238535357082431787e-01 3.560354736969787437e-01
2.139469052572124941e-01 3.528901027137437696e-01
2.042381594691679014e-01 3.494040616515774467e-01
1.947297424689413692e-01 3.455827217146446029e-01
1.854240479496642724e-01 3.414320322010820363e-01
1.763234185701672008e-01 3.369584614522115884e-01
1.674301453652287108e-01 3.321689289155417835e-01
1.587464671688187945e-01 3.270707304261432080e-01
1.502745700504856119e-01 3.216714590079540748e-01
1.420165867650229341e-01 3.159789236172589333e-01
1.339745962155614034e-01 3.100010682928363015e-01
1.261506229302150617e-01 3.037458941413544444e-01
1.185466365524179277e-01 2.972213864751087620e-01
1.111645513450765232e-01 2.904354492369510266e-01
1.040062257086641351e-01 2.833958486010292877e-01
9.707346171337882801e-02 2.761101673363242082e-01
9.036800464548166989e-02 2.685857711728912300e-01
8.389154256793041053e-02 2.608297880293887205e-01
7.764570589541863743e-02 2.528491005568093142e-01
7.163206698392743377e-02 2.446503520397285414e-01
6.585213973489323358e-02 2.362399652853109377e-01
6.030737921409157209e-02 2.276241737339440019e-01
5.499918128533154427e-02 2.188090636552943724e-01
4.992888225905456334e-02 2.098006259604289769e-01
4.509775855592612626e-02 2.006048158738487075e-01
4.050702638550263135e-02 1.912276184767956744e-01
3.615784144005795842e-02 1.816751179613458889e-01
3.205129860364375194e-02 1.719535683280279392e-01
2.818843167645834757e-02 1.620694632206267916e-01
2.457021311459295365e-02 1.520296026210009310e-01
2.119755378522125699e-02 1.418411542228388000e-01
1.807130273729329328e-02 1.315117074630172134e-01
1.519224698779197968e-02 1.210493184075913803e-01
1.256111132360571148e-02 1.104625439597497066e-01
1.017855811906731578e-02 9.976046417121951781e-02
8.045187169204659483e-03 8.895269178732134741e-02
6.161535538745877005e-03 7.804936852894441002e-02
4.528077426915411152e-03 6.706114800127989384e-02
3.145224048057615462e-03 5.599916550810503379e-02
2.013323528115562588e-03 4.487499543048621004e-02
1.132660816992037134e-03 3.370059718917904623e-02
5.034576168149174080e-04 2.248825114040824830e-02
1.258723261249317105e-04 1.125048604572211064e-02
0.000000000000000000e+00 0.000000000000000000e+00
1.258723261249317105e-04 -1.105822413517662008e-02
5.034576168149174080e-04 -2.209627120274047438e-02
1.132660816992037134e-03 -3.309410518217971442e-02
2.013323528115562588e-03 -4.403209311896248007e-02
3.145224048057615462e-03 -5.489119450919658499e-02
4.528077426915411152e-03 -6.565313647060226632e-02
6.161535538745877005e-03 -7.630057057376396501e-02
8.045187169204659483e-03 -8.681720771025318306e-02
1.017855811906731578e-02 -9.718792797584233090e-02
1.256111132360571148e-02 -1.073988632309834240e-01
1.519224698779197968e-02 -1.174374507480191593e-01
1.807130273729329328e-02 -1.272924571443631303e-01
2.119755378522125699e-02 -1.369539726111904943e-01
2.457021311459295365e-02 -1.464133762552645712e-01
2.818843167645834757e-02 -1.556632741547774035e-01
3.205129860364375194e-02 -1.646974124664186967e-01
3.615784144005795842e-02 -1.735105685894916816e-01
4.050702638550263135e-02 -1.820984239747566735e-01
4.509775855592612626e-02 -1.904574226441472229e-01
4.992888225905456334e-02 -1.985846198487351277e-01
5.499918128533154427e-02 -2.064775255257499109e-01
6.030737921409157209e-02 -2.141339473140413119e-01
6.585213973489323358e-02 -2.215518378479005290e-01
7.163206698392743377e-02 -2.287291508722797406e-01
7.764570589541863743e-02 -2.356637104128263827e-01
8.389154256793041053e-02 -2.423530968002245711e-01
9.036800464548166989e-02 -2.487945528022569852e-01
9.707346171337882801e-02 -2.549849124742684658e-01
1.040062257086641351e-01 -2.609205546177738033e-01
1.111645513450765232e-01 -2.665973819587670324e-01
1.185466365524179277e-01 -2.720108263447219565e-01
1.261506229302150617e-01 -2.771558794364962219e-01
1.339745962155614034e-01 -2.820271475631603297e-01
1.420165867650229341e-01 -2.866189286388906021e-01
1.502745700504856119e-01 -2.909253083354167435e-01
1.587464671688187945e-01 -2.949402720835364589e-01
1.674301453652287108e-01 -2.986578289631214855e-01
1.763234185701672008e-01 -3.020721431502691456e-01
1.854240479496642724e-01 -3.051776683367817267e-01
1.947297424689413692e-01 -3.079692804310967258e-01
2.042381594691679014e-01 -3.104424038969175181e-01
2.139469052572124941e-01 -3.125931272873019307e-01
2.238535357082431787e-01 -3.144183038842714994e-01
2.339555568810219865e-01 -3.159156338487092430e-01
2.442504256457417311e-01 -3.170837249093199639e-01
2.547355503242452190e-01 -3.179221293551057759e-01
2.654082913424666845e-01 -3.184313559214870248e-01
2.762659618949298013e-01 -3.186128560504973839e-01
2.873058286211370715e-01 -3.184689849321118427e-01
2.985251122936787294e-01 -3.180029386661160085e-01
3.099209885178879631e-01 -3.172186697900161723e-01
3.214905884428678196e-01 -3.161207842657910994e-01
3.332309994837083789e-01 -3.147144237747713791e-01
3.451392660547150104e-01 -3.130051378050308641e-01
3.572123903134606371e-01 -3.109987505013265818e-01
3.694473329154774888e-01 -3.087012275592740385e-01
3.818410137793947223e-01 -3.061185485630313341e-01
3.943903128623333920e-01 -3.032565900745710086e-01
4.070920709453594855e-01 -3.001210244741585598e-01
4.199430904288018462e-01 -2.967172390242505675e-01
4.329401361372292589e-01 -2.930502788884768450e-01
4.460799361338897429e-01 -2.891248168971888854e-01
4.593591825444023335e-01 -2.849451517327973860e-01
4.727745323894976259e-01 -2.805152349412554647e-01
4.863226084265935834e-01 -2.758387257978283658e-01
5.000000000000001110e-01 -2.709190716102626850e-01
5.138032638995313484e-01 -2.657596095818602344e-01
5.277289252273172915e-01 -2.603636849377376494e-01
5.417734782725895926e-01 -2.547347787014414555e-01
5.559333873942259308e-01 -2.488766373611611959e-01
5.702050879108284676e-01 -2.427933957521486719e-01
5.845849869981135649e-01 -2.364896838720103034e-01
5.990694645933862805e-01 -2.299707081043277923e-01
6.136548743068714895e-01 -2.232422975163795842e-01
6.283375443396724824e-01 -2.163109065762504057e-01
6.431137784081281117e-01 -2.091835668539576421e-01
6.579798566743311206e-01 -2.018677820720757299e-01
6.729320366825783939e-01 -1.943713632846095218e-01
6.879665543015128781e-01 -1.867022040069647171e-01
7.030796246717250231e-01 -1.788679987991120268e-01
7.182674431585703845e-01 -1.708759131073357140e-01
7.335261863099650226e-01 -1.627322170695659764e-01
7.488520128189207758e-01 -1.544419014400663370e-01
7.642410644905727191e-01 -1.460082997280092720e-01
7.796894672134594417e-01 -1.374327469898379284e-01
7.951933319348093443e-01 -1.287143123678569367e-01
8.107487556395898132e-01 -1.198496493102891025e-01
8.263518223330695855e-01 -1.108330143076120128e-01
8.419986040266501659e-01 -1.016565117876829516e-01
8.576851617267149397e-01 -9.231062936591520607e-02
8.734075464262507360e-01 -8.278513377323695743e-02
8.891618000989889303e-01 -7.307040330171618581e-02
9.049439566958173975e-01 -6.315927732767875891e-02
9.207500431432115162e-01 -5.304950720439252643e-02
9.365760803434354242e-01 -4.274689537128414929e-02
9.524180841762578398e-01 -3.226921071911508648e-02
9.682720665019324269e-01 -2.165096790389259285e-02
9.841340361651920166e-01 -1.094915625227524565e-02
9.999999999999998890e-01 -2.500000000000745441e-04
