9.999999999999998890e-01 2.500000000001127622e-04
9.841340361651920166e-01 1.617817416327737776e-02
9.682720665019324269e-01 3.173446633142228135e-02
9.524180841762578398e-01 4.692145778886398777e-02
9.365760803434354242e-01 6.174165721031937837e-02
9.207500431432115162e-01 7.619747788124255072e-02
9.049439566958173975e-01 9.029121549685402426e-02
8.891618000989889303e-01 1.040250270870021199e-01
8.734075464262507360e-01 1.174009115540309012e-01
8.576851617267149397e-01 1.304206922457549767e-01
8.419986040266501659e-01 1.430860019172066067e-01
8.263518223330695855e-01 1.553982703646331065e-01
8.107487556395898132e-01 1.673587149447892108e-01
7.951933319348093443e-01 1.789683341233235525e-01
7.796894672134594417e-01 1.902279041293112039e-01
7.642410644905727191e-01 2.011379787299017174e-01
7.488520128189207758e-01 2.116988920806501806e-01
7.335261863099650226e-01 2.219107645542265916e-01
7.182674431585703845e-01 2.317735114035254229e-01
7.030796246717250231e-01 2.412868540752310664e-01
6.879665543015128781e-01 2.504503339569275067e-01
6.729320366825783939e-01 2.592633283150402868e-01
6.579798566743311206e-01 2.677250681622097006e-01
6.431137784081281117e-01 2.758346577809445699e-01
6.283375443396724824e-01 2.835910956252620796e-01
6.136548743068714895e-01 2.909932963229982517e-01
5.990694645933862805e-01 2.980401135080276154e-01
5.845849869981135649e-01 3.047303632230665138e-01
5.702050879108284676e-01 3.110628476493202399e-01
5.559333873942259308e-01 3.170363789381805408e-01
5.417734782725895926e-01 3.226498029416540181e-01
5.277289252273172915e-01 3.279020226613873490e-01
5.138032638995313484e-01 3.327920212602221706e-01
5.000000000000001110e-01 3.373188845043821327e-01
4.863226084265935834e-01 3.414818225279363517e-01
4.727745323894976259e-01 3.452801908334128811e-01
4.593591825444023335e-01 3.487135104627928084e-01
4.460799361338897429e-01 3.517814872910685065e-01
4.329401361372292589e-01 3.544840304097450212e-01
4.199430904288018462e-01 3.568212695797784995e-01
4.070920709453594855e-01 3.587935717423300086e-01
3.943903128623333920e-01 3.604015565812965782e-01
3.818410137793947223e-01 3.616461111339031587e-01
3.694473329154774888e-01 3.625284034448683079e-01
3.572123903134606371e-01 3.630498952560312631e-01
3.451392660547150104e-01 3.632123537171884631e-01
3.332309994837083789e-01 3.630178620956681090e-01
3.214905884428678196e-01 3.624688294523274457e-01
3.099209885178879631e-01 3.615679992407493937e-01
2.985251122936787294e-01 3.603184567749878608e-01
2.873058286211370715e-01 3.587236354998706300e-01
2.762659618949298013e-01 3.567873219871818269e-01
2.654082913424666845e-01 3.545136595716112393e-01
2.547355503242452190e-01 3.519071505326957783e-01
2.442504256457417311e-01 3.489726567236149379e-01
2.339555568810219865e-01 3.457153985450526767e-01
2.238535357082431787e-01 3.421409521627998829e-01
2.139469052572124941e-01 3.382552448716166782e-01
2.042381594691679014e-01 3.340645485153147520e-01
1.947297424689413692e-01 3.295754708841566738e-01
1.854240479496642724e-01 3.247949450255149251e-01
1.763234185701672008e-01 3.197302164221824672e-01
1.674301453652287108e-01 3.143888280145953340e-01
1.587464671688187945e-01 3.087786030682136973e-01
1.502745700504856119e-01 3.029076259150343398e-01
1.420165867650229341e-01 2.967842206281914308e-01
1.339745962155614034e-01 2.904169277203202948e-01
1.261506229302150617e-01 2.838144789891805519e-01
1.185466365524179277e-01 2.769857706673219400e-01
1.111645513450765232e-01 2.699398350656185830e-01
1.040062257086641351e-01 2.626858109325876933e-01
9.707346171337882801e-02 2.552329127818357413e-01
9.036800464548166989e-02 2.475903994680004883e-01
8.389154256793041053e-02 2.397675423165342434e-01
7.764570589541863743e-02 2.317735931339323097e-01
7.163206698392743377e-02 2.236177524419817597e-01
6.585213973489323358e-02 2.153091382917739494e-01
6.030737921409157209e-02 2.068567560201552413e-01
5.499918128533154427e-02 1.982694693126464125e-01
4.992888225905456334e-02 1.895559729324231002e-01
4.509775855592612626e-02 1.807247674645657554e-01
4.050702638550263135e-02 1.717841364084642664e-01
3.615784144005795842e-02 1.627421259291091937e-01
3.205129860364375194e-02 1.536065275502077609e-01
2.818843167645834757e-02 1.443848640389973903e-01
2.457021311459295365e-02 1.350843786947003300e-01
2.119755378522125699e-02 1.257120282103330322e-01
1.807130273729329328e-02 1.162744792316635217e-01
1.519224698779197968e-02 1.067781086882292063e-01
1.256111132360571148e-02 9.722900792025067351e-02
1.017855811906731578e-02 8.763299057283903404e-02
8.045187169204659483e-03 7.799560417595871598e-02
6.161535538745877005e-03 6.832214527607569088e-02
4.528077426915411152e-03 5.861767793415040284e-02
3.145224048057615462e-03 4.888705535556487486e-02
2.013323528115562588e-03 3.913494437146411431e-02
1.132660816992037134e-03 2.936585244873341285e-02
5.034576168149174080e-04 1.958415686810543316e-02
1.258723261249317105e-04 9.794135677376832397e-03
0.000000000000000000e+00 0.000000000000000000e+00
1.258723261249317105e-04 -9.281437223683148413e-03
5.034576168149174080e-04 -1.853887698418869856e-02
1.132660816992037134e-03 -2.774854035734766050e-02
2.013323528115562588e-03 -3.688720478163479838e-02
3.145224048057615462e-03 -4.593246591665450101e-02
4.528077426915411152e-03 -5.486298039876712218e-02
6.161535538745877005e-03 -6.365868393504033051e-02
8.045187169204659483e-03 -7.230097984131468591e-02
1.017855811906731578e-02 -8.077289392596120887e-02
1.256111132360571148e-02 -8.905919252598415436e-02
1.519224698779197968e-02 -9.714646149154906873e-02
1.807130273729329328e-02 -1.050231449614265206e-01
2.119755378522125699e-02 -1.126795438463674137e-01
2.457021311459295365e-02 -1.201077750102053365e-01
2.818843167645834757e-02 -1.273016931797611995e-01
3.205129860364375194e-02 -1.342567785953500403e-01
3.615784144005795842e-02 -1.409699943064612326e-01
4.050702638550263135e-02 -1.474396177969216626e-01
4.509775855592612626e-02 -1.536650522685721609e-01
4.992888225905456334e-02 -1.596466234038772525e-01
5.499918128533154427e-02 -1.653853677518820897e-01
6.030737921409157209e-02 -1.708828190291024340e-01
6.585213973489323358e-02 -1.761407985928251652e-01
7.163206698392743377e-02 -1.811612161295551859e-01
7.764570589541863743e-02 -1.859458862117993050e-01
8.389154256793041053e-02 -1.904963658228780721e-01
9.036800464548166989e-02 -1.948138172476651109e-01
9.707346171337882801e-02 -1.988988998971479571e-01
1.040062257086641351e-01 -2.027516937004453235e-01
1.111645513450765232e-01 -2.063716556866592999e-01
1.185466365524179277e-01 -2.097576103204681353e-01
1.261506229302150617e-01 -2.129077730812014013e-01
1.339745962155614034e-01 -2.158198057176541063e-01
1.420165867650229341e-01 -2.184909006024106926e-01
1.502745700504856119e-01 -2.209178906812628851e-01
1.587464671688187945e-01 -2.230973806948360061e-01
1.674301453652287108e-01 -2.250258946673242000e-01
1.763234185701672008e-01 -2.267000341342146064e-01
1.854240479496642724e-01 -2.281166412355397910e-01
1.947297424689413692e-01 -2.292729606469668668e-01
2.042381594691679014e-01 -2.301667943657468018e-01
2.139469052572124941e-01 -2.307966436140575783e-01
2.238535357082431787e-01 -2.311618325642230132e-01
2.339555568810219865e-01 -2.312626092180432580e-01
2.442504256457417311e-01 -2.311002195692568595e-01
2.547355503242452190e-01 -2.306769521213240803e-01
2.654082913424666845e-01 -2.299961508942634791e-01
2.762659618949298013e-01 -2.290621962014221524e-01
2.873058286211370715e-01 -2.278804536731412755e-01
2.985251122936787294e-01 -2.264571932096302587e-01
3.099209885178879631e-01 -2.247994807184399146e-01
3.214905884428678196e-01 -2.229150465904786993e-01
3.332309994837083789e-01 -2.208121358508717824e-01
3.451392660547150104e-01 -2.184993457473013989e-01
3.572123903134606371e-01 -2.159854571722084060e-01
3.694473329154774888e-01 -2.132792667242938145e-01
3.818410137793947223e-01 -2.103894263728585123e-01
3.943903128623333920e-01 -2.073242975763089913e-01
4.070920709453594855e-01 -2.040918263123337462e-01
4.199430904288018462e-01 -2.006994447993719066e-01
4.329401361372292589e-01 -1.971540047342623947e-01
4.460799361338897429e-01 -1.934617456566656291e-01
4.593591825444023335e-01 -1.896283006046427244e-01
4.727745323894976259e-01 -1.856587395856854894e-01
4.863226084265935834e-01 -1.815576496016070573e-01
5.000000000000001110e-01 -1.773292480916308644e-01
5.138032638995313484e-01 -1.729775247620669032e-01
5.277289252273172915e-01 -1.685064049269472397e-01
5.417734782725895926e-01 -1.639199257719080316e-01
5.559333873942259308e-01 -1.592224154578929518e-01
5.702050879108284676e-01 -1.544186637889894409e-01
5.845849869981135649e-01 -1.495140723674436012e-01
5.990694645933862805e-01 -1.445147718344413357e-01
6.136548743068714895e-01 -1.394276940292540623e-01
6.283375443396724824e-01 -1.342605877668885117e-01
6.431137784081281117e-01 -1.290219685014075413e-01
6.579798566743311206e-01 -1.237209944630104086e-01
6.729320366825783939e-01 -1.183672649722151138e-01
6.879665543015128781e-01 -1.129705405683441716e-01
7.030796246717250231e-01 -1.075403893479798256e-01
7.182674431585703845e-01 -1.020857694781251018e-01
7.335261863099650226e-01 -9.661456419292126230e-02
7.488520128189207758e-01 -9.113309264376052987e-02
7.642410644905727191e-01 -8.564562766892087897e-02
7.796894672134594417e-01 -8.015395977522912774e-02
7.951933319348093443e-01 -7.465705525207749771e-02
8.107487556395898132e-01 -6.915086521597256508e-02
8.263518223330695855e-01 -6.362835133878666505e-02
8.419986040266501659e-01 -5.807980285234167622e-02
8.576851617267149397e-01 -5.249352793576558818e-02
8.734075464262507360e-01 -4.685701055542117188e-02
8.891618000989889303e-01 -4.115863100394801660e-02
9.049439566958173975e-01 -3.539005453126650713e-02
9.207500431432115162e-01 -2.954939732898787669e-02
9.365760803434354242e-01 -2.364528247430046359e-02
9.524180841762578398e-01 -1.770190001965340348e-02
9.682720665019324269e-01 -1.176518500087593046e-02
9.841340361651920166e-01 -5.910224515230244266e-03
9.999999999999998890e-01 -2.500000000000385486e-04
