9.999999999999998890e-01 2.500000000001475651e-04
9.841340361651920166e-01 2.122481691778032795e-02
9.682720665019324269e-01 4.177236300542944841e-02
9.524180841762578398e-01 6.167303436163713848e-02
9.365760803434354242e-01 8.078772325177999147e-02
9.207500431432115162e-01 9.904093826820639657e-02
9.049439566958173975e-01 1.164061667865243649e-01
8.891618000989889303e-01 1.328933420528541631e-01
8.734075464262507360e-01 1.485382644332620128e-01
8.576851617267149397e-01 1.633938172641088427e-01
8.419986040266501659e-01 1.775228121430079686e-01
8.263518223330695855e-01 1.909922961389613205e-01
8.107487556395898132e-01 2.038691539907435957e-01
7.951933319348093443e-01 2.162168415947928191e-01
7.796894672134594417e-01 2.280930926311051099e-01
7.642410644905727191e-01 2.395484477014332980e-01
7.488520128189207758e-01 2.506254645185840291e-01
7.335261863099650226e-01 2.613584781517540589e-01
7.182674431585703845e-01 2.717737917720296492e-01
7.030796246717250231e-01 2.818901904394164326e-01
6.879665543015128781e-01 2.917196829311635153e-01
6.729320366825783939e-01 3.012683891558715077e-01
6.579798566743311206e-01 3.105375030792622004e-01
6.431137784081281117e-01 3.195242730836855838e-01
6.283375443396724824e-01 3.282229531021204072e-01
6.136548743068714895e-01 3.366256885469960936e-01
5.990694645933862805e-01 3.447233108642306365e-01
5.845849869981135649e-01 3.525060233840685009e-01
5.702050879108284676e-01 3.599639689435309431e-01
5.559333873942259308e-01 3.670876764805008907e-01
5.417734782725895926e-01 3.738683894338467040e-01
5.277289252273172915e-01 3.802982833398111939e-01
5.138032638995313484e-01 3.863705835270159206e-01
5.000000000000001110e-01 3.920795963355024338e-01
4.863226084265935834e-01 3.974206688907098162e-01
4.727745323894976259e-01 4.023900932363583816e-01
4.593591825444023335e-01 4.069849706666159306e-01
4.460799361338897429e-01 4.112030515008189280e-01
4.329401361372292589e-01 4.150425644209695952e-01
4.199430904288018462e-01 4.185020479522028602e-01
4.070920709453594855e-01 4.215801948171588043e-01
3.943903128623333920e-01 4.242757178406840191e-01
3.818410137793947223e-01 4.265872439195388943e-01
3.694473329154774888e-01 4.285132403930151934e-01
3.572123903134606371e-01 4.300519760352845000e-01
3.451392660547150104e-01 4.312015169090562261e-01
3.332309994837083789e-01 4.319597555313123283e-01
3.214905884428678196e-01 4.323244702520319116e-01
3.099209885178879631e-01 4.322934104702452207e-01
2.985251122936787294e-01 4.318644023306347224e-01
2.873058286211370715e-01 4.310354688687065838e-01
2.762659618949298013e-01 4.298049582027702042e-01
2.654082913424666845e-01 4.281716732959539584e-01
2.547355503242452190e-01 4.261349970116610764e-01
2.442504256457417311e-01 4.236950066339695842e-01
2.339555568810219865e-01 4.208525726868825867e-01
2.238535357082431787e-01 4.176094377246709621e-01
2.139469052572124941e-01 4.139682717380641641e-01
2.042381594691679014e-01 4.099327018841912862e-01
1.947297424689413692e-01 4.055073153580029954e-01
1.854240479496642724e-01 4.006976353365451216e-01
1.763234185701672008e-01 3.955100710041820067e-01
1.674301453652287108e-01 3.899518436695090795e-01
1.587464671688187945e-01 3.840308918803078120e-01
1.502745700504856119e-01 3.777557592038106593e-01
1.420165867650229341e-01 3.711354689437647014e-01
1.339745962155614034e-01 3.641793904975540452e-01
1.261506229302150617e-01 3.568971023065384274e-01
1.185466365524179277e-01 3.492982564177716243e-01
1.111645513450765232e-01 3.413924495585689556e-01
1.040062257086641351e-01 3.331891053360661048e-01
9.707346171337882801e-02 3.246973717263710313e-01
9.036800464548166989e-02 3.159260374312830022e-01
8.389154256793041053e-02 3.068834699779602881e-01
7.764570589541863743e-02 2.975775776445532816e-01
7.163206698392743377e-02 2.880157964411143023e-01
6.585213973489323358e-02 2.782051024897319036e-01
6.030737921409157209e-02 2.681520492607974981e-01
5.499918128533154427e-02 2.578628282629779611e-01
4.992888225905456334e-02 2.473433509806989006e-01
4.509775855592612626e-02 2.365993491302723073e-01
4.050702638550263135e-02 2.256364896866907832e-01
3.615784144005795842e-02 2.144605006363931310e-01
3.205129860364375194e-02 2.030773030515453381e-01
2.818843167645834757e-02 1.914931448686921778e-01
2.457021311459295365e-02 1.797147316942901973e-01
2.119755378522125699e-02 1.677493500520925718e-01
1.807130273729329328e-02 1.556049787282718366e-01
1.519224698779197968e-02 1.432903842506217107e-01
1.256111132360571148e-02 1.308151970449952239e-01
1.017855811906731578e-02 1.181899654283334877e-01
8.045187169204659483e-03 1.054261853030171864e-01
6.161535538745877005e-03 9.253630418903092958e-02
4.528077426915411152e-03 7.953369904386077549e-02
3.145224048057615462e-03 6.643262814942700600e-02
2.013323528115562588e-03 5.324815816445535588e-02
1.132660816992037134e-03 3.999606822397311356e-02
5.034576168149174080e-04 2.669273369058199064e-02
1.258723261249317105e-04 1.335499280237284307e-02
0.000000000000000000e+00 0.000000000000000000e+00
1.258723261249317105e-04 -1.315679582473057441e-02
5.034576168149174080e-04 -2.629172365618725332e-02
1.132660816992037134e-03 -3.938303653218799827e-02
2.013323528115562588e-03 -5.240935153656370998e-02
3.145224048057615462e-03 -6.534982216164766933e-02
4.528077426915411152e-03 -7.818429932560923279e-02
6.161535538745877005e-03 -9.089347768469853428e-02
8.045187169204659483e-03 -1.034590242293764589e-01
1.017855811906731578e-02 -1.158636865739118976e-01
1.256111132360571148e-02 -1.280913788315298230e-01
1.519224698779197968e-02 -1.401272435003128314e-01
1.807130273729329328e-02 -1.519576883562091529e-01
2.119755378522125699e-02 -1.635703979453214107e-01
2.457021311459295365e-02 -1.749543198739548777e-01
2.818843167645834757e-02 -1.860996266973247992e-01
3.205129860364375194e-02 -1.969976547919253806e-01
3.615784144005795842e-02 -2.076408221482793637e-01
4.050702638550263135e-02 -2.180225275266905460e-01
4.509775855592612626e-02 -2.281370338662812025e-01
4.992888225905456334e-02 -2.379793392158082721e-01
5.499918128533154427e-02 -2.475450387538968289e-01
6.030737921409157209e-02 -2.568301816785014124e-01
6.585213973489323358e-02 -2.658311268647379211e-01
7.163206698392743377e-02 -2.745444012128986921e-01
7.764570589541863743e-02 -2.829665645330028956e-01
8.389154256793041053e-02 -2.910940846393730297e-01
9.036800464548166989e-02 -2.989232260616102033e-01
9.707346171337882801e-02 -3.064499554223644728e-01
1.040062257086641351e-01 -3.136698660950617557e-01
1.111645513450765232e-01 -3.205781242459402325e-01
1.185466365524179277e-01 -3.271694377959318834e-01
1.261506229302150617e-01 -3.334380492223072978e-01
1.339745962155614034e-01 -3.393777524721942052e-01
1.420165867650229341e-01 -3.449819335957504118e-01
1.502745700504856119e-01 -3.502436340423468186e-01
1.587464671688187945e-01 -3.551556349153868752e-01
1.674301453652287108e-01 -3.597105598671782589e-01
1.763234185701672008e-01 -3.639009937509617432e-01
1.854240479496642724e-01 -3.677196136485075817e-01
1.947297424689413692e-01 -3.711593284730419495e-01
2.042381594691679014e-01 -3.742134230217396551e-01
2.139469052572124941e-01 -3.768757021306656796e-01
2.238535357082431787e-01 -3.791406304769261437e-01
2.339555568810219865e-01 -3.810034635843541073e-01
2.442504256457417311e-01 -3.824603657242158228e-01
2.547355503242452190e-01 -3.835085106621726747e-01
2.654082913424666845e-01 -3.841461615850969569e-01
2.762659618949298013e-01 -3.843727270413316854e-01
2.873058286211370715e-01 -3.841887903375231228e-01
2.985251122936787294e-01 -3.835961105432261209e-01
3.099209885178879631e-01 -3.825975940471640913e-01
3.214905884428678196e-01 -3.811972364697441829e-01
3.332309994837083789e-01 -3.794000356461781354e-01
3.451392660547150104e-01 -3.772118773322143404e-01
3.572123903134606371e-01 -3.746393962271646894e-01
3.694473329154774888e-01 -3.716898158323757029e-01
3.818410137793947223e-01 -3.683707715424496820e-01
3.943903128623333920e-01 -3.646901221758144795e-01
4.070920709453594855e-01 -3.606557558653019080e-01
4.199430904288018462e-01 -3.562753968234257385e-01
4.329401361372292589e-01 -3.515564199475237905e-01
4.460799361338897429e-01 -3.465056805149692165e-01
4.593591825444023335e-01 -3.411293663187171532e-01
4.727745323894976259e-01 -3.354328794917109113e-01
4.863226084265935834e-01 -3.294207549515638656e-01
5.000000000000001110e-01 -3.230966218545697211e-01
5.138032638995313484e-01 -3.164632136746445834e-01
5.277289252273172915e-01 -3.095224315168088047e-01
5.417734782725895926e-01 -3.022754640394694214e-01
5.559333873942259308e-01 -2.947229659030427551e-01
5.702050879108284676e-01 -2.868652949972900768e-01
5.845849869981135649e-01 -2.787028068439492690e-01
5.990694645933862805e-01 -2.702362025475369967e-01
6.136548743068714895e-01 -2.614669245029576650e-01
6.283375443396724824e-01 -2.523975917956144399e-01
6.431137784081281117e-01 -2.430324648840164192e-01
6.579798566743311206e-01 -2.333779267760345832e-01
6.729320366825783939e-01 -2.234429655407520754e-01
6.879665543015128781e-01 -2.132396406836812586e-01
7.030796246717250231e-01 -2.027835137012911348e-01
7.182674431585703845e-01 -1.920940210698835471e-01
7.335261863099650226e-01 -1.811947660628999979e-01
7.488520128189207758e-01 -1.701137041784752946e-01
7.642410644905727191e-01 -1.588831956430696024e-01
7.796894672134594417e-01 -1.475398974829158771e-01
7.951933319348093443e-01 -1.361244670656409361e-01
8.107487556395898132e-01 -1.246810488489122765e-01
8.263518223330695855e-01 -1.132565163660947394e-01
8.419986040266501659e-01 -1.018994422601947475e-01
8.576851617267149397e-01 -9.065877047049722415e-02
8.734075464262507360e-01 -7.958216649834896905e-02
8.891618000989889303e-01 -6.871402403952571458e-02
9.049439566958173975e-01 -5.809310917293260962e-02
9.207500431432115162e-01 -4.774982673348406731e-02
9.365760803434354242e-01 -3.770309745707989268e-02
9.524180841762578398e-01 -2.795683894545120118e-02
9.682720665019324269e-01 -1.849604842762682388e-02
9.841340361651920166e-01 -9.282490653871607045e-03
9.999999999999998890e-01 -2.500000000000627805e-04
