9.999999999999998890e-01 2.500000000001156354e-04
9.841340361651920166e-01 1.662708343630640156e-02
9.682720665019324269e-01 3.264140453434587891e-02
9.524180841762578398e-01 4.821787000264088352e-02
9.365760803434354242e-01 6.329598117312122685e-02
9.207500431432115162e-01 7.782892231936469618e-02
9.049439566958173975e-01 9.178252900484902554e-02
8.891618000989889303e-01 1.051341657071310498e-01
8.734075464262507360e-01 1.178715407368949447e-01
8.576851617267149397e-01 1.299914848934698164e-01
8.419986040266501659e-01 1.414987184212267435e-01
8.263518223330695855e-01 1.524046287065096983e-01
8.107487556395898132e-01 1.627260788354522036e-01
7.951933319348093443e-01 1.724842646720733397e-01
7.796894672134594417e-01 1.817036355652552893e-01
7.642410644905727191e-01 1.904108912025459233e-01
7.488520128189207758e-01 1.986340645455290932e-01
7.335261863099650226e-01 2.064016982498294572e-01
7.182674431585703845e-01 2.137421195328477741e-01
7.030796246717250231e-01 2.206828161399380095e-01
6.879665543015128781e-01 2.272499139060737972e-01
6.729320366825783939e-01 2.334677544413181483e-01
6.579798566743311206e-01 2.393585697056156703e-01
6.431137784081281117e-01 2.449422486974390245e-01
6.283375443396724824e-01 2.502361901722767179e-01
6.136548743068714895e-01 2.552552342364697302e-01
5.990694645933862805e-01 2.600116648302829847e-01
5.845849869981135649e-01 2.645152745175443632e-01
5.702050879108284676e-01 2.687734826297673574e-01
5.559333873942259308e-01 2.727914976586551798e-01
5.417734782725895926e-01 2.765725148372424891e-01
5.277289252273172915e-01 2.801179400788283980e-01
5.138032638995313484e-01 2.834276318341790724e-01
5.000000000000001110e-01 2.865001529593808605e-01
4.863226084265935834e-01 2.893330253361716120e-01
4.727745323894976259e-01 2.919229807298577839e-01
4.593591825444023335e-01 2.942662021832229136e-01
4.460799361338897429e-01 2.963585511046426535e-01
4.329401361372292589e-01 2.981957760922999134e-01
4.199430904288018462e-01 2.997737004224667601e-01
4.070920709453594855e-01 3.010883859984442856e-01
3.943903128623333920e-01 3.021362723899566616e-01
3.818410137793947223e-01 3.029142903747705784e-01
3.694473329154774888e-01 3.034199501116003894e-01
3.572123903134606371e-01 3.036514047149682649e-01
3.451392660547150104e-01 3.036074905601829910e-01
3.332309994837083789e-01 3.032877461141387787e-01
3.214905884428678196e-01 3.026924114618398942e-01
3.099209885178879631e-01 3.018224109785636045e-01
2.985251122936787294e-01 3.006793217847257282e-01
2.873058286211370715e-01 2.992653307183354983e-01
2.762659618949298013e-01 2.975831825737642600e-01
2.654082913424666845e-01 2.956361222924455689e-01
2.547355503242452190e-01 2.934278336594186576e-01
2.442504256457417311e-01 2.909623768688091028e-01
2.339555568810219865e-01 2.882441270816073486e-01
2.238535357082431787e-01 2.852777158211920461e-01
2.139469052572124941e-01 2.820679767468493582e-01
2.042381594691679014e-01 2.786198970238619177e-01
1.947297424689413692e-01 2.749385751810510814e-01
1.854240479496642724e-01 2.710291860228101757e-01
1.763234185701672008e-01 2.668969528517131096e-01
1.674301453652287108e-01 2.625471269678034680e-01
1.587464671688187945e-01 2.579849741485716885e-01
1.502745700504856119e-01 2.532157675851156031e-01
1.420165867650229341e-01 2.482447865593843117e-01
1.339745962155614034e-01 2.430773199977400156e-01
1.261506229302150617e-01 2.377186739289535722e-01
1.185466365524179277e-01 2.321741818104786914e-01
1.111645513450765232e-01 2.264492166644593574e-01
1.040062257086641351e-01 2.205492039822693484e-01
9.707346171337882801e-02 2.144796344102851970e-01
9.036800464548166989e-02 2.082460753159383893e-01
8.389154256793041053e-02 2.018541804470568302e-01
7.764570589541863743e-02 1.953096970336563321e-01
7.163206698392743377e-02 1.886184698338815302e-01
6.585213973489323358e-02 1.817864417887001260e-01
6.030737921409157209e-02 1.748196511171870859e-01
5.499918128533154427e-02 1.677242248498944377e-01
4.992888225905456334e-02 1.605063689563246132e-01
4.509775855592612626e-02 1.531723553687858730e-01
4.050702638550263135e-02 1.457285063343942977e-01
3.615784144005795842e-02 1.381811766359091476e-01
3.205129860364375194e-02 1.305367343074052278e-01
2.818843167645834757e-02 1.228015405303838625e-01
2.457021311459295365e-02 1.149819294285135407e-01
2.119755378522125699e-02 1.070841884844499908e-01
1.807130273729329328e-02 9.911454028062748056e-02
1.519224698779197968e-02 9.107912621894856398e-02
1.256111132360571148e-02 8.298399280408323697e-02
1.017855811906731578e-02 7.483508098450523949e-02
8.045187169204659483e-03 6.663821893789881323e-02
6.161535538745877005e-03 5.839911856713022459e-02
4.528077426915411152e-03 5.012337584385540695e-02
3.145224048057615462e-03 4.181647500358803837e-02
2.013323528115562588e-03 3.348379646317799219e-02
1.132660816992037134e-03 2.513062820372536851e-02
5.034576168149174080e-04 1.676218024321798547e-02
1.258723261249317105e-04 8.383601717594373753e-03
0.000000000000000000e+00 0.000000000000000000e+00
1.258723261249317105e-04 -8.105461357431963804e-03
5.034576168149174080e-04 -1.619166281205473151e-02
1.132660816992037134e-03 -2.423951694359922221e-02
2.013323528115562588e-03 -3.223040116408616707e-02
3.145224048057615462e-03 -4.014637526157284475e-02
4.528077426915411152e-03 -4.797038156466131020e-02
6.161535538745877005e-03 -5.568642271527905058e-02
8.045187169204659483e-03 -6.327971267757480367e-02
1.017855811906731578e-02 -7.073679737613686180e-02
1.256111132360571148e-02 -7.804564222522050732e-02
1.519224698779197968e-02 -8.519568475733431401e-02
1.807130273729329328e-02 -9.217785155707683420e-02
2.119755378522125699e-02 -9.898453972577239690e-02
2.457021311459295365e-02 -1.056095641145779890e-01
2.818843167645834757e-02 -1.120480725388516008e-01
3.205129860364375194e-02 -1.182964320960540883e-01
3.615784144005795842e-02 -1.243520905264305088e-01
4.050702638550263135e-02 -1.302134172557920244e-01
4.509775855592612626e-02 -1.358795293217333611e-01
4.992888225905456334e-02 -1.413501077912428794e-01
5.499918128533154427e-02 -1.466252105159665531e-01
6.030737921409157209e-02 -1.517050871332232265e-01
6.585213973489323358e-02 -1.565900021032091693e-01
7.163206698392743377e-02 -1.612800712778592882e-01
7.764570589541863743e-02 -1.657751170320413414e-01
8.389154256793041053e-02 -1.700745463657066803e-01
9.036800464548166989e-02 -1.741772556237591307e-01
9.707346171337882801e-02 -1.780815646005771968e-01
1.040062257086641351e-01 -1.817851818240599493e-01
1.111645513450765232e-01 -1.852852017786881522e-01
1.185466365524179277e-01 -1.885781337597553786e-01
1.261506229302150617e-01 -1.916599609845401342e-01
1.339745962155614034e-01 -1.945262275543180319e-01
1.420165867650229341e-01 -1.971721498969961350e-01
1.502745700504856119e-01 -1.995927484557050990e-01
1.587464671688187945e-01 -2.017829946535886487e-01
1.674301453652287108e-01 -2.037379675857145800e-01
1.763234185701672008e-01 -2.054530144878870535e-01
1.854240479496642724e-01 -2.069239088266613957e-01
1.947297424689413692e-01 -2.081469998570402991e-01
2.042381594691679014e-01 -2.091193477100637410e-01
2.139469052572124941e-01 -2.098388385012368851e-01
2.238535357082431787e-01 -2.103042745852452544e-01
2.339555568810219865e-01 -2.105154359087368088e-01
2.442504256457417311e-01 -2.104731094105765365e-01
2.547355503242452190e-01 -2.101790845611659908e-01
2.654082913424666845e-01 -2.096361143866983245e-01
2.762659618949298013e-01 -2.088478426531470700e-01
2.873058286211370715e-01 -2.078186992467859484e-01
2.985251122936787294e-01 -2.065537671384829466e-01
3.099209885178879631e-01 -2.050586256113307582e-01
3.214905884428678196e-01 -2.033391756182213184e-01
3.332309994837083789e-01 -2.014014541713071704e-01
3.451392660547150104e-01 -1.992514455046684174e-01
3.572123903134606371e-01 -1.968948973542643810e-01
3.694473329154774888e-01 -1.943371510297686178e-01
3.818410137793947223e-01 -1.915829939819223560e-01
3.943903128623333920e-01 -1.886365432750139459e-01
4.070920709453594855e-01 -1.855011677442370277e-01
4.199430904288018462e-01 -1.821794556489940431e-01
4.329401361372292589e-01 -1.786732333332975153e-01
4.460799361338897429e-01 -1.749836387919675162e-01
4.593591825444023335e-01 -1.711112521464736025e-01
4.727745323894976259e-01 -1.670562828986069670e-01
4.863226084265935834e-01 -1.628188115064695407e-01
5.000000000000001110e-01 -1.583990803789281920e-01
5.138032638995313484e-01 -1.537978268848658459e-01
5.277289252273172915e-01 -1.490166485039802202e-01
5.417734782725895926e-01 -1.440583878953987373e-01
5.559333873942259308e-01 -1.389275235231854089e-01
5.702050879108284676e-01 -1.336305496515107771e-01
5.845849869981135649e-01 -1.281763281055745551e-01
5.990694645933862805e-01 -1.225763932848083909e-01
6.136548743068714895e-01 -1.168451916061581247e-01
6.283375443396724824e-01 -1.110002369346316797e-01
6.431137784081281117e-01 -1.050621647039917256e-01
6.579798566743311206e-01 -9.905466940890061966e-02
6.729320366825783939e-01 -9.300431301306338883e-02
6.879665543015128781e-01 -8.694019560126375890e-02
7.030796246717250231e-01 -8.089348432287246649e-02
7.182674431585703845e-01 -7.489680232563847295e-02
7.335261863099650226e-01 -6.898348593380029814e-02
7.488520128189207758e-01 -6.318672573221077726e-02
7.642410644905727191e-01 -5.753861540173518807e-02
7.796894672134594417e-01 -5.206914100875364992e-02
7.951933319348093443e-01 -4.680515285598045583e-02
8.107487556395898132e-01 -4.176937180105694952e-02
8.263518223330695855e-01 -3.697949196796902066e-02
8.419986040266501659e-01 -3.244745181685399632e-02
8.576851617267149397e-01 -2.817895538313484882e-02
8.734075464262507360e-01 -2.417333491321530664e-02
8.891618000989889303e-01 -2.042385486372753564e-02
9.049439566958173975e-01 -1.691856503732672504e-02
9.207500431432115162e-01 -1.364181723757731078e-02
9.365760803434354242e-01 -1.057656497501103555e-02
9.524180841762578398e-01 -7.707569186502708294e-03
9.682720665019324269e-01 -5.025634390551913036e-03
9.841340361651920166e-01 -2.532998956418093008e-03
9.999999999999998890e-01 -2.500000000000151298e-04
