9.999999999999998890e-01 2.500000000001761338e-04
9.841340361651920166e-01 2.279626384728812225e-02
9.682720665019324269e-01 4.082822709039554687e-02
9.524180841762578398e-01 5.532235876670190539e-02
9.365760803434354242e-01 6.708018911666834005e-02
9.207500431432115162e-01 7.675223936826350291e-02
9.049439566958173975e-01 8.485978408754644986e-02
8.891618000989889303e-01 9.181449357952820023e-02
8.734075464262507360e-01 9.793602444456253608e-02
8.576851617267149397e-01 1.034676438891850986e-01
8.419986040266501659e-01 1.085899878128236407e-01
8.263518223330695855e-01 1.134330641394115380e-01
8.107487556395898132e-01 1.180866214673278736e-01
7.951933319348093443e-01 1.226090090346320105e-01
7.796894672134594417e-01 1.270346574273433227e-01
7.642410644905727191e-01 1.313803106054059477e-01
7.488520128189207758e-01 1.356501389086194609e-01
7.335261863099650226e-01 1.398398599688289445e-01
7.182674431585703845e-01 1.439399901369149970e-01
7.030796246717250231e-01 1.479383433773378276e-01
6.879665543015128781e-01 1.518218878305752639e-01
6.729320366825783939e-01 1.555780626301168090e-01
6.579798566743311206e-01 1.591956493116039040e-01
6.431137784081281117e-01 1.626652834807086889e-01
6.283375443396724824e-01 1.659796835119192737e-01
6.136548743068714895e-01 1.691336641140351316e-01
5.990694645933862805e-01 1.721239937827673261e-01
5.845849869981135649e-01 1.749491466094886816e-01
5.702050879108284676e-01 1.776089907505785104e-01
5.559333873942259308e-01 1.801044481858938284e-01
5.417734782725895926e-01 1.824371532890390890e-01
5.277289252273172915e-01 1.846091312575614540e-01
5.138032638995313484e-01 1.866225116499712622e-01
5.000000000000001110e-01 1.884792871724348950e-01
4.863226084265935834e-01 1.901811234582032883e-01
4.727745323894976259e-01 1.917292218792133185e-01
4.593591825444023335e-01 1.931242344002541411e-01
4.460799361338897429e-01 1.943662270984410356e-01
4.329401361372292589e-01 1.954546871815674158e-01
4.199430904288018462e-01 1.963885670975353825e-01
4.070920709453594855e-01 1.971663585769455607e-01
3.943903128623333920e-01 1.977861891315199905e-01
3.818410137793947223e-01 1.982459335795585254e-01
3.694473329154774888e-01 1.985433335227665963e-01
3.572123903134606371e-01 1.986761182941186865e-01
3.451392660547150104e-01 1.986421216738578355e-01
3.332309994837083789e-01 1.984393895735938607e-01
3.214905884428678196e-01 1.980662748645610760e-01
3.099209885178879631e-01 1.975215165284025243e-01
2.985251122936787294e-01 1.968043012961728233e-01
2.873058286211370715e-01 1.959143068785625663e-01
2.762659618949298013e-01 1.948517267490202931e-01
2.654082913424666845e-01 1.936172771992590580e-01
2.547355503242452190e-01 1.922121880276388417e-01
2.442504256457417311e-01 1.906381787351703050e-01
2.339555568810219865e-01 1.888974224870170471e-01
2.238535357082431787e-01 1.869925003500882144e-01
2.139469052572124941e-01 1.849263484447946915e-01
2.042381594691679014e-01 1.827022006602559978e-01
1.947297424689413692e-01 1.803235294892990281e-01
1.854240479496642724e-01 1.777939873569424345e-01
1.763234185701672008e-01 1.751173505598611069e-01
1.674301453652287108e-01 1.722974676216696144e-01
1.587464671688187945e-01 1.693382135171636604e-01
1.502745700504856119e-01 1.662434508450062742e-01
1.420165867650229341e-01 1.630169986489935219e-01
1.339745962155614034e-01 1.596626092178982936e-01
1.261506229302150617e-01 1.561839528461825000e-01
1.185466365524179277e-01 1.525846102237900515e-01
1.111645513450765232e-01 1.488680718517518264e-01
1.040062257086641351e-01 1.450377436580790880e-01
9.707346171337882801e-02 1.410969578196398511e-01
9.036800464548166989e-02 1.370489876822909292e-01
8.389154256793041053e-02 1.328970656131664707e-01
7.764570589541863743e-02 1.286444026133245211e-01
7.163206698392743377e-02 1.242942085617632086e-01
6.585213973489323358e-02 1.198497120474394523e-01
6.030737921409157209e-02 1.153141788674565682e-01
5.499918128533154427e-02 1.106909284192538340e-01
4.992888225905456334e-02 1.059833473841322177e-01
4.509775855592612626e-02 1.011949002802802755e-01
4.050702638550263135e-02 9.632913664727059400e-02
3.615784144005795842e-02 9.138969480286755764e-02
3.205129860364375194e-02 8.638030227969821506e-02
2.818843167645834757e-02 8.130477319764822797e-02
2.457021311459295365e-02 7.616700295260034337e-02
2.119755378522125699e-02 7.097096069947736452e-02
1.807130273729329328e-02 6.572068017495465153e-02
1.519224698779197968e-02 6.042024944153789184e-02
1.256111132360571148e-02 5.507380014017564107e-02
1.017855811906731578e-02 4.968549681471114837e-02
8.045187169204659483e-03 4.425952682096202101e-02
6.161535538745877005e-03 3.880009125977645218e-02
4.528077426915411152e-03 3.331139728158911961e-02
3.145224048057615462e-03 2.779765200500471101e-02
2.013323528115562588e-03 2.226305817930536793e-02
1.132660816992037134e-03 1.671181160630124535e-02
5.034576168149174080e-04 1.114810022624750270e-02
1.258723261249317105e-04 5.576104670999106235e-03
0.000000000000000000e+00 0.000000000000000000e+00
1.258723261249317105e-04 -5.416625020468031348e-03
5.034576168149174080e-04 -1.082121237911267721e-02
1.132660816992037134e-03 -1.620180725737412411e-02
2.013323528115562588e-03 -2.154674244487089427e-02
3.145224048057615462e-03 -2.684477235838628531e-02
4.528077426915411152e-03 -3.208519565065975215e-02
6.161535538745877005e-03 -3.725796316307551648e-02
8.045187169204659483e-03 -4.235376843151333198e-02
1.017855811906731578e-02 -4.736411849603156671e-02
1.256111132360571148e-02 -5.228138337557557830e-02
1.519224698779197968e-02 -5.709882322920793035e-02
1.807130273729329328e-02 -6.181059291443319337e-02
2.119755378522125699e-02 -6.641172434912520628e-02
2.457021311459295365e-02 -7.089808776405744084e-02
2.818843167645834757e-02 -7.526633357626288934e-02
3.205129860364375194e-02 -7.951381719862445074e-02
3.615784144005795842e-02 -8.363850960922142308e-02
4.050702638550263135e-02 -8.763889691839112095e-02
4.509775855592612626e-02 -9.151387247849829265e-02
4.992888225905456334e-02 -9.526262527071377439e-02
5.499918128533154427e-02 -9.888452836813178826e-02
6.030737921409157209e-02 -1.023790312127528940e-01
6.585213973489323358e-02 -1.057455592568390945e-01
7.163206698392743377e-02 -1.089834242126707792e-01
7.764570589541863743e-02 -1.120917477386144528e-01
8.389154256793041053e-02 -1.150694008772308596e-01
9.036800464548166989e-02 -1.179149609699186724e-01
9.707346171337882801e-02 -1.206266871222197307e-01
1.040062257086641351e-01 -1.232025146066418886e-01
1.111645513450765232e-01 -1.256400678895571166e-01
1.185466365524179277e-01 -1.279366912801564171e-01
1.261506229302150617e-01 -1.300894955474029835e-01
1.339745962155614034e-01 -1.320954182594782089e-01
1.420165867650229341e-01 -1.339512950918160528e-01
1.502745700504856119e-01 -1.356539389445105270e-01
1.587464671688187945e-01 -1.372002234245328633e-01
1.674301453652287108e-01 -1.385871670958042368e-01
1.763234185701672008e-01 -1.398120148892897929e-01
1.854240479496642724e-01 -1.408723131995311129e-01
1.947297424689413692e-01 -1.417659754717784659e-01
2.042381594691679014e-01 -1.424913354980630598e-01
2.139469052572124941e-01 -1.430471861786657695e-01
2.238535357082431787e-01 -1.434328021497472405e-01
2.339555568810219865e-01 -1.436479454057622840e-01
2.442504256457417311e-01 -1.436928538296995683e-01
2.547355503242452190e-01 -1.435682133545458372e-01
2.654082913424666845e-01 -1.432751152823046603e-01
2.762659618949298013e-01 -1.428150010473422660e-01
2.873058286211370715e-01 -1.421895973931633084e-01
2.985251122936787294e-01 -1.414008455010725696e-01
3.099209885178879631e-01 -1.404508280327351755e-01
3.214905884428678196e-01 -1.393416982970557272e-01
3.332309994837083789e-01 -1.380756158005553291e-01
3.451392660547150104e-01 -1.366546922712007783e-01
3.572123903134606371e-01 -1.350809518475976356e-01
3.694473329154774888e-01 -1.333563084963591550e-01
3.818410137793947223e-01 -1.314825628677211700e-01
3.943903128623333920e-01 -1.294614197409034440e-01
4.070920709453594855e-01 -1.272945259751702696e-01
4.199430904288018462e-01 -1.249835275101358195e-01
4.329401361372292589e-01 -1.225301425010675710e-01
4.460799361338897429e-01 -1.199362461942078267e-01
4.593591825444023335e-01 -1.172039617163081193e-01
4.727745323894976259e-01 -1.143357496538528612e-01
4.863226084265935834e-01 -1.113344882211051712e-01
5.000000000000001110e-01 -1.082035350587613048e-01
5.138032638995313484e-01 -1.049467613676545591e-01
5.277289252273172915e-01 -1.015685492676535046e-01
5.417734782725895926e-01 -9.807374408319523285e-02
5.559333873942259308e-01 -9.446755479296245483e-02
5.702050879108284676e-01 -9.075539823491517166e-02
5.845849869981135649e-01 -8.694268591258180745e-02
5.990694645933862805e-01 -8.303455647488940106e-02
6.136548743068714895e-01 -7.903556219464584476e-02
6.283375443396724824e-01 -7.494932408582417882e-02
6.431137784081281117e-01 -7.077817769073768694e-02
6.579798566743311206e-01 -6.652284002391167794e-02
6.729320366825783939e-01 -6.218213764151842710e-02
6.879665543015128781e-01 -5.775284624579713616e-02
7.030796246717250231e-01 -5.322970353398506077e-02
7.182674431585703845e-01 -4.860566902976844184e-02
7.335261863099650226e-01 -4.387251722812358923e-02
7.488520128189207758e-01 -3.902186334491955511e-02
7.642410644905727191e-01 -3.404673406203579528e-02
7.796894672134594417e-01 -2.894380863767297488e-02
7.951933319348093443e-01 -2.371646832231122382e-02
8.107487556395898132e-01 -1.837880387023757556e-02
8.263518223330695855e-01 -1.296074172982578793e-02
8.419986040266501659e-01 -7.514458880531104529e-03
8.576851617267149397e-01 -2.122263896350494797e-03
8.734075464262507360e-01 3.093872716747676516e-03
8.891618000989889303e-01 7.960952909408201827e-03
9.049439566958173975e-01 1.224156413078240392e-02
9.207500431432115162e-01 1.561828810883970908e-02
9.365760803434354242e-01 1.767572917177786737e-02
9.524180841762578398e-01 1.787999649061457544e-02
9.682720665019324269e-01 1.555548932337979390e-02
9.841340361651920166e-01 9.858853382985607525e-03
9.999999999999998890e-01 -2.499999999999109922e-04
