9.999999999999998890e-01 2.500000000001127622e-04
9.841340361651920166e-01 1.605849834172758117e-02
9.682720665019324269e-01 3.130064038194924764e-02
9.524180841762578398e-01 4.604523005002005703e-02
9.365760803434354242e-01 6.033947035171081247e-02
9.207500431432115162e-01 7.421354551041210723e-02
9.049439566958173975e-01 8.768459849159705721e-02
8.891618000989889303e-01 1.007601380467352398e-01
8.734075464262507360e-01 1.134409133069015502e-01
8.576851617267149397e-01 1.257232968743193791e-01
8.419986040266501659e-01 1.376012193493233449e-01
8.263518223330695855e-01 1.490676993485652302e-01
8.107487556395898132e-01 1.601160133843604616e-01
7.951933319348093443e-01 1.707405495586649669e-01
7.796894672134594417e-01 1.809373879574245891e-01
7.642410644905727191e-01 1.907046489947939738e-01
7.488520128189207758e-01 2.000426488368236000e-01
7.335261863099650226e-01 2.089538985159967166e-01
7.182674431585703845e-01 2.174429805157462592e-01
7.030796246717250231e-01 2.255163335397558089e-01
6.879665543015128781e-01 2.331819729627699900e-01
6.729320366825783939e-01 2.404491711615294736e-01
6.579798566743311206e-01 2.473281186144055122e-01
6.431137784081281117e-01 2.538295833981729643e-01
6.283375443396724824e-01 2.599645835550193906e-01
6.136548743068714895e-01 2.657440837999514582e-01
5.990694645933862805e-01 2.711787252282701899e-01
5.845849869981135649e-01 2.762785940971063670e-01
5.702050879108284676e-01 2.810530334189363932e-01
5.559333873942259308e-01 2.855104990358870443e-01
5.417734782725895926e-01 2.896584600517961294e-01
5.277289252273172915e-01 2.935033419880223593e-01
5.138032638995313484e-01 2.970505097964228902e-01
5.000000000000001110e-01 3.003042869006860571e-01
4.863226084265935834e-01 3.032680057324556588e-01
4.727745323894976259e-01 3.059440847643682959e-01
4.593591825444023335e-01 3.083341267978156330e-01
4.460799361338897429e-01 3.104390332158368793e-01
4.329401361372292589e-01 3.122591290360375305e-01
4.199430904288018462e-01 3.137942938686206773e-01
4.070920709453594855e-01 3.150440942738050309e-01
3.943903128623333920e-01 3.160079134945505408e-01
3.818410137793947223e-01 3.166850750888003385e-01
3.694473329154774888e-01 3.170749575758374794e-01
3.572123903134606371e-01 3.171770978210116110e-01
3.451392660547150104e-01 3.169912814912868027e-01
3.332309994837083789e-01 3.165176195024606010e-01
3.214905884428678196e-01 3.157566099317736796e-01
3.099209885178879631e-01 3.147091853740189293e-01
2.985251122936787294e-01 3.133767461649990538e-01
2.873058286211370715e-01 3.117611802759476247e-01
2.762659618949298013e-01 3.098648709917037891e-01
2.654082913424666845e-01 3.076906937220012517e-01
2.547355503242452190e-01 3.052420034595875742e-01
2.442504256457417311e-01 3.025226144935838080e-01
2.339555568810219865e-01 2.995367740159758374e-01
2.238535357082431787e-01 2.962891312294322343e-01
2.139469052572124941e-01 2.927847034830982076e-01
2.042381594691679014e-01 2.890288408378667295e-01
1.947297424689413692e-01 2.850271903027797316e-01
1.854240479496642724e-01 2.807856607988407638e-01
1.763234185701672008e-01 2.763103897048081459e-01
1.674301453652287108e-01 2.716077116304069228e-01
1.587464671688187945e-01 2.666841298541974825e-01
1.502745700504856119e-01 2.615462906637045504e-01
1.420165867650229341e-01 2.562009606510234350e-01
1.339745962155614034e-01 2.506550068535862152e-01
1.261506229302150617e-01 2.449153794915334414e-01
1.185466365524179277e-01 2.389890969433859647e-01
1.111645513450765232e-01 2.328832325223952060e-01
1.040062257086641351e-01 2.266049025677776552e-01
9.707346171337882801e-02 2.201612553475492395e-01
9.036800464548166989e-02 2.135594602812918297e-01
8.389154256793041053e-02 2.068066970294048235e-01
7.764570589541863743e-02 1.999101440568396282e-01
7.163206698392743377e-02 1.928769663599570472e-01
6.585213973489323358e-02 1.857143021404687178e-01
6.030737921409157209e-02 1.784292483155492937e-01
5.499918128533154427e-02 1.710288448631671065e-01
4.992888225905456334e-02 1.635200581115084650e-01
4.509775855592612626e-02 1.559097631863279876e-01
4.050702638550263135e-02 1.482047259257374683e-01
3.615784144005795842e-02 1.404115846544917168e-01
3.205129860364375194e-02 1.325368322759230832e-01
2.818843167645834757e-02 1.245867991867861679e-01
2.457021311459295365e-02 1.165676375465699022e-01
2.119755378522125699e-02 1.084853074373570009e-01
1.807130273729329328e-02 1.003455654328706537e-01
1.519224698779197968e-02 9.215395605661680367e-02
1.256111132360571148e-02 8.391580655040313530e-02
1.017855811906731578e-02 7.563622529811862838e-02
8.045187169204659483e-03 6.732010415822045624e-02
6.161535538745877005e-03 5.897212485515399005e-02
4.528077426915411152e-03 5.059676946854407137e-02
3.145224048057615462e-03 4.219833494339226415e-02
2.013323528115562588e-03 3.378095142865827211e-02
1.132660816992037134e-03 2.534860413958663419e-02
5.034576168149174080e-04 1.690515833478940799e-02
1.258723261249317105e-04 8.454386906021477827e-03
0.000000000000000000e+00 0.000000000000000000e+00
1.258723261249317105e-04 -8.034676153169313315e-03
5.034576168149174080e-04 -1.604868468944903662e-02
1.132660816992037134e-03 -2.402154096275389492e-02
2.013323528115562588e-03 -3.193324614148455864e-02
3.145224048057615462e-03 -3.976451525481562027e-02
4.528077426915411152e-03 -4.749698786589673372e-02
6.161535538745877005e-03 -5.511341634906253423e-02
8.045187169204659483e-03 -6.259782737812907838e-02
1.017855811906731578e-02 -6.993565298570739164e-02
1.256111132360571148e-02 -7.711382840755756640e-02
1.519224698779197968e-02 -8.412085485676031038e-02
1.807130273729329328e-02 -9.094682635300944951e-02
2.119755378522125699e-02 -9.758342073433906583e-02
2.457021311459295365e-02 -1.040238559729898815e-01
2.818843167645834757e-02 -1.102628138750164771e-01
3.205129860364375194e-02 -1.162963341366644726e-01
3.615784144005795842e-02 -1.221216825333319850e-01
4.050702638550263135e-02 -1.277371977054167773e-01
4.509775855592612626e-02 -1.331421215591317431e-01
4.992888225905456334e-02 -1.383364187028743031e-01
5.499918128533154427e-02 -1.433205905787765522e-01
6.030737921409157209e-02 -1.480954900171924105e-01
6.585213973489323358e-02 -1.526621418367073157e-01
7.163206698392743377e-02 -1.570215748365078323e-01
7.764570589541863743e-02 -1.611746700895359818e-01
8.389154256793041053e-02 -1.651220298566039857e-01
9.036800464548166989e-02 -1.688638707210902978e-01
9.707346171337882801e-02 -1.723999437126999823e-01
1.040062257086641351e-01 -1.757294832724155265e-01
1.111645513450765232e-01 -1.788511859374816437e-01
1.185466365524179277e-01 -1.817632186255245530e-01
1.261506229302150617e-01 -1.844632554024118465e-01
1.339745962155614034e-01 -1.869485406612963474e-01
1.420165867650229341e-01 -1.892159757519145946e-01
1.502745700504856119e-01 -1.912622253094900249e-01
1.587464671688187945e-01 -1.930838388688885798e-01
1.674301453652287108e-01 -1.946773828358767944e-01
1.763234185701672008e-01 -1.960395775431122978e-01
1.854240479496642724e-01 -1.971674339584980895e-01
1.947297424689413692e-01 -1.980583846468322307e-01
2.042381594691679014e-01 -1.987104038152776864e-01
2.139469052572124941e-01 -1.991221116957093973e-01
2.238535357082431787e-01 -1.992928591226191259e-01
2.339555568810219865e-01 -1.992227889376875505e-01
2.442504256457417311e-01 -1.989128717689168935e-01
2.547355503242452190e-01 -1.983649147651588562e-01
2.654082913424666845e-01 -1.975815429826769110e-01
2.762659618949298013e-01 -1.965661542814665375e-01
2.873058286211370715e-01 -1.953228497545299314e-01
2.985251122936787294e-01 -1.938563428400935651e-01
3.099209885178879631e-01 -1.921718513108582882e-01
3.214905884428678196e-01 -1.902749772522069338e-01
3.332309994837083789e-01 -1.881715808911119947e-01
3.451392660547150104e-01 -1.858676546808041008e-01
3.572123903134606371e-01 -1.833692043493437285e-01
3.694473329154774888e-01 -1.806821436554218174e-01
3.818410137793947223e-01 -1.778122093418069150e-01
3.943903128623333920e-01 -1.747649022242426520e-01
4.070920709453594855e-01 -1.715454594993588711e-01
4.199430904288018462e-01 -1.681588622078150352e-01
4.329401361372292589e-01 -1.646098803681121381e-01
4.460799361338897429e-01 -1.609031566333600227e-01
4.593591825444023335e-01 -1.570433274603891538e-01
4.727745323894976259e-01 -1.530351787718297329e-01
4.863226084265935834e-01 -1.488838310017731870e-01
5.000000000000001110e-01 -1.445949463188515305e-01
5.138032638995313484e-01 -1.401749488001869659e-01
5.277289252273172915e-01 -1.356312464759724390e-01
5.417734782725895926e-01 -1.309724425731431108e-01
5.559333873942259308e-01 -1.262085220566277199e-01
5.702050879108284676e-01 -1.213509987979673327e-01
5.845849869981135649e-01 -1.164130084920058789e-01
5.990694645933862805e-01 -1.114093328869895233e-01
6.136548743068714895e-01 -1.063563420788156133e-01
6.283375443396724824e-01 -1.012718436234624902e-01
6.431137784081281117e-01 -9.617483010718748393e-02
6.579798566743311206e-01 -9.108512063071191878e-02
6.729320366825783939e-01 -8.602289644193988893e-02
6.879665543015128781e-01 -8.100813670175852077e-02
7.030796246717250231e-01 -7.605996707627842024e-02
7.182674431585703845e-01 -7.119594147896647629e-02
7.335261863099650226e-01 -6.643128577380631727e-02
7.488520128189207758e-01 -6.177814150507104918e-02
7.642410644905727191e-01 -5.724485762200192535e-02
7.796894672134594417e-01 -5.283538857150390372e-02
7.951933319348093443e-01 -4.854886786572107371e-02
8.107487556395898132e-01 -4.437943709501057654e-02
8.263518223330695855e-01 -4.031642112736765621e-02
8.419986040266501659e-01 -3.634495066814457526e-02
8.576851617267149397e-01 -3.244714318581787965e-02
8.734075464262507360e-01 -2.860396216254926932e-02
8.891618000989889303e-01 -2.479788241362856568e-02
9.049439566958173975e-01 -2.101649554284324567e-02
9.207500431432115162e-01 -1.725719416581947621e-02
9.365760803434354242e-01 -1.353307604953830207e-02
9.524180841762578398e-01 -9.880209503202529164e-03
9.682720665019324269e-01 -6.366398949638690276e-03
9.841340361651920166e-01 -3.101584366442705718e-03
9.999999999999998890e-01 -2.500000000000180030e-04
