9.999999999999998890e-01 2.500000000000846272e-04
9.841340361651920166e-01 1.077464830551226604e-02
9.682720665019324269e-01 1.861533672542945231e-02
9.524180841762578398e-01 2.437329131818064681e-02
9.365760803434354242e-01 2.853951822449289633e-02
9.207500431432115162e-01 3.151037974438352512e-02
9.049439566958173975e-01 3.360168430159164027e-02
8.891618000989889303e-01 3.506133346031840153e-02
8.734075464262507360e-01 3.608058223800092446e-02
8.576851617267149397e-01 3.680397982739057328e-02
8.419986040266501659e-01 3.733806656171896610e-02
8.263518223330695855e-01 3.775890961542795882e-02
8.107487556395898132e-01 3.811856464051788240e-02
7.951933319348093443e-01 3.845055342566303103e-02
7.796894672134594417e-01 3.877444887875403784e-02
7.642410644905727191e-01 3.909965833297546212e-02
7.488520128189207758e-01 3.942849453045114971e-02
7.335261863099650226e-01 3.975862081996115599e-02
7.182674431585703845e-01 4.008495329252664829e-02
7.030796246717250231e-01 4.040109794614105132e-02
6.879665543015128781e-01 4.070039569017798453e-02
6.729320366825783939e-01 4.097664223625661212e-02
6.579798566743311206e-01 4.122454383216314633e-02
6.431137784081281117e-01 4.143996352479831918e-02
6.283375443396724824e-01 4.162000632081590268e-02
6.136548743068714895e-01 4.176298536993056781e-02
5.990694645933862805e-01 4.186830523170246426e-02
5.845849869981135649e-01 4.193629249285630439e-02
5.702050879108284676e-01 4.196799855451948530e-02
5.559333873942259308e-01 4.196499436761127327e-02
5.417734782725895926e-01 4.192917230554194657e-02
5.277289252273172915e-01 4.186256625763779687e-02
5.138032638995313484e-01 4.176719742205034502e-02
5.000000000000001110e-01 4.164495017859288356e-02
4.863226084265935834e-01 4.149747982389843243e-02
4.727745323894976259e-01 4.132615183738808096e-02
4.593591825444023335e-01 4.113201069199058646e-02
4.460799361338897429e-01 4.091577499634421744e-02
4.329401361372292589e-01 4.067785491755213090e-02
4.199430904288018462e-01 4.041838734334221583e-02
4.070920709453594855e-01 4.013728405468437038e-02
3.943903128623333920e-01 3.983428824796172996e-02
3.818410137793947223e-01 3.950903502279694279e-02
3.694473329154774888e-01 3.916111189156846334e-02
3.572123903134606371e-01 3.879011592535494546e-02
3.451392660547150104e-01 3.839570478712392432e-02
3.332309994837083789e-01 3.797763957853984851e-02
3.214905884428678196e-01 3.753581810800326463e-02
3.099209885178879631e-01 3.707029784517293369e-02
2.985251122936787294e-01 3.658130843679881922e-02
2.873058286211370715e-01 3.606925420068655963e-02
2.762659618949298013e-01 3.553470747444907596e-02
2.654082913424666845e-01 3.497839406362093784e-02
2.547355503242452190e-01 3.440117230453067915e-02
2.442504256457417311e-01 3.380400743009369380e-02
2.339555568810219865e-01 3.318794300425348398e-02
2.238535357082431787e-01 3.255407117932755667e-02
2.139469052572124941e-01 3.190350343894124419e-02
2.042381594691679014e-01 3.123734332869453068e-02
1.947297424689413692e-01 3.055666245995316763e-02
1.854240479496642724e-01 2.986248081296949408e-02
1.763234185701672008e-01 2.915575207816642825e-02
1.674301453652287108e-01 2.843735447304741176e-02
1.587464671688187945e-01 2.770808717045246741e-02
1.502745700504856119e-01 2.696867218441413236e-02
1.420165867650229341e-01 2.621976129396372604e-02
1.339745962155614034e-01 2.546194735253519761e-02
1.261506229302150617e-01 2.469577913886200973e-02
1.185466365524179277e-01 2.392177876018519375e-02
1.111645513450765232e-01 2.314046052380143784e-02
1.040062257086641351e-01 2.235235014998281436e-02
9.707346171337882801e-02 2.155800320755602018e-02
9.036800464548166989e-02 2.075802171048294481e-02
8.389154256793041053e-02 1.995306791545301689e-02
7.764570589541863743e-02 1.914387450109684280e-02
7.163206698392743377e-02 1.833125048204834601e-02
6.585213973489323358e-02 1.751608240787564524e-02
6.030737921409157209e-02 1.669933060940510458e-02
5.499918128533154427e-02 1.588202047442150225e-02
4.992888225905456334e-02 1.506522895240206168e-02
4.509775855592612626e-02 1.425006669542102158e-02
4.050702638550263135e-02 1.343765643184107600e-02
3.615784144005795842e-02 1.262910833394988858e-02
3.205129860364375194e-02 1.182549327443527427e-02
2.818843167645834757e-02 1.102781496491473875e-02
2.457021311459295365e-02 1.023698202940568659e-02
2.119755378522125699e-02 9.453781084868908419e-03
1.807130273729329328e-02 8.678851879486842308e-03
1.519224698779197968e-02 7.912665478324927559e-03
1.256111132360571148e-02 7.155506388036601828e-03
1.017855811906731578e-02 6.407459381160963800e-03
8.045187169204659483e-03 5.668401621305324024e-03
6.161535538745877005e-03 4.938000509021231096e-03
4.528077426915411152e-03 4.215717471114270760e-03
3.145224048057615462e-03 3.500817710609211483e-03
2.013323528115562588e-03 2.792385727987988994e-03
1.132660816992037134e-03 2.089346223990583198e-03
5.034576168149174080e-04 1.390489807304342044e-03
1.258723261249317105e-04 6.945027634535849096e-04
0.000000000000000000e+00 0.000000000000000000e+00
1.258723261249317105e-04 -5.988150611758038351e-04
5.034576168149174080e-04 -1.194357271985012478e-03
1.132660816992037134e-03 -1.783343866387148606e-03
2.013323528115562588e-03 -2.362596608950657921e-03
3.145224048057615462e-03 -2.929090302737298417e-03
4.528077426915411152e-03 -3.479996917668621171e-03
6.161535538745877005e-03 -4.012724106074130014e-03
8.045187169204659483e-03 -4.524947056568583668e-03
1.017855811906731578e-02 -5.014632856166794349e-03
1.256111132360571148e-02 -5.480056776311721146e-03
1.519224698779197968e-02 -5.919810163033550378e-03
1.807130273729329328e-02 -6.332799885878362053e-03
2.119755378522125699e-02 -6.718239575285530132e-03
2.457021311459295365e-02 -7.075633144416245031e-03
2.818843167645834757e-02 -7.404751339952077120e-03
3.205129860364375194e-02 -7.705602288540565337e-03
3.615784144005795842e-02 -7.978397193647433078e-03
4.050702638550263135e-02 -8.223512484963699937e-03
4.509775855592612626e-02 -8.441449823924718557e-03
4.992888225905456334e-02 -8.632795420570641212e-03
5.499918128533154427e-02 -8.798180116834343478e-03
6.030737921409157209e-02 -8.938241639078092077e-03
6.585213973489323358e-02 -9.053590319824798838e-03
7.163206698392743377e-02 -9.144779438450661643e-03
7.764570589541863743e-02 -9.212281138153449733e-03
8.389154256793041053e-02 -9.256468648398460258e-03
9.036800464548166989e-02 -9.277605286283137354e-03
9.707346171337882801e-02 -9.275840436014025706e-03
1.040062257086641351e-01 -9.251212422984357586e-03
1.111645513450765232e-01 -9.203657918346389022e-03
1.185466365524179277e-01 -9.133027242244445149e-03
1.261506229302150617e-01 -9.039104689583158866e-03
1.339745962155614034e-01 -8.921632791353851025e-03
1.420165867650229341e-01 -8.780339256194962666e-03
1.502745700504856119e-01 -8.614965218781264408e-03
1.587464671688187945e-01 -8.425293359953454561e-03
1.674301453652287108e-01 -8.211174462420761308e-03
1.763234185701672008e-01 -7.972551027440048094e-03
1.854240479496642724e-01 -7.709476701795509555e-03
1.947297424689413692e-01 -7.422130447923673720e-03
2.042381594691679014e-01 -7.110824627913227454e-03
2.139469052572124941e-01 -6.776006456689590007e-03
2.238535357082431787e-01 -6.418252601002794565e-03
2.339555568810219865e-01 -6.038257046832379120e-03
2.442504256457417311e-01 -5.636812714695680834e-03
2.547355503242452190e-01 -5.214787654911160267e-03
2.654082913424666845e-01 -4.773096987029664708e-03
2.762659618949298013e-01 -4.312672042927373495e-03
2.873058286211370715e-01 -3.834428415186433379e-03
2.985251122936787294e-01 -3.339234785941602116e-03
3.099209885178879631e-01 -2.827884502403905497e-03
3.214905884428678196e-01 -2.301071862005816138e-03
3.332309994837083789e-01 -1.759374963581290460e-03
3.451392660547150104e-01 -1.203246765678094542e-03
3.572123903134606371e-01 -6.330156675055900913e-04
3.694473329154774888e-01 -4.889649519505249211e-05
3.818410137793947223e-01 5.489877559934429980e-04
3.943903128623333920e-01 1.160573690841082721e-03
4.070920709453594855e-01 1.785815747119480273e-03
4.199430904288018462e-01 2.424636572582896440e-03
4.329401361372292589e-01 3.076871967109913539e-03
4.460799361338897429e-01 3.742213529919862641e-03
4.593591825444023335e-01 4.420152808784721596e-03
4.727745323894976259e-01 5.109931299335125979e-03
4.863226084265935834e-01 5.810501040481627633e-03
5.000000000000001110e-01 6.520500746692670622e-03
5.138032638995313484e-01 7.238252358007677030e-03
5.277289252273172915e-01 7.961782522639676909e-03
5.417734782725895926e-01 8.688872804404843345e-03
5.559333873942259308e-01 9.417141280193084413e-03
5.702050879108284676e-01 1.014415661759693679e-02
5.845849869981135649e-01 1.086758366172745939e-02
5.990694645933862805e-01 1.158535698259830111e-02
6.136548743068714895e-01 1.229587571864157979e-02
6.283375443396724824e-01 1.299820938681490491e-02
6.431137784081281117e-01 1.369230011620762959e-02
6.579798566743311206e-01 1.437914201417669555e-02
6.729320366825783939e-01 1.506091312040549156e-02
6.879665543015128781e-01 1.574102968885035536e-02
7.030796246717250231e-01 1.642408642041121372e-02
7.182674431585703845e-01 1.711563982698761227e-02
7.335261863099650226e-01 1.782178523372440759e-02
7.488520128189207758e-01 1.854847113058964714e-02
7.642410644905727191e-01 1.930048779281789278e-02
7.796894672134594417e-01 2.008006044312339936e-02
7.951933319348093443e-01 2.088497088165527579e-02
8.107487556395898132e-01 2.170612562927209943e-02
8.263518223330695855e-01 2.252448339279226885e-02
8.419986040266501659e-01 2.330725025205388976e-02
8.576851617267149397e-01 2.400324757747052465e-02
8.734075464262507360e-01 2.453735550476936547e-02
8.891618000989889303e-01 2.480393401076796955e-02
9.049439566958173975e-01 2.465912443538587420e-02
9.207500431432115162e-01 2.391193685680395933e-02
9.365760803434354242e-01 2.231403321228360437e-02
9.524180841762578398e-01 1.954812261347226715e-02
9.682720665019324269e-01 1.521489405821832737e-02
9.841340361651920166e-01 8.818422792575568783e-03
9.999999999999998890e-01 -2.499999999999255205e-04
