9.999999999999998890e-01 2.500000000001389457e-04
9.841340361651920166e-01 1.903938103270518337e-02
9.682720665019324269e-01 3.594287527789345044e-02
9.524180841762578398e-01 5.130110936529370252e-02
9.365760803434354242e-01 6.540185032270895427e-02
9.207500431432115162e-01 7.848561093343543738e-02
9.049439566958173975e-01 9.075099261629093750e-02
8.891618000989889303e-01 1.023597370409936869e-01
8.734075464262507360e-01 1.134414636407302807e-01
8.576851617267149397e-01 1.240980759655961052e-01
8.419986040266501659e-01 1.344078253714138249e-01
8.263518223330695855e-01 1.444290258008498751e-01
8.107487556395898132e-01 1.542034183372130718e-01
7.951933319348093443e-01 1.637591887526491374e-01
7.796894672134594417e-01 1.731136453960121502e-01
7.642410644905727191e-01 1.822755684436823120e-01
7.488520128189207758e-01 1.912472447489803884e-01
7.335261863099650226e-01 2.000262052603661855e-01
7.182674431585703845e-01 2.086066842306110170e-01
7.030796246717250231e-01 2.169808212112456780e-01
6.879665543015128781e-01 2.251396281283007950e-01
6.729320366825783939e-01 2.330737445826618903e-01
6.579798566743311206e-01 2.407740049330552579e-01
6.431137784081281117e-01 2.482318407288622852e-01
6.283375443396724824e-01 2.554395416952504605e-01
6.136548743068714895e-01 2.623903977699897916e-01
5.990694645933862805e-01 2.690787436883607109e-01
5.845849869981135649e-01 2.754999263506008322e-01
5.702050879108284676e-01 2.816502137277881457e-01
5.559333873942259308e-01 2.875266624100468182e-01
5.417734782725895926e-01 2.931269591186533852e-01
5.277289252273172915e-01 2.984492496334404388e-01
5.138032638995313484e-01 3.034919666698892571e-01
5.000000000000001110e-01 3.082536663155256984e-01
4.863226084265935834e-01 3.127328807391366872e-01
4.727745323894976259e-01 3.169279930523301037e-01
4.593591825444023335e-01 3.208371384610040900e-01
4.460799361338897429e-01 3.244581342204856944e-01
4.329401361372292589e-01 3.277884394245117461e-01
4.199430904288018462e-01 3.308251443326692409e-01
4.070920709453594855e-01 3.335649877868835378e-01
3.943903128623333920e-01 3.360044002942134678e-01
3.818410137793947223e-01 3.381395695654867417e-01
3.694473329154774888e-01 3.399665246979993727e-01
3.572123903134606371e-01 3.414812347725318387e-01
3.451392660547150104e-01 3.426797173936037555e-01
3.332309994837083789e-01 3.435581526272605268e-01
3.214905884428678196e-01 3.441129978698974634e-01
3.099209885178879631e-01 3.443410993993954450e-01
2.985251122936787294e-01 3.442397966988157698e-01
2.873058286211370715e-01 3.438070160842459089e-01
2.762659618949298013e-01 3.430413506921340949e-01
2.654082913424666845e-01 3.419421244671019822e-01
2.547355503242452190e-01 3.405094384181122091e-01
2.442504256457417311e-01 3.387441980586987089e-01
2.339555568810219865e-01 3.366481215961636408e-01
2.238535357082431787e-01 3.342237290668069183e-01
2.139469052572124941e-01 3.314743132124597369e-01
2.042381594691679014e-01 3.284038934427215284e-01
1.947297424689413692e-01 3.250171547142968742e-01
1.854240479496642724e-01 3.213193735728792633e-01
1.763234185701672008e-01 3.173163339357222279e-01
1.674301453652287108e-01 3.130142354384513048e-01
1.587464671688187945e-01 3.084195973243816780e-01
1.502745700504856119e-01 3.035391609176940064e-01
1.420165867650229341e-01 2.983797936947525931e-01
1.339745962155614034e-01 2.929483978543833689e-01
1.261506229302150617e-01 2.872518260939042611e-01
1.185466365524179277e-01 2.812968070308525803e-01
1.111645513450765232e-01 2.750898823800215220e-01
1.040062257086641351e-01 2.686373576123141649e-01
9.707346171337882801e-02 2.619452673977809010e-01
9.036800464548166989e-02 2.550193566824828229e-01
8.389154256793041053e-02 2.478650777803903249e-01
7.764570589541863743e-02 2.404876033903134702e-01
7.163206698392743377e-02 2.328918549865601761e-01
6.585213973489323358e-02 2.250825455927667751e-01
6.030737921409157209e-02 2.170642355424645120e-01
5.499918128533154427e-02 2.088413994676291963e-01
4.992888225905456334e-02 2.004185024466432763e-01
4.509775855592612626e-02 1.918000829931429396e-01
4.050702638550263135e-02 1.829908403828735264e-01
3.615784144005795842e-02 1.739957237009176483e-01
3.205129860364375194e-02 1.648200199485835016e-01
2.818843167645834757e-02 1.554694385781694999e-01
2.457021311459295365e-02 1.459501899231578637e-01
2.119755378522125699e-02 1.362690551578392695e-01
1.807130273729329328e-02 1.264334456489251413e-01
1.519224698779197968e-02 1.164514498458791292e-01
1.256111132360571148e-02 1.063318661886391431e-01
1.017855811906731578e-02 9.608422088214106649e-02
8.045187169204659483e-03 8.571876978671376379e-02
6.161535538745877005e-03 7.524648409148765316e-02
4.528077426915411152e-03 6.467901986350613197e-02
3.145224048057615462e-03 5.402867198729217196e-02
2.013323528115562588e-03 4.330831341724867417e-02
1.132660816992037134e-03 3.253132104811359143e-02
5.034576168149174080e-04 2.171148985692422997e-02
1.258723261249317105e-04 1.086293727473808257e-02
0.000000000000000000e+00 0.000000000000000000e+00
1.258723261249317105e-04 -1.079914542452970611e-02
5.034576168149174080e-04 -2.158073473765625278e-02
1.132660816992037134e-03 -3.232731933688322290e-02
2.013323528115562588e-03 -4.302178715937051562e-02
3.145224048057615462e-03 -5.364752017057246303e-02
4.528077426915411152e-03 -6.418853925730866328e-02
6.161535538745877005e-03 -7.462963290125268490e-02
8.045187169204659483e-03 -8.495646647956563158e-02
1.017855811906731578e-02 -9.515566960137689101e-02
1.256111132360571148e-02 -1.052148995255360042e-01
1.519224698779197968e-02 -1.151228793978138210e-01
1.807130273729329328e-02 -1.248694107740413312e-01
2.119755378522125699e-02 -1.344453606381091071e-01
2.457021311459295365e-02 -1.438426238582250771e-01
2.818843167645834757e-02 -1.530540627295678691e-01
3.205129860364375194e-02 -1.620734259054066317e-01
3.615784144005795842e-02 -1.708952496022950740e-01
4.050702638550263135e-02 -1.795147444604707210e-01
4.509775855592612626e-02 -1.879276718330460394e-01
4.992888225905456334e-02 -1.961302135548961545e-01
5.499918128533154427e-02 -2.041188393956693548e-01
6.030737921409157209e-02 -2.118901764260607556e-01
6.585213973489323358e-02 -2.194408844212857312e-01
7.163206698392743377e-02 -2.267675411933368912e-01
7.764570589541863743e-02 -2.338665413908541379e-01
8.389154256793041053e-02 -2.407340118426922193e-01
9.036800464548166989e-02 -2.473657459624895860e-01
9.707346171337882801e-02 -2.537571590937729438e-01
1.040062257086641351e-01 -2.599032659780454724e-01
1.111645513450765232e-01 -2.657986807936875695e-01
1.185466365524179277e-01 -2.714376394645724444e-01
1.261506229302150617e-01 -2.768140431980562477e-01
1.339745962155614034e-01 -2.819215215064909685e-01
1.420165867650229341e-01 -2.867535123179633105e-01
1.502745700504856119e-01 -2.913033562124860976e-01
1.587464671688187945e-01 -2.955644013490973943e-01
1.674301453652287108e-01 -2.995301152941633460e-01
1.763234185701672008e-01 -3.031941997350941498e-01
1.854240479496642724e-01 -3.065507039761596331e-01
1.947297424689413692e-01 -3.095941331692511067e-01
2.042381594691679014e-01 -3.123195474326956877e-01
2.139469052572124941e-01 -3.147226483511457729e-01
2.238535357082431787e-01 -3.167998498198414947e-01
2.339555568810219865e-01 -3.185483307830767052e-01
2.442504256457417311e-01 -3.199660681009414698e-01
2.547355503242452190e-01 -3.210518485377339970e-01
2.654082913424666845e-01 -3.218052596737118187e-01
2.762659618949298013e-01 -3.222266603702096943e-01
2.873058286211370715e-01 -3.223171322357226143e-01
2.985251122936787294e-01 -3.220784143155088208e-01
3.099209885178879631e-01 -3.215128239277669775e-01
3.214905884428678196e-01 -3.206231671647462034e-01
3.332309994837083789e-01 -3.194126430387818627e-01
3.451392660547150104e-01 -3.178847455560468438e-01
3.572123903134606371e-01 -3.160431681241154256e-01
3.694473329154774888e-01 -3.138917146280770232e-01
3.818410137793947223e-01 -3.114342212352554928e-01
3.943903128623333920e-01 -3.086744925092114733e-01
4.070920709453594855e-01 -3.056162547363243109e-01
4.199430904288018462e-01 -3.022631285080670804e-01
4.329401361372292589e-01 -2.986186215831908020e-01
4.460799361338897429e-01 -2.946861419094418677e-01
4.593591825444023335e-01 -2.904690294559975072e-01
4.727745323894976259e-01 -2.859706042457573205e-01
4.863226084265935834e-01 -2.811942267389519468e-01
5.000000000000001110e-01 -2.761433655710238688e-01
5.138032638995313484e-01 -2.708216666588191823e-01
5.277289252273172915e-01 -2.652330169343977695e-01
5.417734782725895926e-01 -2.593815955223742198e-01
5.559333873942259308e-01 -2.532719051223788487e-01
5.702050879108284676e-01 -2.469087767693733948e-01
5.845849869981135649e-01 -2.402973420938863403e-01
5.990694645933862805e-01 -2.334429687586037083e-01
6.136548743068714895e-01 -2.263511569657248312e-01
6.283375443396724824e-01 -2.190273978589960813e-01
6.431137784081281117e-01 -2.114769983203491077e-01
6.579798566743311206e-01 -2.037048811033933537e-01
6.729320366825783939e-01 -1.957153744571903942e-01
6.879665543015128781e-01 -1.875120113572559533e-01
7.030796246717250231e-01 -1.790973651393548693e-01
7.182674431585703845e-01 -1.704729556662553658e-01
7.335261863099650226e-01 -1.616392680661780656e-01
7.488520128189207758e-01 -1.525959344589403466e-01
7.642410644905727191e-01 -1.433421378031325966e-01
7.796894672134594417e-01 -1.338773059035572033e-01
7.951933319348093443e-01 -1.242021725392503523e-01
8.107487556395898132e-01 -1.143202914148789273e-01
8.263518223330695855e-01 -1.042400969900358770e-01
8.419986040266501659e-01 -9.397761397397649819e-02
8.576851617267149397e-01 -8.355992414698715232e-02
8.734075464262507360e-01 -7.302950493400535426e-02
8.891618000989889303e-01 -6.244955855634887892e-02
9.049439566958173975e-01 -5.191045336774351843e-02
9.207500431432115162e-01 -4.153739988962411311e-02
9.365760803434354242e-01 -3.149948285536402492e-02
9.524180841762578398e-01 -2.202016702549599789e-02
9.682720665019324269e-01 -1.338938843767351408e-02
9.841340361651920166e-01 -5.977333922832809773e-03
9.999999999999998890e-01 -2.500000000000328565e-04
