9.999999999999998890e-01 2.500000000000733515e-04
9.841340361651920166e-01 1.068051527020133160e-02
9.682720665019324269e-01 2.096514152393494715e-02
9.524180841762578398e-01 3.107154454844336319e-02
9.365760803434354242e-01 4.097867041316468478e-02
9.207500431432115162e-01 5.067412140058854403e-02
9.049439566958173975e-01 6.015193111730517822e-02
8.891618000989889303e-01 6.941070738128263251e-02
8.734075464262507360e-01 7.845210994855464359e-02
8.576851617267149397e-01 8.727962932378482974e-02
8.419986040266501659e-01 9.589763273804129129e-02
8.263518223330695855e-01 1.043106438106692901e-01
8.107487556395898132e-01 1.125228233726356109e-01
7.951933319348093443e-01 1.205376203451129780e-01
7.796894672134594417e-01 1.283575633665224036e-01
7.642410644905727191e-01 1.359841659705380013e-01
7.488520128189207758e-01 1.434179204643944161e-01
7.335261863099650226e-01 1.506583581711439523e-01
7.182674431585703845e-01 1.577041563145019643e-01
7.030796246717250231e-01 1.645532744780985601e-01
6.879665543015128781e-01 1.712031062049365060e-01
6.729320366825783939e-01 1.776506338660748530e-01
6.579798566743311206e-01 1.838925773747558667e-01
6.431137784081281117e-01 1.899255296148517902e-01
6.283375443396724824e-01 1.957460735590008938e-01
6.136548743068714895e-01 2.013508779475107757e-01
5.990694645933862805e-01 2.067367700663445829e-01
5.845849869981135649e-01 2.119007855902687587e-01
5.702050879108284676e-01 2.168401966409531645e-01
5.559333873942259308e-01 2.215525201508217745e-01
5.417734782725895926e-01 2.260355093285658368e-01
5.277289252273172915e-01 2.302871315030680099e-01
5.138032638995313484e-01 2.343055358948494260e-01
5.000000000000001110e-01 2.380890149473244566e-01
4.863226084265935834e-01 2.416359627661356924e-01
4.727745323894976259e-01 2.449448339876832137e-01
4.593591825444023335e-01 2.480141060529644781e-01
4.460799361338897429e-01 2.508422474258856227e-01
4.329401361372292589e-01 2.534276937920876271e-01
4.199430904288018462e-01 2.557688337301252668e-01
4.070920709453594855e-01 2.578640047853296147e-01
3.943903128623333920e-01 2.597115003199169103e-01
3.818410137793947223e-01 2.613095869806813520e-01
3.694473329154774888e-01 2.626565321352427040e-01
3.572123903134606371e-01 2.637506401938151668e-01
3.451392660547150104e-01 2.645902963673374964e-01
3.332309994837083789e-01 2.651740161230984882e-01
3.214905884428678196e-01 2.655004983910821958e-01
3.099209885178879631e-01 2.655686804506254828e-01
2.985251122936787294e-01 2.653777923871918909e-01
2.873058286211370715e-01 2.649274090500693957e-01
2.762659618949298013e-01 2.642174975581343954e-01
2.654082913424666845e-01 2.632484585849654279e-01
2.547355503242452190e-01 2.620211598972322364e-01
2.442504256457417311e-01 2.605369609108070805e-01
2.339555568810219865e-01 2.587977273557556801e-01
2.238535357082431787e-01 2.568058354920518815e-01
2.139469052572124941e-01 2.545641656800464170e-01
2.042381594691679014e-01 2.520760854711007748e-01
1.947297424689413692e-01 2.493454227326005468e-01
1.854240479496642724e-01 2.463764296468185788e-01
1.763234185701672008e-01 2.431737387149746077e-01
1.674301453652287108e-01 2.397423121478610142e-01
1.587464671688187945e-01 2.360873862256406830e-01
1.502745700504856119e-01 2.322144123566643459e-01
1.420165867650229341e-01 2.281289966549425174e-01
1.339745962155614034e-01 2.238368398866748543e-01
1.261506229302150617e-01 2.193436796081748574e-01
1.185466365524179277e-01 2.146552362326277497e-01
1.111645513450765232e-01 2.097771646250128075e-01
1.040062257086641351e-01 2.047150126383322499e-01
9.707346171337882801e-02 1.994741877764829308e-01
9.036800464548166989e-02 1.940599329072121570e-01
8.389154256793041053e-02 1.884773116610376498e-01
7.764570589541863743e-02 1.827312038477788558e-01
7.163206698392743377e-02 1.768263109107729991e-01
6.585213973489323358e-02 1.707671711293322347e-01
6.030737921409157209e-02 1.645581839817077952e-01
5.499918128533154427e-02 1.582036428024846120e-01
4.992888225905456334e-02 1.517077746179431863e-01
4.509775855592612626e-02 1.450747858275878710e-01
4.050702638550263135e-02 1.383089122257320225e-01
3.615784144005795842e-02 1.314144717285103126e-01
3.205129860364375194e-02 1.243959180922848268e-01
2.818843167645834757e-02 1.172578938810808630e-01
2.457021311459295365e-02 1.100052809638375900e-01
2.119755378522125699e-02 1.026432468958741323e-01
1.807130273729329328e-02 9.517728566056551931e-02
1.519224698779197968e-02 8.761325141299695918e-02
1.256111132360571148e-02 7.995738407226798961e-02
1.017855811906731578e-02 7.221632584704019975e-02
8.045187169204659483e-03 6.439712804284629388e-02
6.161535538745877005e-03 5.650724778191134473e-02
4.528077426915411152e-03 4.855453455857463435e-02
3.145224048057615462e-03 4.054720684746587755e-02
2.013323528115562588e-03 3.249381926888054994e-02
1.132660816992037134e-03 2.440322108818096178e-02
5.034576168149174080e-04 1.628450707572024619e-02
1.258723261249317105e-04 8.146961973668600046e-03
0.000000000000000000e+00 0.000000000000000000e+00
1.258723261249317105e-04 -8.018787359246940666e-03
5.034576168149174080e-04 -1.602318710275811922e-02
1.132660816992037134e-03 -2.399889306239428449e-02
2.013323528115562588e-03 -3.193188436756756038e-02
3.145224048057615462e-03 -3.980855948302439162e-02
4.528077426915411152e-03 -4.761586016923006343e-02
6.161535538745877005e-03 -5.534138244045947591e-02
8.045187169204659483e-03 -6.297347195240640683e-02
1.017855811906731578e-02 -7.050130167808267567e-02
1.256111132360571148e-02 -7.791493021614895320e-02
1.519224698779197968e-02 -8.520533960612249047e-02
1.807130273729329328e-02 -9.236445208532803597e-02
2.119755378522125699e-02 -9.938512579742242448e-02
2.457021311459295365e-02 -1.062611300356734734e-01
2.818843167645834757e-02 -1.129871011598592989e-01
3.205129860364375194e-02 -1.195584808479942807e-01
3.615784144005795842e-02 -1.259714388183119094e-01
4.050702638550263135e-02 -1.322227825695408976e-01
4.509775855592612626e-02 -1.383098570266867722e-01
4.992888225905456334e-02 -1.442304372354518138e-01
5.499918128533154427e-02 -1.499826174135970025e-01
6.030737921409157209e-02 -1.555646997369757034e-01
6.585213973489323358e-02 -1.609750862093748958e-01
7.163206698392743377e-02 -1.662121768391627286e-01
7.764570589541863743e-02 -1.712742771253688290e-01
8.389154256793041053e-02 -1.761595175472241703e-01
9.036800464548166989e-02 -1.808657873629965218e-01
9.707346171337882801e-02 -1.853906845671787484e-01
1.040062257086641351e-01 -1.897314833428416503e-01
1.111645513450765232e-01 -1.938851197931253934e-01
1.185466365524179277e-01 -1.978481961586658344e-01
1.261506229302150617e-01 -2.016170031433954790e-01
1.339745962155614034e-01 -2.051875593972387612e-01
1.420165867650229341e-01 -2.085556666582957241e-01
1.502745700504856119e-01 -2.117169785561591744e-01
1.587464671688187945e-01 -2.146670806379803731e-01
1.674301453652287108e-01 -2.174015788141341887e-01
1.763234185701672008e-01 -2.199161931432117023e-01
1.854240479496642724e-01 -2.222068536965094987e-01
1.947297424689413692e-01 -2.242697951673618406e-01
2.042381594691679014e-01 -2.261016469246716343e-01
2.139469052572124941e-01 -2.276995153536733874e-01
2.238535357082431787e-01 -2.290610555777519153e-01
2.339555568810219865e-01 -2.301845300070716749e-01
2.442504256457417311e-01 -2.310688516035240836e-01
2.547355503242452190e-01 -2.317136102745547266e-01
2.654082913424666845e-01 -2.321190813953639687e-01
2.762659618949298013e-01 -2.322862160917807395e-01
2.873058286211370715e-01 -2.322166135746480398e-01
2.985251122936787294e-01 -2.319124764791260507e-01
3.099209885178879631e-01 -2.313765508061519927e-01
3.214905884428678196e-01 -2.306120526653168412e-01
3.332309994837083789e-01 -2.296225845558601819e-01
3.451392660547150104e-01 -2.284120443736337436e-01
3.572123903134606371e-01 -2.269845306768164817e-01
3.694473329154774888e-01 -2.253442479644351681e-01
3.818410137793947223e-01 -2.234954158051089546e-01
3.943903128623333920e-01 -2.214421855884512735e-01
4.070920709453594855e-01 -2.191885684522003330e-01
4.199430904288018462e-01 -2.167383775632360787e-01
4.329401361372292589e-01 -2.140951874042957004e-01
4.460799361338897429e-01 -2.112623120500466412e-01
4.593591825444023335e-01 -2.082428036215173972e-01
4.727745323894976259e-01 -2.050394712076923365e-01
4.863226084265935834e-01 -2.016549195638019654e-01
5.000000000000001110e-01 -1.980916058691529202e-01
5.138032638995313484e-01 -1.943519117896338744e-01
5.277289252273172915e-01 -1.904382270817874812e-01
5.417734782725895926e-01 -1.863530400404070086e-01
5.559333873942259308e-01 -1.820990292762405538e-01
5.702050879108284676e-01 -1.776791506622358852e-01
5.845849869981135649e-01 -1.730967128537238553e-01
5.990694645933862805e-01 -1.683554346169300053e-01
6.136548743068714895e-01 -1.634594773358331310e-01
6.283375443396724824e-01 -1.584134465506249201e-01
6.431137784081281117e-01 -1.532223572478212670e-01
6.579798566743311206e-01 -1.478915589020506349e-01
6.729320366825783939e-01 -1.424266179846319091e-01
6.879665543015128781e-01 -1.368331578173315743e-01
7.030796246717250231e-01 -1.311166582642150913e-01
7.182674431585703845e-01 -1.252822208123700876e-01
7.335261863099650226e-01 -1.193343080737753331e-01
7.488520128189207758e-01 -1.132764706136132477e-01
7.642410644905727191e-01 -1.071110782299947578e-01
7.796894672134594417e-01 -1.008390773185289524e-01
7.951933319348093443e-01 -9.445980068179724021e-02
8.107487556395898132e-01 -8.797086100547645005e-02
8.263518223330695855e-01 -8.136816412477736182e-02
8.419986040266501659e-01 -7.464608304138858896e-02
8.576851617267149397e-01 -6.779783830709380787e-02
8.734075464262507360e-01 -6.081613474250786161e-02
8.891618000989889303e-01 -5.369410837861759295e-02
9.049439566958173975e-01 -4.642664086152917258e-02
9.207500431432115162e-01 -3.901210121167684314e-02
9.365760803434354242e-01 -3.145457664299943640e-02
9.524180841762578398e-01 -2.376665499375333473e-02
9.682720665019324269e-01 -1.597282107318724262e-02
9.841340361651920166e-01 -8.113527770569313805e-03
9.999999999999998890e-01 -2.500000000000548116e-04
