9.999999999999998890e-01 2.500000000002557143e-04
9.841340361651920166e-01 3.414348936284962444e-02
9.682720665019324269e-01 6.342960006591899513e-02
9.524180841762578398e-01 8.902679334761731678e-02
9.365760803434354242e-01 1.116984640551608871e-01
9.207500431432115162e-01 1.320722650652703112e-01
9.049439566958173975e-01 1.506579661203754639e-01
8.891618000989889303e-01 1.678638390884918119e-01
8.734075464262507360e-01 1.840115796063994391e-01
8.576851617267149397e-01 1.993497911480273943e-01
8.419986040266501659e-01 2.140660717291365811e-01
8.263518223330695855e-01 2.282977557004270408e-01
8.107487556395898132e-01 2.421413734059261746e-01
7.951933319348093443e-01 2.556608999287511841e-01
7.796894672134594417e-01 2.688948707714645114e-01
7.642410644905727191e-01 2.818624472028153916e-01
7.488520128189207758e-01 2.945685172437498833e-01
7.335261863099650226e-01 3.070079199751594157e-01
7.182674431585703845e-01 3.191688811520214664e-01
7.030796246717250231e-01 3.310357471369606563e-01
6.879665543015128781e-01 3.425911020611527302e-01
6.729320366825783939e-01 3.538173500265213711e-01
6.579798566743311206e-01 3.646978402266113362e-01
6.431137784081281117e-01 3.752176082301648674e-01
6.283375443396724824e-01 3.853638014843033255e-01
6.136548743068714895e-01 3.951258514917151410e-01
5.990694645933862805e-01 4.044954492304009830e-01
5.845849869981135649e-01 4.134663743393970914e-01
5.702050879108284676e-01 4.220342225044225182e-01
5.559333873942259308e-01 4.301960694482697134e-01
5.417734782725895926e-01 4.379501040556389446e-01
5.277289252273172915e-01 4.452952575231152732e-01
5.138032638995313484e-01 4.522308500922213037e-01
5.000000000000001110e-01 4.587562719550849488e-01
4.863226084265935834e-01 4.648707103643687777e-01
4.727745323894976259e-01 4.705729308661505961e-01
4.593591825444023335e-01 4.758611169296607102e-01
4.460799361338897429e-01 4.807327690836766254e-01
4.329401361372292589e-01 4.851846619886173717e-01
4.199430904288018462e-01 4.892128556694901320e-01
4.070920709453594855e-01 4.928127553932096228e-01
3.943903128623333920e-01 4.959792133726564911e-01
3.818410137793947223e-01 4.987066645912486829e-01
3.694473329154774888e-01 5.009892885327762446e-01
3.572123903134606371e-01 5.028211884348191552e-01
3.451392660547150104e-01 5.041965798202416860e-01
3.332309994837083789e-01 5.051099804581717923e-01
3.214905884428678196e-01 5.055563945206195120e-01
3.099209885178879631e-01 5.055314844905451910e-01
2.985251122936787294e-01 5.050317252995412121e-01
2.873058286211370715e-01 5.040545361877276642e-01
2.762659618949298013e-01 5.025983868464346527e-01
2.654082913424666845e-01 5.006628754900906975e-01
2.547355503242452190e-01 4.982487775748911663e-01
2.442504256457417311e-01 4.953580649094045940e-01
2.339555568810219865e-01 4.919938958612278257e-01
2.238535357082431787e-01 4.881605782331168153e-01
2.139469052572124941e-01 4.838635071448397773e-01
2.042381594691679014e-01 4.791090809005772999e-01
1.947297424689413692e-01 4.739045983373321724e-01
1.854240479496642724e-01 4.682581415327322638e-01
1.763234185701672008e-01 4.621784479996551287e-01
1.674301453652287108e-01 4.556747766126009735e-01
1.587464671688187945e-01 4.487567715019940007e-01
1.502745700504856119e-01 4.414343280257235769e-01
1.420165867650229341e-01 4.337174646926361121e-01
1.339745962155614034e-01 4.256162045827054929e-01
1.261506229302150617e-01 4.171404693971219046e-01
1.185466365524179277e-01 4.082999887934856686e-01
1.111645513450765232e-01 3.991042271323794743e-01
1.040062257086641351e-01 3.895623291977360902e-01
9.707346171337882801e-02 3.796830858705879663e-01
9.036800464548166989e-02 3.694749201493936486e-01
8.389154256793041053e-02 3.589458933350057057e-01
7.764570589541863743e-02 3.481037306481889471e-01
7.163206698392743377e-02 3.369558650349321893e-01
6.585213973489323358e-02 3.255094974506659855e-01
6.030737921409157209e-02 3.137716715083367358e-01
5.499918128533154427e-02 3.017493600347834759e-01
4.992888225905456334e-02 2.894495608109285412e-01
4.509775855592612626e-02 2.768793985779327005e-01
4.050702638550263135e-02 2.640462302758671553e-01
3.615784144005795842e-02 2.509577504440171913e-01
3.205129860364375194e-02 2.376220937512013853e-01
2.818843167645834757e-02 2.240479317375122792e-01
2.457021311459295365e-02 2.102445610310350044e-01
2.119755378522125699e-02 1.962219805484917701e-01
1.807130273729329328e-02 1.819909554902238158e-01
1.519224698779197968e-02 1.675630662893182743e-01
1.256111132360571148e-02 1.529507410630240039e-01
1.017855811906731578e-02 1.381672705322563310e-01
8.045187169204659483e-03 1.232268048119685849e-01
6.161535538745877005e-03 1.081443319212282983e-01
4.528077426915411152e-03 9.293563830674597681e-02
3.145224048057615462e-03 7.761725210739785219e-02
2.013323528115562588e-03 6.220637030024298020e-02
1.132660816992037134e-03 4.672077125171516382e-02
5.034576168149174080e-04 3.117871454270453382e-02
1.258723261249317105e-04 1.559883023573085600e-02
0.000000000000000000e+00 0.000000000000000000e+00
1.258723261249317105e-04 -1.543935057086565435e-02
5.034576168149174080e-04 -3.085182666732901036e-02
1.132660816992037134e-03 -4.621076686148324619e-02
2.013323528115562588e-03 -6.149005451267205297e-02
3.145224048057615462e-03 -7.666437239739722076e-02
4.528077426915411152e-03 -9.170943660408101272e-02
6.161535538745877005e-03 -1.066022037465810812e-01
8.045187169204659483e-03 -1.213210463406922263e-01
1.017855811906731578e-02 -1.358458921303148104e-01
1.256111132360571148e-02 -1.501583242162191911e-01
1.519224698779197968e-02 -1.642416399983028519e-01
1.807130273729329328e-02 -1.780808681568949725e-01
2.119755378522125699e-02 -1.916627441333955961e-01
2.457021311459295365e-02 -2.049756457877571769e-01
2.818843167645834757e-02 -2.180094920730492047e-01
3.205129860364375194e-02 -2.307556086400073259e-01
3.615784144005795842e-02 -2.432065652341212358e-01
4.050702638550263135e-02 -2.553559905451061596e-01
4.509775855592612626e-02 -2.671983707887043979e-01
4.992888225905456334e-02 -2.787288387241326215e-01
5.499918128533154427e-02 -2.899429600235631233e-01
6.030737921409157209e-02 -3.008365239056247087e-01
6.585213973489323358e-02 -3.114053447225936799e-01
7.163206698392743377e-02 -3.216450807570337411e-01
7.764570589541863743e-02 -3.315510758512077438e-01
8.389154256793041053e-02 -3.411182286810070519e-01
9.036800464548166989e-02 -3.503408935207163455e-01
9.707346171337882801e-02 -3.592128152561221421e-01
1.040062257086641351e-01 -3.677271002260436572e-01
1.111645513450765232e-01 -3.758762232443577656e-01
1.185466365524179277e-01 -3.836520699162726533e-01
1.261506229302150617e-01 -3.910460121550805579e-01
1.339745962155614034e-01 -3.980490136697248937e-01
1.420165867650229341e-01 -4.046517611683476123e-01
1.502745700504856119e-01 -4.108448161447226243e-01
1.587464671688187945e-01 -4.166187814150557056e-01
1.674301453652287108e-01 -4.219644760786697146e-01
1.763234185701672008e-01 -4.268731123077560419e-01
1.854240479496642724e-01 -4.313364673416666961e-01
1.947297424689413692e-01 -4.353470442751770086e-01
2.042381594691679014e-01 -4.388982156844842275e-01
2.139469052572124941e-01 -4.419843448175749812e-01
2.238535357082431787e-01 -4.446008799666821831e-01
2.339555568810219865e-01 -4.467444187113737697e-01
2.442504256457417311e-01 -4.484127399353731724e-01
2.547355503242452190e-01 -4.496048028358257675e-01
2.654082913424666845e-01 -4.503207135122197502e-01
2.762659618949298013e-01 -4.505616610911941100e-01
2.873058286211370715e-01 -4.503298266581671760e-01
2.985251122936787294e-01 -4.496282694714006656e-01
3.099209885178879631e-01 -4.484607959742853978e-01
3.214905884428678196e-01 -4.468318179458502515e-01
3.332309994837083789e-01 -4.447462066915930934e-01
3.451392660547150104e-01 -4.422091504376562399e-01
3.572123903134606371e-01 -4.392260220213556887e-01
3.694473329154774888e-01 -4.358022635512873166e-01
3.818410137793947223e-01 -4.319432939345981826e-01
3.943903128623333920e-01 -4.276544440454848606e-01
4.070920709453594855e-01 -4.229409228607757254e-01
4.199430904288018462e-01 -4.178078161546994740e-01
4.329401361372292589e-01 -4.122601173811912267e-01
4.460799361338897429e-01 -4.063027882501117349e-01
4.593591825444023335e-01 -3.999408443111514555e-01
4.727745323894976259e-01 -3.931794586983281548e-01
4.863226084265935834e-01 -3.860240751745150356e-01
5.000000000000001110e-01 -3.784805198763471212e-01
5.138032638995313484e-01 -3.705550998309934951e-01
5.277289252273172915e-01 -3.622546755394719376e-01
5.417734782725895926e-01 -3.535866948408822319e-01
5.559333873942259308e-01 -3.445591760315616647e-01
5.702050879108284676e-01 -3.351806299511154719e-01
5.845849869981135649e-01 -3.254599135926484199e-01
5.990694645933862805e-01 -3.154060118627841081e-01
6.136548743068714895e-01 -3.050277495055516153e-01
6.283375443396724824e-01 -2.943334419877227104e-01
6.431137784081281117e-01 -2.833305023696555125e-01
6.579798566743311206e-01 -2.720250308721694488e-01
6.729320366825783939e-01 -2.604214249788149305e-01
6.879665543015128781e-01 -2.485220604285868495e-01
7.030796246717250231e-01 -2.363271072604515022e-01
7.182674431585703845e-01 -2.238345600291006265e-01
7.335261863099650226e-01 -2.110405772380697376e-01
7.488520128189207758e-01 -1.979402417041584428e-01
7.642410644905727191e-01 -1.845288707041117804e-01
7.796894672134594417e-01 -1.708040220459567382e-01
7.951933319348093443e-01 -1.567683592978627583e-01
8.107487556395898132e-01 -1.424335559041741972e-01
8.263518223330695855e-01 -1.278254333956857780e-01
8.419986040266501659e-01 -1.129905429059437222e-01
8.576851617267149397e-01 -9.800441126272226022e-02
8.734075464262507360e-01 -8.298168254502263919e-02
8.891618000989889303e-01 -6.808839268614214069e-02
9.049439566958173975e-01 -5.355661797038863831e-02
9.207500431432115162e-01 -3.970173763489675406e-02
9.365760803434354242e-01 -2.694254579076607592e-02
9.524180841762578398e-01 -1.582443809376556099e-02
9.682720665019324269e-01 -7.045883641196641969e-03
9.841340361651920166e-01 -1.488372118452326249e-03
9.999999999999998890e-01 -2.499999999999905184e-04
