9.999999999999998890e-01 2.500000000000618589e-04
9.841340361651920166e-01 9.059614712193273661e-03
9.682720665019324269e-01 1.773313797902355965e-02
9.524180841762578398e-01 2.619742516148302128e-02
9.365760803434354242e-01 3.440570586023258826e-02
9.207500431432115162e-01 4.233191549316334124e-02
9.049439566958173975e-01 4.996580819003923479e-02
8.891618000989889303e-01 5.730879913987044216e-02
8.734075464262507360e-01 6.437048048607850459e-02
8.576851617267149397e-01 7.116575214748570299e-02
8.419986040266501659e-01 7.771250746372915241e-02
8.263518223330695855e-01 8.402981322296389222e-02
8.107487556395898132e-01 9.013652431841784329e-02
7.951933319348093443e-01 9.605027488152242943e-02
7.796894672134594417e-01 1.017867901308237288e-01
7.642410644905727191e-01 1.073594662328940935e-01
7.488520128189207758e-01 1.127791690689127352e-01
7.335261863099650226e-01 1.180542068153270091e-01
7.182674431585703845e-01 1.231904355598474471e-01
7.030796246717250231e-01 1.281914616715834065e-01
6.879665543015128781e-01 1.330589092203827428e-01
6.729320366825783939e-01 1.377927252981374362e-01
6.579798566743311206e-01 1.423915005465206107e-01
6.431137784081281117e-01 1.468527864645720327e-01
6.283375443396724824e-01 1.511733950902265644e-01
6.136548743068714895e-01 1.553496703683251434e-01
5.990694645933862805e-01 1.593777238915637384e-01
5.845849869981135649e-01 1.632536306993726538e-01
5.702050879108284676e-01 1.669735834231946547e-01
5.559333873942259308e-01 1.705340052658667616e-01
5.417734782725895926e-01 1.739316240985004647e-01
5.277289252273172915e-01 1.771635113599987210e-01
5.138032638995313484e-01 1.802270904697196863e-01
5.000000000000001110e-01 1.831201201372324172e-01
4.863226084265935834e-01 1.858406583047499949e-01
4.727745323894976259e-01 1.883870125223545133e-01
4.593591825444023335e-01 1.907576823715678993e-01
4.460799361338897429e-01 1.929512991593395344e-01
4.329401361372292589e-01 1.949665675433418233e-01
4.199430904288018462e-01 1.968022130617282373e-01
4.070920709453594855e-01 1.984569387663479567e-01
3.943903128623333920e-01 1.999293933360071773e-01
3.818410137793947223e-01 2.012181522111928800e-01
3.694473329154774888e-01 2.023217124758164565e-01
3.572123903134606371e-01 2.032385014431788428e-01
3.451392660547150104e-01 2.039668982063610470e-01
3.332309994837083789e-01 2.045052668069144430e-01
3.214905884428678196e-01 2.048519991746052260e-01
3.099209885178879631e-01 2.050055656049478148e-01
2.985251122936787294e-01 2.049645702755447108e-01
2.873058286211370715e-01 2.047278091577063308e-01
2.762659618949298013e-01 2.042943276532098451e-01
2.654082913424666845e-01 2.036634753704739675e-01
2.547355503242452190e-01 2.028349556397602005e-01
2.442504256457417311e-01 2.018088676404868886e-01
2.339555568810219865e-01 2.005857393604467964e-01
2.238535357082431787e-01 1.991665500102355602e-01
2.139469052572124941e-01 1.975527409591515682e-01
2.042381594691679014e-01 1.957462147234984018e-01
1.947297424689413692e-01 1.937493220070964361e-01
1.854240479496642724e-01 1.915648372500896313e-01
1.763234185701672008e-01 1.891959235702332376e-01
1.674301453652287108e-01 1.866460883667914461e-01
1.587464671688187945e-01 1.839191311889462332e-01
1.502745700504856119e-01 1.810190857384617047e-01
1.420165867650229341e-01 1.779501580729327403e-01
1.339745962155614034e-01 1.747166631965169636e-01
1.261506229302150617e-01 1.713229622674639074e-01
1.185466365524179277e-01 1.677734026164336978e-01
1.111645513450765232e-01 1.640722626594589562e-01
1.040062257086641351e-01 1.602237036096302580e-01
9.707346171337882801e-02 1.562317296494779018e-01
9.036800464548166989e-02 1.521001579306062446e-01
8.389154256793041053e-02 1.478325994289640399e-01
7.764570589541863743e-02 1.434324513147974822e-01
7.163206698392743377e-02 1.389029011082052734e-01
6.585213973489323358e-02 1.342469424969639225e-01
6.030737921409157209e-02 1.294674023055661649e-01
5.499918128533154427e-02 1.245669777354128371e-01
4.992888225905456334e-02 1.195482826572621671e-01
4.509775855592612626e-02 1.144139014386830883e-01
4.050702638550263135e-02 1.091664485403144452e-01
3.615784144005795842e-02 1.038086319225196286e-01
3.205129860364375194e-02 9.834331817400385201e-02
2.818843167645834757e-02 9.277359720968927914e-02
2.457021311459295365e-02 8.710284438811127794e-02
2.119755378522125699e-02 8.133477796827359718e-02
1.807130273729329328e-02 7.547350995974806687e-02
1.519224698779197968e-02 6.952358861338124585e-02
1.256111132360571148e-02 6.349003104708934864e-02
1.017855811906731578e-02 5.737834479414118810e-02
8.045187169204659483e-03 5.119453739099324996e-02
6.161535538745877005e-03 4.494511347807703810e-02
4.528077426915411152e-03 3.863705925910254635e-02
3.145224048057615462e-03 3.227781454125076138e-02
2.013323528115562588e-03 2.587523294870492513e-02
1.132660816992037134e-03 1.943753125431644385e-02
5.034576168149174080e-04 1.297322909827433764e-02
1.258723261249317105e-04 6.491080648835523270e-03
0.000000000000000000e+00 0.000000000000000000e+00
1.258723261249317105e-04 -6.441531409118956934e-03
5.034576168149174080e-04 -1.287297659888457860e-02
1.132660816992037134e-03 -1.928427334474242666e-02
2.013323528115562588e-03 -2.566553130875645627e-02
3.145224048057615462e-03 -3.200711306433060011e-02
4.528077426915411152e-03 -3.829970935179592001e-02
6.161535538745877005e-03 -4.453440687562477268e-02
8.045187169204659483e-03 -5.070274714667492161e-02
1.017855811906731578e-02 -5.679677510415240965e-02
1.256111132360571148e-02 -6.280907651594060115e-02
1.519224698779197968e-02 -6.873280344574581036e-02
1.807130273729329328e-02 -7.456168738360181847e-02
2.119755378522125699e-02 -8.029003995469195798e-02
2.457021311459295365e-02 -8.591274144183172479e-02
2.818843167645834757e-02 -9.142521767095507235e-02
3.205129860364375194e-02 -9.682340610829491545e-02
3.615784144005795842e-02 -1.021037122947453940e-01
4.050702638550263135e-02 -1.072629579897835528e-01
4.509775855592612626e-02 -1.122983226077097219e-01
4.992888225905456334e-02 -1.172072796971315445e-01
5.499918128533154427e-02 -1.219875303359691660e-01
6.030737921409157209e-02 -1.266369353853515345e-01
6.585213973489323358e-02 -1.311534485645078907e-01
7.163206698392743377e-02 -1.355350522743464792e-01
7.764570589541863743e-02 -1.397796980105102393e-01
8.389154256793041053e-02 -1.438852530693205400e-01
9.036800464548166989e-02 -1.478494550655488904e-01
9.707346171337882801e-02 -1.516698755540686339e-01
1.040062257086641351e-01 -1.553438937839620171e-01
1.111645513450765232e-01 -1.588686813204875092e-01
1.185466365524179277e-01 -1.622411979552026151e-01
1.261506229302150617e-01 -1.654581989959262034e-01
1.339745962155614034e-01 -1.685162536950317314e-01
1.420165867650229341e-01 -1.714117742459521365e-01
1.502745700504856119e-01 -1.741410544629137247e-01
1.587464671688187945e-01 -1.767003169667604734e-01
1.674301453652287108e-01 -1.790857674387347775e-01
1.763234185701672008e-01 -1.812936542820412500e-01
1.854240479496642724e-01 -1.833203318547695637e-01
1.947297424689413692e-01 -1.851623253130333935e-01
2.042381594691679014e-01 -1.868163950344272628e-01
2.139469052572124941e-01 -1.882795985820957529e-01
2.238535357082431787e-01 -1.895493482202895985e-01
2.339555568810219865e-01 -1.906234621030475640e-01
2.442504256457417311e-01 -1.915002074267148635e-01
2.547355503242452190e-01 -1.921783340608607671e-01
2.654082913424666845e-01 -1.926570974456247032e-01
2.762659618949298013e-01 -1.929362698599299819e-01
2.873058286211370715e-01 -1.930161395162778848e-01
2.985251122936787294e-01 -1.928974973146744543e-01
3.099209885178879631e-01 -1.925816114803475254e-01
3.214905884428678196e-01 -1.920701907061938551e-01
3.332309994837083789e-01 -1.913653368097838481e-01
3.451392660547150104e-01 -1.904694882844583936e-01
3.572123903134606371e-01 -1.893853564628862618e-01
3.694473329154774888e-01 -1.881158563081558044e-01
3.818410137793947223e-01 -1.866640340915103613e-01
3.943903128623333920e-01 -1.850329943977327418e-01
4.070920709453594855e-01 -1.832258290108124688e-01
4.199430904288018462e-01 -1.812455502673910868e-01
4.329401361372292589e-01 -1.790950314189635739e-01
4.460799361338897429e-01 -1.767769564133936655e-01
4.593591825444023335e-01 -1.742937812917256246e-01
4.727745323894976259e-01 -1.716477090996783861e-01
4.863226084265935834e-01 -1.688406798391911268e-01
5.000000000000001110e-01 -1.658743765410221616e-01
5.138032638995313484e-01 -1.627502480341952995e-01
5.277289252273172915e-01 -1.594695484338598257e-01
5.417734782725895926e-01 -1.560333927798740750e-01
5.559333873942259308e-01 -1.524428276500383317e-01
5.702050879108284676e-01 -1.486989149619456774e-01
5.845849869981135649e-01 -1.448028265847358942e-01
5.990694645933862805e-01 -1.407559468263805125e-01
6.136548743068714895e-01 -1.365599793637338188e-01
6.283375443396724824e-01 -1.322170547616913494e-01
6.431137784081281117e-01 -1.277298344041617462e-01
6.579798566743311206e-01 -1.231016064519380310e-01
6.729320366825783939e-01 -1.183363693681924178e-01
6.879665543015128781e-01 -1.134388986264391191e-01
7.030796246717250231e-01 -1.084147924510971972e-01
7.182674431585703845e-01 -1.032704928469565520e-01
7.335261863099650226e-01 -9.801327875716357718e-02
7.488520128189207758e-01 -9.265122895228558586e-02
7.642410644905727191e-01 -8.719315319391936214e-02
7.796894672134594417e-01 -8.164849132914230034e-02
7.951933319348093443e-01 -7.602718124627813601e-02
8.107487556395898132e-01 -7.033949804273076367e-02
8.263518223330695855e-01 -6.459586830216607067e-02
8.419986040266501659e-01 -5.880666502669187889e-02
8.576851617267149397e-01 -5.298199049117413573e-02
8.734075464262507360e-01 -4.713145604866642024e-02
8.891618000989889303e-01 -4.126396968173979413e-02
9.049439566958173975e-01 -3.538754382475010896e-02
9.207500431432115162e-01 -2.950913763471759224e-02
9.365760803434354242e-01 -2.363454941958555156e-02
9.524180841762578398e-01 -1.776837629713344524e-02
9.682720665019324269e-01 -1.191405931039198930e-02
9.841340361651920166e-01 -6.074033121274613999e-03
9.999999999999998890e-01 -2.500000000000406628e-04
