9.999999999999998890e-01 2.500000000000261887e-04
9.841340361651920166e-01 3.911139482813942581e-03
9.682720665019324269e-01 7.421617944212382904e-03
9.524180841762578398e-01 1.080471339503375275e-02
9.365760803434354242e-01 1.407613524690596273e-02
9.207500431432115162e-01 1.724575850587594869e-02
9.049439566958173975e-01 2.031909223152194785e-02
8.891618000989889303e-01 2.329850356236730369e-02
8.734075464262507360e-01 2.618421959026399209e-02
8.576851617267149397e-01 2.897512986884390879e-02
8.419986040266501659e-01 3.166941240293315307e-02
8.263518223330695855e-01 3.426500562999832550e-02
8.107487556395898132e-01 3.675994821741256774e-02
7.951933319348093443e-01 3.915260750890502128e-02
7.796894672134594417e-01 4.144181620942213873e-02
7.642410644905727191e-01 4.362693544938638784e-02
7.488520128189207758e-01 4.570786076584350266e-02
7.335261863099650226e-01 4.768498582653653978e-02
7.182674431585703845e-01 4.955913694850245382e-02
7.030796246717250231e-01 5.133148966735369412e-02
6.879665543015128781e-01 5.300347683544246596e-02
6.729320366825783939e-01 5.457669600109099628e-02
6.579798566743311206e-01 5.605282217714408627e-02
6.431137784081281117e-01 5.743353057083062929e-02
6.283375443396724824e-01 5.872043243915878868e-02
6.136548743068714895e-01 5.991502597091804411e-02
5.990694645933862805e-01 6.101866298923869919e-02
5.845849869981135649e-01 6.203253132443890122e-02
5.702050879108284676e-01 6.295765192814103961e-02
5.559333873942259308e-01 6.379488918492759453e-02
5.417734782725895926e-01 6.454497242205045615e-02
5.277289252273172915e-01 6.520852631260486143e-02
5.138032638995313484e-01 6.578610770204625091e-02
5.000000000000001110e-01 6.627824634859745545e-02
4.863226084265935834e-01 6.668548713978988962e-02
4.727745323894976259e-01 6.700843151364781203e-02
4.593591825444023335e-01 6.724777605658761870e-02
4.460799361338897429e-01 6.740434655338345404e-02
4.329401361372292589e-01 6.747912611008526074e-02
4.199430904288018462e-01 6.747327634166261356e-02
4.070920709453594855e-01 6.738815099640275974e-02
3.943903128623333920e-01 6.722530176399739432e-02
3.818410137793947223e-01 6.698647637061416749e-02
3.694473329154774888e-01 6.667360939064644054e-02
3.572123903134606371e-01 6.628880649175858397e-02
3.451392660547150104e-01 6.583432306982849036e-02
3.332309994837083789e-01 6.531253841805244320e-02
3.214905884428678196e-01 6.472592670651977631e-02
3.099209885178879631e-01 6.407702612371216078e-02
2.985251122936787294e-01 6.336840755029291006e-02
2.873058286211370715e-01 6.260264410065335960e-02
2.762659618949298013e-01 6.178228278300277460e-02
2.654082913424666845e-01 6.090981939974010606e-02
2.547355503242452190e-01 5.998767764297149169e-02
2.442504256457417311e-01 5.901819314278637651e-02
2.339555568810219865e-01 5.800360300632827898e-02
2.238535357082431787e-01 5.694604115221320317e-02
2.139469052572124941e-01 5.584753950595700012e-02
2.042381594691679014e-01 5.471003488610956533e-02
1.947297424689413692e-01 5.353538118568547388e-02
1.854240479496642724e-01 5.232536624653921081e-02
1.763234185701672008e-01 5.108173264204789177e-02
1.674301453652287108e-01 4.980620143136338385e-02
1.587464671688187945e-01 4.850049783099213974e-02
1.502745700504856119e-01 4.716637766978854646e-02
1.420165867650229341e-01 4.580565345357399260e-02
1.339745962155614034e-01 4.442021886623075816e-02
1.261506229302150617e-01 4.301207057470991107e-02
1.185466365524179277e-01 4.158332628418139054e-02
1.111645513450765232e-01 4.013623810365754552e-02
1.040062257086641351e-01 3.867320042793872398e-02
9.707346171337882801e-02 3.719675171388446555e-02
9.036800464548166989e-02 3.570956972229632348e-02
8.389154256793041053e-02 3.421446000505386220e-02
7.764570589541863743e-02 3.271433763414337975e-02
7.163206698392743377e-02 3.121220238824589516e-02
6.585213973489323358e-02 2.971110782700984304e-02
6.030737921409157209e-02 2.821412488661302273e-02
5.499918128533154427e-02 2.672430081668733526e-02
4.992888225905456334e-02 2.524461444264060328e-02
4.509775855592612626e-02 2.377792887405118932e-02
4.050702638550263135e-02 2.232694288512999253e-02
3.615784144005795842e-02 2.089414226415901507e-02
3.205129860364375194e-02 1.948175246322020326e-02
2.818843167645834757e-02 1.809169387637345194e-02
2.457021311459295365e-02 1.672554103372238948e-02
2.119755378522125699e-02 1.538448692157673436e-02
1.807130273729329328e-02 1.406931352724450669e-02
1.519224698779197968e-02 1.278036956388337378e-02
1.256111132360571148e-02 1.151755616018705283e-02
1.017855811906731578e-02 1.028032110610968552e-02
8.045187169204659483e-03 9.067662034591311357e-03
6.161535538745877005e-03 7.878138696070039956e-03
4.528077426915411152e-03 6.709894253495339404e-03
3.145224048057615462e-03 5.560685296799480065e-03
2.013323528115562588e-03 4.427920053517337383e-03
1.132660816992037134e-03 3.308704062484243893e-03
5.034576168149174080e-04 2.199892385943476563e-03
1.258723261249317105e-04 1.098147267129685398e-03
0.000000000000000000e+00 0.000000000000000000e+00
1.258723261249317105e-04 -8.417980364044769194e-04
5.034576168149174080e-04 -1.677252436347089490e-03
1.132660816992037134e-03 -2.500048005627530066e-03
2.013323528115562588e-03 -3.304050244254920325e-03
3.145224048057615462e-03 -4.083390560252219727e-03
4.528077426915411152e-03 -4.832545466491314917e-03
6.161535538745877005e-03 -5.546408004612202181e-03
8.045187169204659483e-03 -6.220349845344422084e-03
1.017855811906731578e-02 -6.850272760435217531e-03
1.256111132360571148e-02 -7.432648441192028256e-03
1.519224698779197968e-02 -7.964545944729358937e-03
1.807130273729329328e-02 -8.443646373002804822e-03
2.119755378522125699e-02 -8.868244722753430842e-03
2.457021311459295365e-02 -9.237239177439944202e-03
2.818843167645834757e-02 -9.550108435963277492e-03
3.205129860364375194e-02 -9.806877978580309102e-03
3.615784144005795842e-02 -1.000807644943335281e-02
4.050702638550263135e-02 -1.015468357987719776e-02
4.509775855592612626e-02 -1.024807128048272828e-02
4.992888225905456334e-02 -1.028993968657405771e-02
5.499918128533154427e-02 -1.028225004803995368e-02
6.030737921409157209e-02 -1.022715640598944806e-02
6.585213973489323358e-02 -1.012693799514602366e-02
7.163206698392743377e-02 -9.983934251804592666e-03
7.764570589541863743e-02 -9.800484194394297466e-03
8.389154256793041053e-02 -9.578871780422158408e-03
9.036800464548166989e-02 -9.321278634507643157e-03
9.707346171337882801e-02 -9.029745293397690303e-03
1.040062257086641351e-01 -8.706141832512361706e-03
1.111645513450765232e-01 -8.352148432956205820e-03
1.185466365524179277e-01 -7.969246127069182575e-03
1.261506229302150617e-01 -7.558717634051111481e-03
1.339745962155614034e-01 -7.121657874818261222e-03
1.420165867650229341e-01 -6.658993446876192504e-03
1.502745700504856119e-01 -6.171510055169445244e-03
1.587464671688187945e-01 -5.659886642573354158e-03
1.674301453652287108e-01 -5.124734752061529952e-03
1.763234185701672008e-01 -4.566641488651836632e-03
1.854240479496642724e-01 -3.986214338709738285e-03
1.947297424689413692e-01 -3.384126051251430504e-03
2.042381594691679014e-01 -2.761157793025287559e-03
2.139469052572124941e-01 -2.118238857039368879e-03
2.238535357082431787e-01 -1.456481331639880410e-03
2.339555568810219865e-01 -7.772083211282495782e-04
2.442504256457417311e-01 -8.197454425926684399e-05
2.547355503242452190e-01 6.274215829611259551e-04
2.654082913424666845e-01 1.348934957354448088e-03
2.762659618949298013e-01 2.080280125801248214e-03
2.873058286211370715e-01 2.818946825546549215e-03
2.985251122936787294e-01 3.562224241639205292e-03
3.099209885178879631e-01 4.307233142739159623e-03
3.214905884428678196e-01 5.050964725502499891e-03
3.332309994837083789e-01 5.790324701146615065e-03
3.451392660547150104e-01 6.522180907670200103e-03
3.572123903134606371e-01 7.243412538663881149e-03
3.694473329154774888e-01 7.950958954455225949e-03
3.818410137793947223e-01 8.641865991509465120e-03
3.943903128623333920e-01 9.313327717489328084e-03
4.070920709453594855e-01 9.962721695686042531e-03
4.199430904288018462e-01 1.058763602451288227e-02
4.329401361372292589e-01 1.118588670334340167e-02
4.460799361338897429e-01 1.175552424007384779e-02
4.593591825444023335e-01 1.229482885015323324e-02
4.727745323894976259e-01 1.280229409008845458e-02
4.863226084265935834e-01 1.327659930617449725e-02
5.000000000000001110e-01 1.371657184411929215e-02
5.138032638995313484e-01 1.412114053739475968e-02
5.277289252273172915e-01 1.448928254932614623e-02
5.417734782725895926e-01 1.481996616203335240e-02
5.559333873942259308e-01 1.511209255889584685e-02
5.702050879108284676e-01 1.536444000995474887e-02
5.845849869981135649e-01 1.557561411515299803e-02
5.990694645933862805e-01 1.574400786261424129e-02
6.136548743068714895e-01 1.586777519357306099e-02
6.283375443396724824e-01 1.594482150936540193e-02
6.431137784081281117e-01 1.597281408906792155e-02
6.579798566743311206e-01 1.594921469240971612e-02
6.729320366825783939e-01 1.587133568913542958e-02
6.879665543015128781e-01 1.573641987561242434e-02
7.030796246717250231e-01 1.554174271017950970e-02
7.182674431585703845e-01 1.528473402459955451e-02
7.335261863099650226e-01 1.496311436056278060e-02
7.488520128189207758e-01 1.457503895488281194e-02
7.642410644905727191e-01 1.411924007927872760e-02
7.796894672134594417e-01 1.359515596202960641e-02
7.951933319348093443e-01 1.300303191799205213e-02
8.107487556395898132e-01 1.234397663602629890e-02
8.263518223330695855e-01 1.161995387083099816e-02
8.419986040266501659e-01 1.083368711756226704e-02
8.576851617267149397e-01 9.988452275725588289e-03
8.734075464262507360e-01 9.087730901441076758e-03
8.891618000989889303e-01 8.134694475516280471e-03
9.049439566958173975e-01 7.131488252365818410e-03
9.207500431432115162e-01 6.078281776323178967e-03
9.365760803434354242e-01 4.972052131640337762e-03
9.524180841762578398e-01 3.805065503078574728e-03
9.682720665019324269e-01 2.563022734820438742e-03
9.841340361651920166e-01 1.222835351036553582e-03
9.999999999999998890e-01 -2.499999999999891090e-04
