9.999999999999998890e-01 2.500000000001528777e-04
9.841340361651920166e-01 2.056917623477610632e-02
9.682720665019324269e-01 3.863367226184329789e-02
9.524180841762578398e-01 5.537700747217154384e-02
9.365760803434354242e-01 7.143021128402675390e-02
9.207500431432115162e-01 8.719039127619920837e-02
9.049439566958173975e-01 1.028788765877211714e-01
8.891618000989889303e-01 1.185897562616617246e-01
8.734075464262507360e-01 1.343296731455615456e-01
8.576851617267149397e-01 1.500497561705060878e-01
8.419986040266501659e-01 1.656705787753224857e-01
8.263518223330695855e-01 1.811010205511629223e-01
8.107487556395898132e-01 1.962518846125894389e-01
7.951933319348093443e-01 2.110450866009130066e-01
7.796894672134594417e-01 2.254191844907537656e-01
7.642410644905727191e-01 2.393319634113727223e-01
7.488520128189207758e-01 2.527607283980126129e-01
7.335261863099650226e-01 2.657008921887037411e-01
7.182674431585703845e-01 2.781633766285662168e-01
7.030796246717250231e-01 2.901712765771087832e-01
6.879665543015128781e-01 3.017561659434748744e-01
6.729320366825783939e-01 3.129543579596584246e-01
6.579798566743311206e-01 3.238033672383446859e-01
6.431137784081281117e-01 3.343387605725401390e-01
6.283375443396724824e-01 3.445915276610697076e-01
6.136548743068714895e-01 3.545860526479875374e-01
5.990694645933862805e-01 3.643387230252647102e-01
5.845849869981135649e-01 3.738571743716537221e-01
5.702050879108284676e-01 3.831401377240606920e-01
5.559333873942259308e-01 3.921778310824040603e-01
5.417734782725895926e-01 4.009528174731922801e-01
5.277289252273172915e-01 4.094412388517182366e-01
5.138032638995313484e-01 4.176143275079643447e-01
5.000000000000001110e-01 4.254400940646567153e-01
4.863226084265935834e-01 4.328850930511600192e-01
4.727745323894976259e-01 4.399161727831565338e-01
4.593591825444023335e-01 4.465021252185470968e-01
4.460799361338897429e-01 4.526151629205285576e-01
4.329401361372292589e-01 4.582321635652114589e-01
4.199430904288018462e-01 4.633356369255630658e-01
4.070920709453594855e-01 4.679143843191497232e-01
3.943903128623333920e-01 4.719638355414569331e-01
3.818410137793947223e-01 4.754860627921329574e-01
3.694473329154774888e-01 4.784894845752941661e-01
3.572123903134606371e-01 4.809882846253450972e-01
3.451392660547150104e-01 4.830015812609110837e-01
3.332309994837083789e-01 4.845523909645385041e-01
3.214905884428678196e-01 4.856664362670090052e-01
3.099209885178879631e-01 4.863708521024721620e-01
2.985251122936787294e-01 4.866928466885896420e-01
2.873058286211370715e-01 4.866583727384428681e-01
2.762659618949298013e-01 4.862908625550505515e-01
2.654082913424666845e-01 4.856100764773433331e-01
2.547355503242452190e-01 4.846311084673894931e-01
2.442504256457417311e-01 4.833635856190336977e-01
2.339555568810219865e-01 4.818110903218211782e-01
2.238535357082431787e-01 4.799708250426564238e-01
2.139469052572124941e-01 4.778335305101322206e-01
2.042381594691679014e-01 4.753836588198356305e-01
1.947297424689413692e-01 4.725997939290135230e-01
1.854240479496642724e-01 4.694553034620111975e-01
1.763234185701672008e-01 4.659191979631371328e-01
1.674301453652287108e-01 4.619571669369731404e-01
1.587464671688187945e-01 4.575327553949300463e-01
1.502745700504856119e-01 4.526086403259280688e-01
1.420165867650229341e-01 4.471479636281697201e-01
1.339745962155614034e-01 4.411156766315083577e-01
1.261506229302150617e-01 4.344798514129963873e-01
1.185466365524179277e-01 4.272129156239928838e-01
1.111645513450765232e-01 4.192927704254351684e-01
1.040062257086641351e-01 4.107037552494390287e-01
9.707346171337882801e-02 4.014374283169416802e-01
9.036800464548166989e-02 3.914931379603714956e-01
8.389154256793041053e-02 3.808783666222388953e-01
7.764570589541863743e-02 3.696088367035776368e-01
7.163206698392743377e-02 3.577083749891953324e-01
6.585213973489323358e-02 3.452085399458064696e-01
6.030737921409157209e-02 3.321480235443881046e-01
5.499918128533154427e-02 3.185718461800560175e-01
4.992888225905456334e-02 3.045303695485095941e-01
4.509775855592612626e-02 2.900781578067171407e-01
4.050702638550263135e-02 2.752727218428686062e-01
3.615784144005795842e-02 2.601731848833352401e-01
3.205129860364375194e-02 2.448389098826605215e-01
2.818843167645834757e-02 2.293281301225640612e-01
2.457021311459295365e-02 2.136966241703195102e-01
2.119755378522125699e-02 1.979964748352226189e-01
1.807130273729329328e-02 1.822749490694254848e-01
1.519224698779197968e-02 1.665735319751621146e-01
1.256111132360571148e-02 1.509271433240814975e-01
1.017855811906731578e-02 1.353635594129362352e-01
8.045187169204659483e-03 1.199030568427904841e-01
6.161535538745877005e-03 1.045582881034888417e-01
4.528077426915411152e-03 8.933439187081126942e-02
3.145224048057615462e-03 7.422933388663828513e-02
2.013323528115562588e-03 5.923446739912251874e-02
1.132660816992037134e-03 4.433529559194149955e-02
5.034576168149174080e-04 2.951241241978888596e-02
1.258723261249317105e-04 1.474259296588726828e-02
0.000000000000000000e+00 0.000000000000000000e+00
1.258723261249317105e-04 -1.144588210996469631e-02
5.034576168149174080e-04 -2.282589642561087817e-02
1.132660816992037134e-03 -3.407577871506037998e-02
2.013323528115562588e-03 -4.513454901269799147e-02
3.145224048057615462e-03 -5.594603332207455371e-02
4.528077426915411152e-03 -6.646024475310542690e-02
6.161535538745877005e-03 -7.663458371669004676e-02
8.045187169204659483e-03 -8.643482211293253281e-02
1.017855811906731578e-02 -9.583584279840179354e-02
1.256111132360571148e-02 -1.048221128205560487e-01
1.519224698779197968e-02 -1.133878767557243011e-01
1.807130273729329328e-02 -1.215370647536659909e-01
2.119755378522125699e-02 -1.292829183366549228e-01
2.457021311459295365e-02 -1.366473453777665992e-01
2.818843167645834757e-02 -1.436600237458997287e-01
3.205129860364375194e-02 -1.503572806158956221e-01
3.615784144005795842e-02 -1.567807811772633231e-01
4.050702638550263135e-02 -1.629760662316948883e-01
4.509775855592612626e-02 -1.689909827718228952e-01
4.992888225905456334e-02 -1.748740549376913700e-01
5.499918128533154427e-02 -1.806728446458801818e-01
6.030737921409157209e-02 -1.864323516118278345e-01
6.585213973489323358e-02 -1.921935014137123587e-01
7.163206698392743377e-02 -1.979917676949935756e-01
7.764570589541863743e-02 -2.038559706348005707e-01
8.389154256793041053e-02 -2.098072885356815909e-01
9.036800464548166989e-02 -2.158585129318874862e-01
9.707346171337882801e-02 -2.220135701900117220e-01
1.040062257086641351e-01 -2.282673243710875155e-01
1.111645513450765232e-01 -2.346056673891551980e-01
1.185466365524179277e-01 -2.410058934957462484e-01
1.261506229302150617e-01 -2.474373461152973575e-01
1.339745962155614034e-01 -2.538623163308625919e-01
1.420165867650229341e-01 -2.602371641473299468e-01
1.502745700504856119e-01 -2.665136263042746090e-01
1.587464671688187945e-01 -2.726402681171317677e-01
1.674301453652287108e-01 -2.785640318112757585e-01
1.763234185701672008e-01 -2.842318302626841153e-01
1.854240479496642724e-01 -2.895921331146521505e-01
1.947297424689413692e-01 -2.945964920002701048e-01
2.042381594691679014e-01 -2.992009531127663990e-01
2.139469052572124941e-01 -3.033673086249543127e-01
2.238535357082431787e-01 -3.070641434047536866e-01
2.339555568810219865e-01 -3.102676399911051819e-01
2.442504256457417311e-01 -3.129621127151493432e-01
2.547355503242452190e-01 -3.151402509564904530e-01
2.654082913424666845e-01 -3.168030615490832758e-01
2.762659618949298013e-01 -3.179595109914052364e-01
2.873058286211370715e-01 -3.186258790344869696e-01
2.985251122936787294e-01 -3.188248460589811484e-01
3.099209885178879631e-01 -3.185843470349991602e-01
3.214905884428678196e-01 -3.179362344092847015e-01
3.332309994837083789e-01 -3.169148006152155417e-01
3.451392660547150104e-01 -3.155552177041313078e-01
3.572123903134606371e-01 -3.138919565355776098e-01
3.694473329154774888e-01 -3.119572507668844086e-01
3.818410137793947223e-01 -3.097796713314141526e-01
3.943903128623333920e-01 -3.073828750370967700e-01
4.070920709453594855e-01 -3.047845862738499667e-01
4.199430904288018462e-01 -3.019958635931281332e-01
4.329401361372292589e-01 -2.990206932057740685e-01
4.460799361338897429e-01 -2.958559394176676904e-01
4.593591825444023335e-01 -2.924916679619252724e-01
4.727745323894976259e-01 -2.889118424598786650e-01
4.863226084265935834e-01 -2.850953773088925058e-01
5.000000000000001110e-01 -2.810175126955467562e-01
5.138032638995313484e-01 -2.766514597863111713e-01
5.277289252273172915e-01 -2.719702471384311537e-01
5.417734782725895926e-01 -2.669486837377055277e-01
5.559333873942259308e-01 -2.615653405805281051e-01
5.702050879108284676e-01 -2.558044421681852643e-01
5.845849869981135649e-01 -2.496575524656234335e-01
5.990694645933862805e-01 -2.431249375685221870e-01
6.136548743068714895e-01 -2.362164902536210698e-01
6.283375443396724824e-01 -2.289521104261204310e-01
6.431137784081281117e-01 -2.213614508064890851e-01
6.579798566743311206e-01 -2.134829594905926498e-01
6.729320366825783939e-01 -2.053621806152932106e-01
6.879665543015128781e-01 -1.970493114603688034e-01
7.030796246717250231e-01 -1.885960589425726142e-01
7.182674431585703845e-01 -1.800518904510082785e-01
7.335261863099650226e-01 -1.714598329801081122e-01
7.488520128189207758e-01 -1.628520399764143700e-01
7.642410644905727191e-01 -1.542454164548349438e-01
7.796894672134594417e-01 -1.456376687715995044e-01
7.951933319348093443e-01 -1.370042247656286238e-01
8.107487556395898132e-01 -1.282965513935676871e-01
8.263518223330695855e-01 -1.194424788895489808e-01
8.419986040266501659e-01 -1.103492211056268796e-01
8.576851617267149397e-01 -1.009098591044901988e-01
8.734075464262507360e-01 -9.101412722493761043e-02
8.891618000989889303e-01 -8.056440556624111515e-02
9.049439566958173975e-01 -6.949787791882290622e-02
9.207500431432115162e-01 -5.781585735797999809e-02
9.365760803434354242e-01 -4.562131078161599934e-02
9.524180841762578398e-01 -3.316562643730270460e-02
9.682720665019324269e-01 -2.090566287761456629e-02
9.841340361651920166e-01 -9.572091885387856366e-03
9.999999999999998890e-01 -2.500000000000548658e-04
