9.999999999999998890e-01 2.500000000001381868e-04
9.841340361651920166e-01 1.996887017482465443e-02
9.682720665019324269e-01 3.953670958336536617e-02
9.524180841762578398e-01 5.885309882336791504e-02
9.365760803434354242e-01 7.784789406328834760e-02
9.207500431432115162e-01 9.647525445612263606e-02
9.049439566958173975e-01 1.147083756256553344e-01
8.891618000989889303e-01 1.325349040845177351e-01
8.734075464262507360e-01 1.499530008558936367e-01
8.576851617267149397e-01 1.669680170357139837e-01
8.419986040266501659e-01 1.835897395450222513e-01
8.263518223330695855e-01 1.998301618636765531e-01
8.107487556395898132e-01 2.157017320740574617e-01
7.951933319348093443e-01 2.312160290322915479e-01
7.796894672134594417e-01 2.463828168692110687e-01
7.642410644905727191e-01 2.612094282391479450e-01
7.488520128189207758e-01 2.757004277091645861e-01
7.335261863099650226e-01 2.898575083357515236e-01
7.182674431585703845e-01 3.036795767269287460e-01
7.030796246717250231e-01 3.171629846485602977e-01
6.879665543015128781e-01 3.303018684162951080e-01
6.729320366825783939e-01 3.430885608305485057e-01
6.579798566743311206e-01 3.555140441740770596e-01
6.431137784081281117e-01 3.675684167152551418e-01
6.283375443396724824e-01 3.792413491639549106e-01
6.136548743068714895e-01 3.905225115344676534e-01
5.990694645933862805e-01 4.014019548102858992e-01
5.845849869981135649e-01 4.118704356141933975e-01
5.702050879108284676e-01 4.219196757064241354e-01
5.559333873942259308e-01 4.315425515135299928e-01
5.417734782725895926e-01 4.407332119887673039e-01
5.277289252273172915e-01 4.494871258870068442e-01
5.138032638995313484e-01 4.578010619772133194e-01
5.000000000000001110e-01 4.656730077952596081e-01
4.863226084265935834e-01 4.731020342488949648e-01
4.727745323894976259e-01 4.800881147222177403e-01
4.593591825444023335e-01 4.866319082932336615e-01
4.460799361338897429e-01 4.927345172858342282e-01
4.329401361372292589e-01 4.983972296435547622e-01
4.199430904288018462e-01 5.036212565588842338e-01
4.070920709453594855e-01 5.084074754453792311e-01
3.943903128623333920e-01 5.127561877309566585e-01
3.818410137793947223e-01 5.166669001130994587e-01
3.694473329154774888e-01 5.201381368862658672e-01
3.572123903134606371e-01 5.231672897659451760e-01
3.451392660547150104e-01 5.257505103307232863e-01
3.332309994837083789e-01 5.278826488215891954e-01
3.214905884428678196e-01 5.295572416139604499e-01
3.099209885178879631e-01 5.307665482486635389e-01
2.985251122936787294e-01 5.315016375074823607e-01
2.873058286211370715e-01 5.317525206785619352e-01
2.762659618949298013e-01 5.315083289055966276e-01
2.654082913424666845e-01 5.307575303777162246e-01
2.547355503242452190e-01 5.294881821159569402e-01
2.442504256457417311e-01 5.276882102650256590e-01
2.339555568810219865e-01 5.253457121194304857e-01
2.238535357082431787e-01 5.224492726106452212e-01
2.139469052572124941e-01 5.189882876622862184e-01
2.042381594691679014e-01 5.149532866848262058e-01
1.947297424689413692e-01 5.103362465276972681e-01
1.854240479496642724e-01 5.051308894286887785e-01
1.763234185701672008e-01 4.993329578887686360e-01
1.674301453652287108e-01 4.929404599422450572e-01
1.587464671688187945e-01 4.859538789721589702e-01
1.502745700504856119e-01 4.783763430212275569e-01
1.420165867650229341e-01 4.702137494499063486e-01
1.339745962155614034e-01 4.614748417740390796e-01
1.261506229302150617e-01 4.521712365529673150e-01
1.185466365524179277e-01 4.423173992720998982e-01
1.111645513450765232e-01 4.319305692489039394e-01
1.040062257086641351e-01 4.210306346655181553e-01
9.707346171337882801e-02 4.096399598728121538e-01
9.036800464548166989e-02 3.977831680990186469e-01
8.389154256793041053e-02 3.854868836117648079e-01
7.764570589541863743e-02 3.727794382079884783e-01
7.163206698392743377e-02 3.596905476264574686e-01
6.585213973489323358e-02 3.462509640794024790e-01
6.030737921409157209e-02 3.324921115725607557e-01
5.499918128533154427e-02 3.184457110188805840e-01
4.992888225905456334e-02 3.041434023451202728e-01
4.509775855592612626e-02 2.896163708402721970e-01
4.050702638550263135e-02 2.748949849005967727e-01
3.615784144005795842e-02 2.600084520912984698e-01
3.205129860364375194e-02 2.449845000752412238e-01
2.818843167645834757e-02 2.298490884629630637e-01
2.457021311459295365e-02 2.146261570260940554e-01
2.119755378522125699e-02 1.993374150008029866e-01
1.807130273729329328e-02 1.840021754034880941e-01
1.519224698779197968e-02 1.686372374035765287e-01
1.256111132360571148e-02 1.532568188651629859e-01
1.017855811906731578e-02 1.378725401983721122e-01
8.045187169204659483e-03 1.224934596713943696e-01
6.161535538745877005e-03 1.071261593439851167e-01
4.528077426915411152e-03 9.177487981150986296e-02
3.145224048057615462e-03 7.644170101372635417e-02
2.013323528115562588e-03 6.112676548177636143e-02
1.132660816992037134e-03 4.582853958686456536e-02
5.034576168149174080e-04 3.054410762977667962e-02
1.258723261249317105e-04 1.526949298516708069e-02
0.000000000000000000e+00 0.000000000000000000e+00
1.258723261249317105e-04 -1.415211915567991981e-02
5.034576168149174080e-04 -2.825568928399288179e-02
1.132660816992037134e-03 -4.226284366947311022e-02
2.013323528115562588e-03 -5.612718953772468516e-02
3.145224048057615462e-03 -6.980450400531139354e-02
4.528077426915411152e-03 -8.325338190225808899e-02
6.161535538745877005e-03 -9.643582124016972235e-02
8.045187169204659483e-03 -1.093177335973880143e-01
1.017855811906731578e-02 -1.218693684950769712e-01
1.256111132360571148e-02 -1.340656429002298478e-01
1.519224698779197968e-02 -1.458863692624704500e-01
1.807130273729329328e-02 -1.573163779150778541e-01
2.119755378522125699e-02 -1.683455321871858978e-01
2.457021311459295365e-02 -1.789686371213705107e-01
2.818843167645834757e-02 -1.891852452060060197e-01
3.205129860364375194e-02 -1.989993649527101727e-01
3.615784144005795842e-02 -2.084190804161470956e-01
4.050702638550263135e-02 -2.174560918104573026e-01
4.509775855592612626e-02 -2.261251891729481600e-01
4.992888225905456334e-02 -2.344436725171575031e-01
5.499918128533154427e-02 -2.424307330674795868e-01
6.030737921409157209e-02 -2.501068109481782709e-01
6.585213973489323358e-02 -2.574929450921557561e-01
7.163206698392743377e-02 -2.646101311303875048e-01
7.764570589541863743e-02 -2.714787026227085120e-01
8.389154256793041053e-02 -2.781177502058860274e-01
9.036800464548166989e-02 -2.845445920867968881e-01
9.707346171337882801e-02 -2.907743078275004667e-01
1.040062257086641351e-01 -2.968193455941838255e-01
1.111645513450765232e-01 -3.026892110201025998e-01
1.185466365524179277e-01 -3.083902436170765649e-01
1.261506229302150617e-01 -3.139254843192697542e-01
1.339745962155614034e-01 -3.192946353190871944e-01
1.420165867650229341e-01 -3.244941109223684061e-01
1.502745700504856119e-01 -3.295171757733991735e-01
1.587464671688187945e-01 -3.343541645431476472e-01
1.674301453652287108e-01 -3.389927750971922227e-01
1.763234185701672008e-01 -3.434184253190998293e-01
1.854240479496642724e-01 -3.476146622105819040e-01
1.947297424689413692e-01 -3.515636106641077396e-01
2.042381594691679014e-01 -3.552464484406215317e-01
2.139469052572124941e-01 -3.586438934086942920e-01
2.238535357082431787e-01 -3.617366890254116729e-01
2.339555568810219865e-01 -3.645060743661023839e-01
2.442504256457417311e-01 -3.669342257308833566e-01
2.547355503242452190e-01 -3.690046579509543290e-01
2.654082913424666845e-01 -3.707025749557091854e-01
2.762659618949298013e-01 -3.720151609019111683e-01
2.873058286211370715e-01 -3.729318051579119109e-01
2.985251122936787294e-01 -3.734442566206158665e-01
3.099209885178879631e-01 -3.735467051553300610e-01
3.214905884428678196e-01 -3.732357903185666292e-01
3.332309994837083789e-01 -3.725105398779309795e-01
3.451392660547150104e-01 -3.713722429069608033e-01
3.572123903134606371e-01 -3.698242643327039336e-01
3.694473329154774888e-01 -3.678718096796295134e-01
3.818410137793947223e-01 -3.655216503201437761e-01
3.943903128623333920e-01 -3.627818207519089011e-01
4.070920709453594855e-01 -3.596613002271636939e-01
4.199430904288018462e-01 -3.561696914222648447e-01
4.329401361372292589e-01 -3.523169087325721538e-01
4.460799361338897429e-01 -3.481128881985087742e-01
4.593591825444023335e-01 -3.435673300182973677e-01
4.727745323894976259e-01 -3.386894831025045738e-01
4.863226084265935834e-01 -3.334879792122334430e-01
5.000000000000001110e-01 -3.279707219497959292e-01
5.138032638995313484e-01 -3.221448333066445069e-01
5.277289252273172915e-01 -3.160166577014723588e-01
5.417734782725895926e-01 -3.095918205581106863e-01
5.559333873942259308e-01 -3.028753355858659901e-01
5.702050879108284676e-01 -2.958717521511738391e-01
5.845849869981135649e-01 -2.885853315923593287e-01
5.990694645933862805e-01 -2.810202391561144597e-01
6.136548743068714895e-01 -2.731807365527907372e-01
6.283375443396724824e-01 -2.650713590627537530e-01
6.431137784081281117e-01 -2.566970607965514684e-01
6.579798566743311206e-01 -2.480633122263239398e-01
6.729320366825783939e-01 -2.391761355601021155e-01
6.879665543015128781e-01 -2.300420660028425490e-01
7.030796246717250231e-01 -2.206680304963795358e-01
7.182674431585703845e-01 -2.110611401897741768e-01
7.335261863099650226e-01 -2.012283986705077909e-01
7.488520128189207758e-01 -1.911763348658968575e-01
7.642410644905727191e-01 -1.809105774529791155e-01
7.796894672134594417e-01 -1.704353965122853143e-01
7.951933319348093443e-01 -1.597532479124275095e-01
8.107487556395898132e-01 -1.488643663719311783e-01
8.263518223330695855e-01 -1.377664641341572183e-01
8.419986040266501659e-01 -1.264546035019940007e-01
8.576851617267149397e-01 -1.149213228744943860e-01
8.734075464262507360e-01 -1.031571071455045230e-01
8.891618000989889303e-01 -9.115130408037415422e-02
9.049439566958173975e-01 -7.889359827906169964e-02
9.207500431432115162e-01 -6.637616324749946728e-02
9.365760803434354242e-01 -5.359661961160039345e-02
9.524180841762578398e-01 -4.056193329588880792e-02
9.682720665019324269e-01 -2.729339123229183525e-02
9.841340361651920166e-01 -1.383279355648656117e-02
9.999999999999998890e-01 -2.500000000000951982e-04
