9.999999999999998890e-01 2.500000000000685268e-04
9.841340361651920166e-01 1.003340691123219032e-02
9.682720665019324269e-01 1.974325014751319302e-02
9.524180841762578398e-01 2.932974944526868522e-02
9.365760803434354242e-01 3.875759954908048616e-02
9.207500431432115162e-01 4.800326797506003496e-02
9.049439566958173975e-01 5.705257700322446945e-02
8.891618000989889303e-01 6.589856660092104079e-02
8.734075464262507360e-01 7.453963145956572778e-02
8.576851617267149397e-01 8.297792218344239579e-02
8.419986040266501659e-01 9.121799792152228414e-02
8.263518223330695855e-01 9.926571539412981648e-02
8.107487556395898132e-01 1.071273373422261810e-01
7.951933319348093443e-01 1.148088419182779207e-01
7.796894672134594417e-01 1.223154134382632985e-01
7.642410644905727191e-01 1.296510942128360766e-01
7.488520128189207758e-01 1.368185768552363235e-01
7.335261863099650226e-01 1.438191165026799501e-01
7.182674431585703845e-01 1.506525427608865209e-01
7.030796246717250231e-01 1.573173518586811481e-01
6.879665543015128781e-01 1.638108604487202025e-01
6.729320366825783939e-01 1.701294036764256501e-01
6.579798566743311206e-01 1.762685615254609428e-01
6.431137784081281117e-01 1.822233989967207701e-01
6.283375443396724824e-01 1.879887073505258077e-01
6.136548743068714895e-01 1.935592354003405624e-01
5.990694645933862805e-01 1.989299016534679110e-01
5.845849869981135649e-01 2.040959799137029851e-01
5.702050879108284676e-01 2.090532527586075329e-01
5.559333873942259308e-01 2.137981290479608887e-01
5.417734782725895926e-01 2.183277232808701618e-01
5.277289252273172915e-01 2.226398961709152302e-01
5.138032638995313484e-01 2.267332572288842385e-01
5.000000000000001110e-01 2.306071314121329874e-01
4.863226084265935834e-01 2.342614930031346465e-01
4.727745323894976259e-01 2.376968708061003022e-01
4.593591825444023335e-01 2.409142294922463068e-01
4.460799361338897429e-01 2.439148324778829813e-01
4.329401361372292589e-01 2.467000920853034684e-01
4.199430904288018462e-01 2.492714129183516147e-01
4.070920709453594855e-01 2.516300343898716374e-01
3.943903128623333920e-01 2.537768781773891424e-01
3.818410137793947223e-01 2.557124060695740719e-01
3.694473329154774888e-01 2.574364932149439400e-01
3.572123903134606371e-01 2.589483212135899048e-01
3.451392660547150104e-01 2.602462948217832972e-01
3.332309994837083789e-01 2.613279852887233079e-01
3.214905884428678196e-01 2.621901025356963011e-01
3.099209885178879631e-01 2.628284975422394698e-01
2.985251122936787294e-01 2.632381954430421667e-01
2.873058286211370715e-01 2.634134589843646346e-01
2.762659618949298013e-01 2.633478811598072844e-01
2.654082913424666845e-01 2.630345050612211133e-01
2.547355503242452190e-01 2.624659682586460985e-01
2.442504256457417311e-01 2.616346683787982297e-01
2.339555568810219865e-01 2.605329459979899842e-01
2.238535357082431787e-01 2.591532805133786033e-01
2.139469052572124941e-01 2.574884943144490346e-01
2.042381594691679014e-01 2.555319603504598303e-01
1.947297424689413692e-01 2.532778080823436806e-01
1.854240479496642724e-01 2.507211228197696040e-01
1.763234185701672008e-01 2.478581335736413649e-01
1.674301453652287108e-01 2.446863847966657679e-01
1.587464671688187945e-01 2.412048877328524521e-01
1.502745700504856119e-01 2.374142475418553333e-01
1.420165867650229341e-01 2.333167628949445738e-01
1.339745962155614034e-01 2.289164953434800753e-01
1.261506229302150617e-01 2.242193064240342315e-01
1.185466365524179277e-01 2.192328611717044573e-01
1.111645513450765232e-01 2.139665974488812183e-01
1.040062257086641351e-01 2.084316612445684391e-01
9.707346171337882801e-02 2.026408088430417254e-01
9.036800464548166989e-02 1.966082774841538539e-01
8.389154256793041053e-02 1.903496268255621959e-01
7.764570589541863743e-02 1.838815541550274102e-01
7.163206698392743377e-02 1.772216868753952457e-01
6.585213973489323358e-02 1.703883562840125543e-01
6.030737921409157209e-02 1.634003570819231033e-01
5.499918128533154427e-02 1.562766973678473836e-01
4.992888225905456334e-02 1.490363440913106963e-01
4.509775855592612626e-02 1.416979690540836889e-01
4.050702638550263135e-02 1.342797005572629598e-01
3.615784144005795842e-02 1.267988856930038488e-01
3.205129860364375194e-02 1.192718680774189355e-01
2.818843167645834757e-02 1.117137855189646728e-01
2.457021311459295365e-02 1.041383917211979176e-01
2.119755378522125699e-02 9.655790563847736763e-02
1.807130273729329328e-02 8.898289154804968348e-02
1.519224698779197968e-02 8.142217228355357050e-02
1.256111132360571148e-02 7.388277740608692468e-02
1.017855811906731578e-02 6.636992738339379805e-02
8.045187169204659483e-03 5.888705411992428695e-02
6.161535538745877005e-03 5.143585744541036286e-02
4.528077426915411152e-03 4.401639644216941150e-02
3.145224048057615462e-03 3.662721378646183884e-02
2.013323528115562588e-03 2.926549061116193867e-02
1.132660816992037134e-03 2.192722877938056356e-02
5.034576168149174080e-04 1.460745690398860749e-02
1.258723261249317105e-04 7.300455967478167857e-03
0.000000000000000000e+00 0.000000000000000000e+00
1.258723261249317105e-04 -6.602097285828604188e-03
5.034576168149174080e-04 -1.317719536280283210e-02
1.132660816992037134e-03 -1.969866872177878508e-02
2.013323528115562588e-03 -2.614075550665011932e-02
3.145224048057615462e-03 -3.247896549147356177e-02
4.528077426915411152e-03 -3.869046006481192262e-02
6.161535538745877005e-03 -4.475439593370111879e-02
8.045187169204659483e-03 -5.065222512114939818e-02
1.017855811906731578e-02 -5.636794486787295028e-02
1.256111132360571148e-02 -6.188829223579835753e-02
1.519224698779197968e-02 -6.720287951878944899e-02
1.807130273729329328e-02 -7.230426796315946036e-02
2.119755378522125699e-02 -7.718797875277796927e-02
2.457021311459295365e-02 -8.185244168550513677e-02
2.818843167645834757e-02 -8.629888342340698293e-02
3.205129860364375194e-02 -9.053115860319593811e-02
3.615784144005795842e-02 -9.455552841137415676e-02
4.050702638550263135e-02 -9.838039242850525612e-02
4.509775855592612626e-02 -1.020159805997013502e-01
4.992888225905456334e-02 -1.054740130682113586e-01
5.499918128533154427e-02 -1.087673362946599415e-01
6.030737921409157209e-02 -1.119095443595396616e-01
6.585213973489323358e-02 -1.149145945997968321e-01
7.163206698392743377e-02 -1.177964267560853012e-01
7.764570589541863743e-02 -1.205685946055273378e-01
8.389154256793041053e-02 -1.232439186313599028e-01
9.036800464548166989e-02 -1.258341676470063342e-01
9.707346171337882801e-02 -1.283497764645953609e-01
1.040062257086641351e-01 -1.307996056983791733e-01
1.111645513450765232e-01 -1.331907486479433356e-01
1.185466365524179277e-01 -1.355283889443993639e-01
1.261506229302150617e-01 -1.378157112977924648e-01
1.339745962155614034e-01 -1.400538662908668575e-01
1.420165867650229341e-01 -1.422419887595685328e-01
1.502745700504856119e-01 -1.443772679210961751e-01
1.587464671688187945e-01 -1.464550660922831204e-01
1.674301453652287108e-01 -1.484690816194398355e-01
1.763234185701672008e-01 -1.504115505479691195e-01
1.854240479496642724e-01 -1.522734806252312723e-01
1.947297424689413692e-01 -1.540449104783851719e-01
2.042381594691679014e-01 -1.557151862605503367e-01
2.139469052572124941e-01 -1.572732477285390396e-01
2.238535357082431787e-01 -1.587079156126684765e-01
2.339555568810219865e-01 -1.600081722666571171e-01
2.442504256457417311e-01 -1.611634279398979352e-01
2.547355503242452190e-01 -1.621637655856731364e-01
2.654082913424666845e-01 -1.630001578911467186e-01
2.762659618949298013e-01 -1.636646511663823744e-01
2.873058286211370715e-01 -1.641505118329560642e-01
2.985251122936787294e-01 -1.644523324759965266e-01
3.099209885178879631e-01 -1.645660957307739647e-01
3.214905884428678196e-01 -1.644891956272972466e-01
3.332309994837083789e-01 -1.642204173727950245e-01
3.451392660547150104e-01 -1.637598778705206815e-01
3.572123903134606371e-01 -1.631089305123685218e-01
3.694473329154774888e-01 -1.622700389020708123e-01
3.818410137793947223e-01 -1.612466251276641338e-01
3.943903128623333920e-01 -1.600428989726561668e-01
4.070920709453594855e-01 -1.586636750060365086e-01
4.199430904288018462e-01 -1.571141847990325524e-01
4.329401361372292589e-01 -1.553998915653020951e-01
4.460799361338897429e-01 -1.535263143027018884e-01
4.593591825444023335e-01 -1.514988680287958633e-01
4.727745323894976259e-01 -1.493227259574710086e-01
4.863226084265935834e-01 -1.470027084779466642e-01
5.000000000000001110e-01 -1.445432025965339706e-01
5.138032638995313484e-01 -1.419481141208625008e-01
5.277289252273172915e-01 -1.392208533492733935e-01
5.417734782725895926e-01 -1.363643534255580270e-01
5.559333873942259308e-01 -1.333811188886168120e-01
5.702050879108284676e-01 -1.302733003508052267e-01
5.845849869981135649e-01 -1.270427897446620435e-01
5.990694645933862805e-01 -1.236913292548557364e-01
6.136548743068714895e-01 -1.202206259708859248e-01
6.283375443396724824e-01 -1.166324635257040415e-01
6.431137784081281117e-01 -1.129288015924980321e-01
6.579798566743311206e-01 -1.091118541581296009e-01
6.729320366825783939e-01 -1.051841380320657909e-01
6.879665543015128781e-01 -1.011484841303779830e-01
7.030796246717250231e-01 -9.700800573122235482e-02
7.182674431585703845e-01 -9.276602015467111384e-02
7.335261863099650226e-01 -8.842592318553184338e-02
7.488520128189207758e-01 -8.399101902746476667e-02
7.642410644905727191e-01 -7.946431262867047207e-02
7.796894672134594417e-01 -7.484827581504868710e-02
7.951933319348093443e-01 -7.014460374996174530e-02
8.107487556395898132e-01 -6.535398373689939311e-02
8.263518223330695855e-01 -6.047590420145691065e-02
8.419986040266501659e-01 -5.550853772441383810e-02
8.576851617267149397e-01 -5.044873812500767080e-02
8.734075464262507360e-01 -4.529219767516570738e-02
8.891618000989889303e-01 -4.003381641152636145e-02
9.049439566958173975e-01 -3.466834104235939906e-02
9.207500431432115162e-01 -2.919133595313265495e-02
9.365760803434354242e-01 -2.360055312480145023e-02
9.524180841762578398e-01 -1.789777121858611084e-02
9.682720665019324269e-01 -1.209117647741393166e-02
9.841340361651920166e-01 -6.198359279970429292e-03
9.999999999999998890e-01 -2.500000000000416928e-04
