9.999999999999998890e-01 2.500000000001109733e-04
9.841340361651920166e-01 1.604299833862994282e-02
9.682720665019324269e-01 3.157882531602373977e-02
9.524180841762578398e-01 4.672054677718092547e-02
9.365760803434354242e-01 6.138077181345226452e-02
9.207500431432115162e-01 7.551105871982036200e-02
9.049439566958173975e-01 8.909277038466725807e-02
8.891618000989889303e-01 1.021292843310723092e-01
8.734075464262507360e-01 1.146394549780992145e-01
8.576851617267149397e-01 1.266522204841191435e-01
8.419986040266501659e-01 1.382022436162095858e-01
8.263518223330695855e-01 1.493264752802262729e-01
8.107487556395898132e-01 1.600615304460674404e-01
7.951933319348093443e-01 1.704417689982468120e-01
7.796894672134594417e-01 1.804979783096388735e-01
7.642410644905727191e-01 1.902565598474335318e-01
7.488520128189207758e-01 1.997391286453267245e-01
7.335261863099650226e-01 2.089624417884278773e-01
7.182674431585703845e-01 2.179385799378978084e-01
7.030796246717250231e-01 2.266753141619272938e-01
6.879665543015128781e-01 2.351765987426110427e-01
6.729320366825783939e-01 2.434431390146865049e-01
6.579798566743311206e-01 2.514729914999440097e-01
6.431137784081281117e-01 2.592621614877883007e-01
6.283375443396724824e-01 2.668051706558296488e-01
6.136548743068714895e-01 2.740955742235580139e-01
5.990694645933862805e-01 2.811264134074676901e-01
5.845849869981135649e-01 2.878905945388528509e-01
5.702050879108284676e-01 2.943811910777390795e-01
5.559333873942259308e-01 3.005916688892870114e-01
5.417734782725895926e-01 3.065160385418684297e-01
5.277289252273172915e-01 3.121489410547415022e-01
5.138032638995313484e-01 3.174856754984383689e-01
5.000000000000001110e-01 3.225221781759607942e-01
4.863226084265935834e-01 3.272549638416703544e-01
4.727745323894976259e-01 3.316810396098321401e-01
4.593591825444023335e-01 3.357978019349635024e-01
4.460799361338897429e-01 3.396029263844140278e-01
4.329401361372292589e-01 3.430942589450377556e-01
4.199430904288018462e-01 3.462697163855992799e-01
4.070920709453594855e-01 3.491272018081518214e-01
3.943903128623333920e-01 3.516645400351646189e-01
3.818410137793947223e-01 3.538794359599770623e-01
3.694473329154774888e-01 3.557694574954973765e-01
3.572123903134606371e-01 3.573320433422175202e-01
3.451392660547150104e-01 3.585645345060535227e-01
3.332309994837083789e-01 3.594642273654537479e-01
3.214905884428678196e-01 3.600284451432801403e-01
3.099209885178879631e-01 3.602546239012057172e-01
2.985251122936787294e-01 3.601404086534318871e-01
2.873058286211370715e-01 3.596837548949939345e-01
2.762659618949298013e-01 3.588830307529401464e-01
2.654082913424666845e-01 3.577371150845915504e-01
2.547355503242452190e-01 3.562454871483851093e-01
2.442504256457417311e-01 3.544083039369506638e-01
2.339555568810219865e-01 3.522264618626159693e-01
2.238535357082431787e-01 3.497016401931061225e-01
2.139469052572124941e-01 3.468363244186430383e-01
2.042381594691679014e-01 3.436338085589954461e-01
1.947297424689413692e-01 3.400981762586177681e-01
1.854240479496642724e-01 3.362342613393633495e-01
1.763234185701672008e-01 3.320475892549572539e-01
1.674301453652287108e-01 3.275443015939246139e-01
1.587464671688187945e-01 3.227310663858990458e-01
1.502745700504856119e-01 3.176149774621206956e-01
1.420165867650229341e-01 3.122034464907482154e-01
1.339745962155614034e-01 3.065040915422824197e-01
1.261506229302150617e-01 3.005246261355077331e-01
1.185466365524179277e-01 2.942727526701688912e-01
1.111645513450765232e-01 2.877560639738370174e-01
1.040062257086641351e-01 2.809819563859794478e-01
9.707346171337882801e-02 2.739575573848021528e-01
9.036800464548166989e-02 2.666896702478994130e-01
8.389154256793041053e-02 2.591847376447345974e-01
7.764570589541863743e-02 2.514488254081316820e-01
7.163206698392743377e-02 2.434876270452805136e-01
6.585213973489323358e-02 2.353064888489427020e-01
6.030737921409157209e-02 2.269104547791902793e-01
5.499918128533154427e-02 2.183043296270759659e-01
4.992888225905456334e-02 2.094927583646723490e-01
4.509775855592612626e-02 2.004803190495545173e-01
4.050702638550263135e-02 1.912716262022053915e-01
3.615784144005795842e-02 1.818714412252839530e-01
3.205129860364375194e-02 1.722847861942088943e-01
2.818843167645834757e-02 1.625170572256590673e-01
2.457021311459295365e-02 1.525741336272650739e-01
2.119755378522125699e-02 1.424624791472461627e-01
1.807130273729329328e-02 1.321892318726815008e-01
1.519224698779197968e-02 1.217622796617695291e-01
1.256111132360571148e-02 1.111903184279141171e-01
1.017855811906731578e-02 1.004828911080970916e-01
8.045187169204659483e-03 8.965040572870190683e-02
6.161535538745877005e-03 7.870413161082988329e-02
4.528077426915411152e-03 6.765617341491324266e-02
3.145224048057615462e-03 5.651942339113964070e-02
2.013323528115562588e-03 4.530749285758958744e-02
1.132660816992037134e-03 3.403462455240852808e-02
5.034576168149174080e-04 2.271558808097991211e-02
1.258723261249317105e-04 1.136556118675602356e-02
0.000000000000000000e+00 0.000000000000000000e+00
1.258723261249317105e-04 -1.126646268768822373e-02
5.034576168149174080e-04 -2.251508304364710500e-02
1.132660816992037134e-03 -3.372810867719522321e-02
2.013323528115562588e-03 -4.488808950616234722e-02
3.145224048057615462e-03 -5.597802035291837147e-02
4.528077426915411152e-03 -6.698147350615663020e-02
6.161535538745877005e-03 -7.788271830547116581e-02
8.045187169204659483e-03 -8.866682513699135348e-02
1.017855811906731578e-02 -9.931975162622379283e-02
1.256111132360571148e-02 -1.098284092686662161e-01
1.519224698779197968e-02 -1.201807092380937775e-01
1.807130273729329328e-02 -1.303655866438313271e-01
2.119755378522125699e-02 -1.403730030582544530e-01
2.457021311459295365e-02 -1.501939276899619258e-01
2.818843167645834757e-02 -1.598202981222708041e-01
3.205129860364375194e-02 -1.692449620567529345e-01
3.615784144005795842e-02 -1.784616019839108392e-01
4.050702638550263135e-02 -1.874646451351222320e-01
4.509775855592612626e-02 -1.962491614402462059e-01
4.992888225905456334e-02 -2.048107525138697371e-01
5.499918128533154427e-02 -2.131454349119936420e-01
6.030737921409157209e-02 -2.212495210338898122e-01
6.585213973489323358e-02 -2.291195010870190618e-01
7.163206698392743377e-02 -2.367519294846289479e-01
7.764570589541863743e-02 -2.441433189067386822e-01
8.389154256793041053e-02 -2.512900450287474663e-01
9.036800464548166989e-02 -2.581882646133194514e-01
9.707346171337882801e-02 -2.648338492781301956e-01
1.040062257086641351e-01 -2.712223368041768445e-01
1.111645513450765232e-01 -2.773489013481159615e-01
1.185466365524179277e-01 -2.832083433805501760e-01
1.261506229302150617e-01 -2.887950996045500762e-01
1.339745962155614034e-01 -2.941032725301357398e-01
1.420165867650229341e-01 -2.991266788065597981e-01
1.502745700504856119e-01 -3.038589148608024648e-01
1.587464671688187945e-01 -3.082934378731489455e-01
1.674301453652287108e-01 -3.124236596538380040e-01
1.763234185701672008e-01 -3.162430505822012572e-01
1.854240479496642724e-01 -3.197452504436661957e-01
1.947297424689413692e-01 -3.229241827608436144e-01
2.042381594691679014e-01 -3.257741690709323734e-01
2.139469052572124941e-01 -3.282900395587115550e-01
2.238535357082431787e-01 -3.304672365157504399e-01
2.339555568810219865e-01 -3.323019072626725579e-01
2.442504256457417311e-01 -3.337909834400841214e-01
2.547355503242452190e-01 -3.349322439399787799e-01
2.654082913424666845e-01 -3.357243592051509240e-01
2.762659618949298013e-01 -3.361669151588074222e-01
2.873058286211370715e-01 -3.362604156271185030e-01
2.985251122936787294e-01 -3.360062627686576375e-01
3.099209885178879631e-01 -3.354067157094358653e-01
3.214905884428678196e-01 -3.344648282819240870e-01
3.332309994837083789e-01 -3.331843674614439754e-01
3.451392660547150104e-01 -3.315697147633321906e-01
3.572123903134606371e-01 -3.296257534890549290e-01
3.694473329154774888e-01 -3.273577452690877299e-01
3.818410137793947223e-01 -3.247711998260203181e-01
3.943903128623333920e-01 -3.218717422556096608e-01
4.070920709453594855e-01 -3.186649823810637217e-01
4.199430904288018462e-01 -3.151563908638412292e-01
4.329401361372292589e-01 -3.113511867428287450e-01
4.460799361338897429e-01 -3.072542409163382393e-01
4.593591825444023335e-01 -3.028699997750905482e-01
4.727745323894976259e-01 -2.982024327402093000e-01
4.863226084265935834e-01 -2.932550068633676954e-01
5.000000000000001110e-01 -2.880306909158449891e-01
5.138032638995313484e-01 -2.825319905427518541e-01
5.277289252273172915e-01 -2.767610151054759604e-01
5.417734782725895926e-01 -2.707195758006933350e-01
5.559333873942259308e-01 -2.644093135527511573e-01
5.702050879108284676e-01 -2.578318540556351901e-01
5.845849869981135649e-01 -2.509889862213805500e-01
5.990694645933862805e-01 -2.438828592059775757e-01
6.136548743068714895e-01 -2.365161921651544041e-01
6.283375443396724824e-01 -2.288924899750726938e-01
6.431137784081281117e-01 -2.210162573709356371e-01
6.579798566743311206e-01 -2.128932033427592130e-01
6.729320366825783939e-01 -2.045304272132236756e-01
6.879665543015128781e-01 -1.959365776360590949e-01
7.030796246717250231e-01 -1.871219758197678884e-01
7.182674431585703845e-01 -1.780986946213130584e-01
7.335261863099650226e-01 -1.688805857833080293e-01
7.488520128189207758e-01 -1.594832485161729596e-01
7.642410644905727191e-01 -1.499239338573004898e-01
7.796894672134594417e-01 -1.402213807693694358e-01
7.951933319348093443e-01 -1.303955817593078492e-01
8.107487556395898132e-01 -1.204674778903956911e-01
8.263518223330695855e-01 -1.104585853975413590e-01
8.419986040266501659e-01 -1.003905586673499717e-01
8.576851617267149397e-01 -9.028469707054705140e-02
8.734075464262507360e-01 -8.016140598808597917e-02
8.891618000989889303e-01 -7.003962530103184647e-02
9.049439566958173975e-01 -5.993624155959700189e-02
9.207500431432115162e-01 -4.986550294525316646e-02
9.365760803434354242e-01 -3.983845892455432913e-02
9.524180841762578398e-01 -2.986244909435034969e-02
9.682720665019324269e-01 -1.994066806407380349e-02
9.841340361651920166e-01 -1.007183524016330017e-02
9.999999999999998890e-01 -2.500000000000685810e-04
