9.999999999999998890e-01 2.500000000000979629e-04
9.841340361651920166e-01 1.422539615140454641e-02
9.682720665019324269e-01 2.809149939900323911e-02
9.524180841762578398e-01 4.177704920041506315e-02
9.365760803434354242e-01 5.523313459218445048e-02
9.207500431432115162e-01 6.842853658870831635e-02
9.049439566958173975e-01 8.134567832160236045e-02
8.891618000989889303e-01 9.397715021674804547e-02
8.734075464262507360e-01 1.063227732436531209e-01
8.576851617267149397e-01 1.183871599920550965e-01
8.419986040266501659e-01 1.301777309951865358e-01
8.263518223330695855e-01 1.417031422777990379e-01
8.107487556395898132e-01 1.529720795001096867e-01
7.951933319348093443e-01 1.639923742283851960e-01
7.796894672134594417e-01 1.747703987144759163e-01
7.642410644905727191e-01 1.853106970309669199e-01
7.488520128189207758e-01 1.956158124031730505e-01
7.335261863099650226e-01 2.056862730197321909e-01
7.182674431585703845e-01 2.155207014056012838e-01
7.030796246717250231e-01 2.251160155215945757e-01
6.879665543015128781e-01 2.344676930324367525e-01
6.729320366825783939e-01 2.435700735835203690e-01
6.579798566743311206e-01 2.524166773726563284e-01
6.431137784081281117e-01 2.610005217301595293e-01
6.283375443396724824e-01 2.693144207679047386e-01
6.136548743068714895e-01 2.773512563716282742e-01
5.990694645933862805e-01 2.851042118440933471e-01
5.845849869981135649e-01 2.925669623205688907e-01
5.702050879108284676e-01 2.997338186408007865e-01
5.559333873942259308e-01 3.065998236492200046e-01
5.417734782725895926e-01 3.131608018908624280e-01
5.277289252273172915e-01 3.194133653647899806e-01
5.138032638995313484e-01 3.253548793868378253e-01
5.000000000000001110e-01 3.309833937025975503e-01
4.863226084265935834e-01 3.362975447887012193e-01
4.727745323894976259e-01 3.412964357996845499e-01
4.593591825444023335e-01 3.459795008773750569e-01
4.460799361338897429e-01 3.503463605618427068e-01
4.329401361372292589e-01 3.543966748524096100e-01
4.199430904288018462e-01 3.581300000911141201e-01
4.070920709453594855e-01 3.615456553079471891e-01
3.943903128623333920e-01 3.646426030064516821e-01
3.818410137793947223e-01 3.674193486093791372e-01
3.694473329154774888e-01 3.698738619559910901e-01
3.572123903134606371e-01 3.720035233732211788e-01
3.451392660547150104e-01 3.738050959586621258e-01
3.332309994837083789e-01 3.752747248386614776e-01
3.214905884428678196e-01 3.764079633217985998e-01
3.099209885178879631e-01 3.771998250762210736e-01
2.985251122936787294e-01 3.776448607354309095e-01
2.873058286211370715e-01 3.777372566949324662e-01
2.762659618949298013e-01 3.774709533124366856e-01
2.654082913424666845e-01 3.768397792748452990e-01
2.547355503242452190e-01 3.758375985508356498e-01
2.442504256457417311e-01 3.744584661105628265e-01
2.339555568810219865e-01 3.726967884631472439e-01
2.238535357082431787e-01 3.705474850351751503e-01
2.139469052572124941e-01 3.680061464841738461e-01
2.042381594691679014e-01 3.650691862027667378e-01
1.947297424689413692e-01 3.617339815132498693e-01
1.854240479496642724e-01 3.579990013685956929e-01
1.763234185701672008e-01 3.538639177533616231e-01
1.674301453652287108e-01 3.493296984049765741e-01
1.587464671688187945e-01 3.443986789403256643e-01
1.502745700504856119e-01 3.390746129623288807e-01
1.420165867650229341e-01 3.333626992243607923e-01
1.339745962155614034e-01 3.272695854353834810e-01
1.261506229302150617e-01 3.208033487847213872e-01
1.185466365524179277e-01 3.139734537424586636e-01
1.111645513450765232e-01 3.067906881405064734e-01
1.040062257086641351e-01 2.992670789525272435e-01
9.707346171337882801e-02 2.914157895614689076e-01
9.036800464548166989e-02 2.832510006259549851e-01
8.389154256793041053e-02 2.747877769271082071e-01
7.764570589541863743e-02 2.660419227926175689e-01
7.163206698392743377e-02 2.570298288534000886e-01
6.585213973489323358e-02 2.477683129895902892e-01
6.030737921409157209e-02 2.382744583674863137e-01
5.499918128533154427e-02 2.285654514591699271e-01
4.992888225905456334e-02 2.186584228744021807e-01
4.509775855592612626e-02 2.085702937234450716e-01
4.050702638550263135e-02 1.983176300737390374e-01
3.615784144005795842e-02 1.879165078674812916e-01
3.205129860364375194e-02 1.773823904360933013e-01
2.818843167645834757e-02 1.667300204866821178e-01
2.457021311459295365e-02 1.559733281503560276e-01
2.119755378522125699e-02 1.451253563782427258e-01
1.807130273729329328e-02 1.341982046537895379e-01
1.519224698779197968e-02 1.232029916648698931e-01
1.256111132360571148e-02 1.121498372515877667e-01
1.017855811906731578e-02 1.010478636204843600e-01
8.045187169204659483e-03 8.990521549779292854e-02
6.161535538745877005e-03 7.872909858783928849e-02
4.528077426915411152e-03 6.752583541161337466e-02
3.145224048057615462e-03 5.630093732861955053e-02
2.013323528115562588e-03 4.505919129549477986e-02
1.132660816992037134e-03 3.380475969048600537e-02
5.034576168149174080e-04 2.254129133610232455e-02
1.258723261249317105e-04 1.127204168518534250e-02
0.000000000000000000e+00 0.000000000000000000e+00
1.258723261249317105e-04 -1.071335474451224311e-02
5.034576168149174080e-04 -2.139708211235292687e-02
1.132660816992037134e-03 -3.202191165797006744e-02
2.013323528115562588e-03 -4.255940322954072236e-02
3.145224048057615462e-03 -5.298233871401203388e-02
4.528077426915411152e-03 -6.326508633439550944e-02
6.161535538745877005e-03 -7.338392940590887648e-02
8.045187169204659483e-03 -8.331735232839743155e-02
1.017855811906731578e-02 -9.304627763924305794e-02
1.256111132360571148e-02 -1.025542491474028678e-01
1.519224698779197968e-02 -1.118275574852640591e-01
1.807130273729329328e-02 -1.208553058175149270e-01
2.119755378522125699e-02 -1.296294149000247475e-01
2.457021311459295365e-02 -1.381445681501352052e-01
2.818843167645834757e-02 -1.463980988358825619e-01
3.205129860364375194e-02 -1.543898228790477611e-01
3.615784144005795842e-02 -1.621218220606388538e-01
4.050702638550263135e-02 -1.695981835848522357e-01
4.509775855592612626e-02 -1.768247029693499339e-01
4.992888225905456334e-02 -1.838085580603766589e-01
5.499918128533154427e-02 -1.905579626000008242e-01
6.030737921409157209e-02 -1.970818081839126878e-01
6.585213973489323358e-02 -2.033893036316773706e-01
7.163206698392743377e-02 -2.094896207428642576e-01
7.764570589541863743e-02 -2.153915551338586587e-01
8.389154256793041053e-02 -2.211032103491375189e-01
9.036800464548166989e-02 -2.266317127309328272e-01
9.707346171337882801e-02 -2.319829636315850208e-01
1.040062257086641351e-01 -2.371614344875961899e-01
1.111645513450765232e-01 -2.421700090719647591e-01
1.185466365524179277e-01 -2.470098759340949301e-01
1.261506229302150617e-01 -2.516804726595714969e-01
1.339745962155614034e-01 -2.561794821725636995e-01
1.420165867650229341e-01 -2.605028798997565675e-01
1.502745700504856119e-01 -2.646450292547387062e-01
1.587464671688187945e-01 -2.685988216229604486e-01
1.674301453652287108e-01 -2.723558558649345485e-01
1.763234185701672008e-01 -2.759066513415765476e-01
1.854240479496642724e-01 -2.792408876288607344e-01
1.947297424689413692e-01 -2.823476634529935581e-01
2.042381594691679014e-01 -2.852157669603661572e-01
2.139469052572124941e-01 -2.878339492509178199e-01
2.238535357082431787e-01 -2.901911931550845702e-01
2.339555568810219865e-01 -2.922769695223739750e-01
2.442504256457417311e-01 -2.940814738061383049e-01
2.547355503242452190e-01 -2.955958364599579058e-01
2.654082913424666845e-01 -2.968123015853583180e-01
2.762659618949298013e-01 -2.977243693615305165e-01
2.873058286211370715e-01 -2.983268990130789611e-01
2.985251122936787294e-01 -2.986161703947465829e-01
3.099209885178879631e-01 -2.985899036520567873e-01
3.214905884428678196e-01 -2.982472378107350885e-01
3.332309994837083789e-01 -2.975886705111045472e-01
3.451392660547150104e-01 -2.966159623916105881e-01
3.572123903134606371e-01 -2.953320107946410533e-01
3.694473329154774888e-01 -2.937406984766657847e-01
3.818410137793947223e-01 -2.918467238160450394e-01
3.943903128623333920e-01 -2.896554195932461440e-01
4.070920709453594855e-01 -2.871725677435302826e-01
4.199430904288018462e-01 -2.844042175325512400e-01
4.329401361372292589e-01 -2.813565143701465820e-01
4.460799361338897429e-01 -2.780355459552408814e-01
4.593591825444023335e-01 -2.744472116431721509e-01
4.727745323894976259e-01 -2.705971198636855646e-01
4.863226084265935834e-01 -2.664905171211103818e-01
5.000000000000001110e-01 -2.621322506154531995e-01
5.138032638995313484e-01 -2.575267648812886723e-01
5.277289252273172915e-01 -2.526781311060968260e-01
5.417734782725895926e-01 -2.475901060244917740e-01
5.559333873942259308e-01 -2.422662155595187716e-01
5.702050879108284676e-01 -2.367098567718582958e-01
5.845849869981135649e-01 -2.309244102606863858e-01
5.990694645933862805e-01 -2.249133540159703182e-01
6.136548743068714895e-01 -2.186803689304550602e-01
6.283375443396724824e-01 -2.122294258171779080e-01
6.431137784081281117e-01 -2.055648439168181185e-01
6.579798566743311206e-01 -1.986913115831704657e-01
6.729320366825783939e-01 -1.916138611597630881e-01
6.879665543015128781e-01 -1.843377920498108780e-01
7.030796246717250231e-01 -1.768685386653745251e-01
7.182674431585703845e-01 -1.692114833343951741e-01
7.335261863099650226e-01 -1.613717183436245151e-01
7.488520128189207758e-01 -1.533537660803266089e-01
7.642410644905727191e-01 -1.451612716653370438e-01
7.796894672134594417e-01 -1.367966884836695207e-01
7.951933319348093443e-01 -1.282609835348316463e-01
8.107487556395898132e-01 -1.195533964412855144e-01
8.263518223330695855e-01 -1.106712931480919315e-01
8.419986040266501659e-01 -1.016101626787858925e-01
8.576851617267149397e-01 -9.236381262359051603e-02
8.734075464262507360e-01 -8.292482615231169807e-02
8.891618000989889303e-01 -7.328535007869595164e-02
9.049439566958173975e-01 -6.343828965838163580e-02
9.207500431432115162e-01 -5.337899117448069441e-02
9.365760803434354242e-01 -4.310749774540199170e-02
9.524180841762578398e-01 -3.263146697126422663e-02
9.682720665019324269e-01 -2.196984081509539138e-02
9.841340361651920166e-01 -1.115735829874389511e-02
9.999999999999998890e-01 -2.500000000000764415e-04
