9.999999999999998890e-01 2.500000000000897771e-04
9.841340361651920166e-01 1.305741670628091620e-02
9.682720665019324269e-01 2.575974658347320034e-02
9.524180841762578398e-01 3.829149784084928676e-02
9.365760803434354242e-01 5.060961530322519164e-02
9.207500431432115162e-01 6.268828080126512270e-02
9.049439566958173975e-01 7.451450597296652156e-02
8.891618000989889303e-01 8.608445484214777288e-02
8.734075464262507360e-01 9.740043052562426251e-02
8.576851617267149397e-01 1.084684588272419870e-01
8.419986040266501659e-01 1.192964011909353889e-01
8.263518223330695855e-01 1.298925303807774434e-01
8.107487556395898132e-01 1.402645041983054952e-01
7.951933319348093443e-01 1.504186753944804777e-01
7.796894672134594417e-01 1.603596795401519282e-01
7.642410644905727191e-01 1.700902468388712507e-01
7.488520128189207758e-01 1.796111885552728882e-01
7.335261863099650226e-01 1.889215137514450860e-01
7.182674431585703845e-01 1.980186372397691741e-01
7.030796246717250231e-01 2.068986449492799251e-01
6.879665543015128781e-01 2.155565881495648262e-01
6.729320366825783939e-01 2.239867830791124337e-01
6.579798566743311206e-01 2.321830973939846277e-01
6.431137784081281117e-01 2.401392094113165565e-01
6.283375443396724824e-01 2.478488303078117405e-01
6.136548743068714895e-01 2.553058831974414078e-01
5.990694645933862805e-01 2.625046363201286037e-01
5.845849869981135649e-01 2.694397904027993618e-01
5.702050879108284676e-01 2.761065225970733561e-01
5.559333873942259308e-01 2.825004912571378868e-01
5.417734782725895926e-01 2.886178072109044646e-01
5.277289252273172915e-01 2.944549781208957717e-01
5.138032638995313484e-01 3.000088330602277975e-01
5.000000000000001110e-01 3.052764345822120973e-01
4.863226084265935834e-01 3.102549853835917526e-01
4.727745323894976259e-01 3.149417361992864484e-01
4.593591825444023335e-01 3.193339008713211857e-01
4.460799361338897429e-01 3.234285836579783857e-01
4.329401361372292589e-01 3.272227228425818035e-01
4.199430904288018462e-01 3.307130536146034583e-01
4.070920709453594855e-01 3.338960920763337503e-01
3.943903128623333920e-01 3.367681411199366370e-01
3.818410137793947223e-01 3.393253178616624788e-01
3.694473329154774888e-01 3.415636013465979115e-01
3.572123903134606371e-01 3.434788983772673610e-01
3.451392660547150104e-01 3.450671245954076150e-01
3.332309994837083789e-01 3.463242973749968145e-01
3.214905884428678196e-01 3.472466366766463475e-01
3.099209885178879631e-01 3.478306697733682396e-01
2.985251122936787294e-01 3.480733356843851434e-01
2.873058286211370715e-01 3.479720852407144349e-01
2.762659618949298013e-01 3.475249729425746725e-01
2.654082913424666845e-01 3.467307371390188631e-01
2.547355503242452190e-01 3.455888655458533298e-01
2.442504256457417311e-01 3.440996436974699813e-01
2.339555568810219865e-01 3.422641845783364611e-01
2.238535357082431787e-01 3.400844383760515677e-01
2.139469052572124941e-01 3.375631820151979157e-01
2.042381594691679014e-01 3.347039888451723844e-01
1.947297424689413692e-01 3.315111795422967522e-01
1.854240479496642724e-01 3.279897559250451455e-01
1.763234185701672008e-01 3.241453199516758366e-01
1.674301453652287108e-01 3.199839806551982302e-01
1.587464671688187945e-01 3.155122521578201944e-01
1.502745700504856119e-01 3.107369461856476778e-01
1.420165867650229341e-01 3.056650626678317773e-01
1.339745962155614034e-01 3.003036820497021475e-01
1.261506229302150617e-01 2.946598628774039219e-01
1.185466365524179277e-01 2.887405480264372271e-01
1.111645513450765232e-01 2.825524826558321601e-01
1.040062257086641351e-01 2.761021465840324818e-01
9.707346171337882801e-02 2.693957033150667368e-01
9.036800464548166989e-02 2.624389674096035407e-01
8.389154256793041053e-02 2.552373913120418170e-01
7.764570589541863743e-02 2.477960721300816183e-01
7.163206698392743377e-02 2.401197782360685873e-01
6.585213973489323358e-02 2.322129949387203296e-01
6.030737921409157209e-02 2.240799878780536936e-01
5.499918128533154427e-02 2.157248822429168045e-01
4.992888225905456334e-02 2.071517554155190288e-01
4.509775855592612626e-02 1.983647402248784331e-01
4.050702638550263135e-02 1.893681356530709514e-01
3.615784144005795842e-02 1.801665215939430298e-01
3.205129860364375194e-02 1.707648741200681608e-01
2.818843167645834757e-02 1.611686776738820992e-01
2.457021311459295365e-02 1.513840306637341260e-01
2.119755378522125699e-02 1.414177411127413297e-01
1.807130273729329328e-02 1.312774092725943198e-01
1.519224698779197968e-02 1.209714944679258219e-01
1.256111132360571148e-02 1.105093638691122676e-01
1.017855811906731578e-02 9.990132138987885269e-02
8.045187169204659483e-03 8.915861545646472375e-02
6.161535538745877005e-03 7.829342498164669484e-02
4.528077426915411152e-03 6.731882348290364748e-02
3.145224048057615462e-03 5.624872189232074660e-02
2.013323528115562588e-03 4.509779119923465474e-02
1.132660816992037134e-03 3.388136662849860342e-02
5.034576168149174080e-04 2.261533557177513101e-02
1.258723261249317105e-04 1.131601194205365118e-02
0.000000000000000000e+00 0.000000000000000000e+00
1.258723261249317105e-04 -1.131601195707447258e-02
5.034576168149174080e-04 -2.261533560128572984e-02
1.132660816992037134e-03 -3.388136667145556780e-02
2.013323528115562588e-03 -4.509779125411887690e-02
3.145224048057615462e-03 -5.624872195719091139e-02
4.528077426915411152e-03 -6.731882355546461860e-02
6.161535538745877005e-03 -7.829342505933042928e-02
8.045187169204659483e-03 -8.915861553652103255e-02
1.017855811906731578e-02 -9.990132146947283687e-02
1.256111132360571148e-02 -1.105093639454248350e-01
1.519224698779197968e-02 -1.209714945382541207e-01
1.807130273729329328e-02 -1.312774093344482862e-01
2.119755378522125699e-02 -1.414177411639331028e-01
2.457021311459295365e-02 -1.513840307024571230e-01
2.818843167645834757e-02 -1.611686776987767966e-01
3.205129860364375194e-02 -1.707648741302723039e-01
3.615784144005795842e-02 -1.801665215891243010e-01
4.050702638550263135e-02 -1.893681356334409316e-01
4.509775855592612626e-02 -1.983647401911869390e-01
4.992888225905456334e-02 -2.071517553690291891e-01
5.499918128533154427e-02 -2.157248821853615384e-01
6.030737921409157209e-02 -2.240799878115745380e-01
6.585213973489323358e-02 -2.322129948657911114e-01
7.163206698392743377e-02 -2.401197781594063829e-01
7.764570589541863743e-02 -2.477960720525481109e-01
8.389154256793041053e-02 -2.552373912365381581e-01
9.036800464548166989e-02 -2.624389673389630473e-01
9.707346171337882801e-02 -2.693957032519487260e-01
1.040062257086641351e-01 -2.761021465308214906e-01
1.111645513450765232e-01 -2.825524826145460744e-01
1.185466365524179277e-01 -2.887405479986483448e-01
1.261506229302150617e-01 -2.946598628641757811e-01
1.339745962155614034e-01 -3.003036820515438410e-01
1.420165867650229341e-01 -3.056650626846739716e-01
1.502745700504856119e-01 -3.107369462168391716e-01
1.587464671688187945e-01 -3.155122522021474585e-01
1.674301453652287108e-01 -3.199839807109263190e-01
1.763234185701672008e-01 -3.241453200166107274e-01
1.854240479496642724e-01 -3.279897559966145071e-01
1.947297424689413692e-01 -3.315111796176474224e-01
2.042381594691679014e-01 -3.347039889212804487e-01
2.139469052572124941e-01 -3.375631820889873347e-01
2.238535357082431787e-01 -3.400844384445183000e-01
2.339555568810219865e-01 -3.422641846386714759e-01
2.442504256457417311e-01 -3.440996437471771086e-01
2.547355503242452190e-01 -3.455888655828572853e-01
2.654082913424666845e-01 -3.467307371617585621e-01
2.762659618949298013e-01 -3.475249729500773932e-01
2.873058286211370715e-01 -3.479720852326471658e-01
2.985251122936787294e-01 -3.480733356610802853e-01
3.099209885178879631e-01 -3.478306697358218291e-01
3.214905884428678196e-01 -3.472466366264879700e-01
3.332309994837083789e-01 -3.463242973144300407e-01
3.451392660547150104e-01 -3.450671245271245691e-01
3.572123903134606371e-01 -3.434788983043375876e-01
3.694473329154774888e-01 -3.415636012723372583e-01
3.818410137793947223e-01 -3.393253177894861583e-01
3.943903128623333920e-01 -3.367681410532010755e-01
4.070920709453594855e-01 -3.338960920181758829e-01
4.199430904288018462e-01 -3.307130535677834660e-01
4.329401361372292589e-01 -3.272227228093372298e-01
4.460799361338897429e-01 -3.234285836398964054e-01
4.593591825444023335e-01 -3.193339008692376302e-01
4.727745323894976259e-01 -3.149417362132168607e-01
4.863226084265935834e-01 -3.102549854127006901e-01
5.000000000000001110e-01 -3.052764346248252325e-01
5.138032638995313484e-01 -3.000088331138881514e-01
5.277289252273172915e-01 -2.944549781824659096e-01
5.417734782725895926e-01 -2.886178072767125458e-01
5.559333873942259308e-01 -2.825004913231630721e-01
5.702050879108284676e-01 -2.761065226591652433e-01
5.845849869981135649e-01 -2.694397904569200697e-01
5.990694645933862805e-01 -2.625046363626095669e-01
6.136548743068714895e-01 -2.553058832252376731e-01
6.283375443396724824e-01 -2.478488303187411645e-01
6.431137784081281117e-01 -2.401392094042657521e-01
6.579798566743311206e-01 -2.321830973690654776e-01
6.729320366825783939e-01 -2.239867830377515745e-01
6.879665543015128781e-01 -2.155565880945112811e-01
7.030796246717250231e-01 -2.068986448845168968e-01
7.182674431585703845e-01 -1.980186371703213100e-01
7.335261863099650226e-01 -1.889215136830760533e-01
7.488520128189207758e-01 -1.796111884940764236e-01
7.642410644905727191e-01 -1.700902467907656479e-01
7.796894672134594417e-01 -1.603596795102991968e-01
7.951933319348093443e-01 -1.504186753866620929e-01
8.107487556395898132e-01 -1.402645042143012832e-01
8.263518223330695855e-01 -1.298925304198087216e-01
8.419986040266501659e-01 -1.192964012492508941e-01
8.576851617267149397e-01 -1.084684588979430431e-01
8.734075464262507360e-01 -9.740043059884664900e-02
8.891618000989889303e-01 -8.608445490573785053e-02
9.049439566958173975e-01 -7.451450601381190419e-02
9.207500431432115162e-01 -6.268828080746281783e-02
9.365760803434354242e-01 -5.060961526729298304e-02
9.524180841762578398e-01 -3.829149776420948115e-02
9.682720665019324269e-01 -2.575974648246006499e-02
9.841340361651920166e-01 -1.305741661994461872e-02
9.999999999999998890e-01 -2.500000000000897771e-04
