9.999999999999998890e-01 2.500000000001139549e-04
9.841340361651920166e-01 1.626272901108962582e-02
9.682720665019324269e-01 3.179281293444133349e-02
9.524180841762578398e-01 4.691368733527621210e-02
9.365760803434354242e-01 6.167626067748981783e-02
9.207500431432115162e-01 7.611375186490916545e-02
9.049439566958173975e-01 9.024584362772269941e-02
8.891618000989889303e-01 1.040821973983476756e-01
8.734075464262507360e-01 1.176253790316705988e-01
8.576851617267149397e-01 1.308732472681581327e-01
8.419986040266501659e-01 1.438208582854624551e-01
8.263518223330695855e-01 1.564619401172916147e-01
8.107487556395898132e-01 1.687899902294568988e-01
7.951933319348093443e-01 1.807990482314878744e-01
7.796894672134594417e-01 1.924841936724775437e-01
7.642410644905727191e-01 2.038418162293509361e-01
7.488520128189207758e-01 2.148697024529103994e-01
7.335261863099650226e-01 2.255669796992090248e-01
7.182674431585703845e-01 2.359339540456197315e-01
7.030796246717250231e-01 2.459718749726266807e-01
6.879665543015128781e-01 2.556826554782059557e-01
6.729320366825783939e-01 2.650685721690138053e-01
6.579798566743311206e-01 2.741319658206798349e-01
6.431137784081281117e-01 2.828749589886824234e-01
6.283375443396724824e-01 2.912992035424820658e-01
6.136548743068714895e-01 2.994056675398902301e-01
5.990694645933862805e-01 3.071944676972373500e-01
5.845849869981135649e-01 3.146647508749673139e-01
5.702050879108284676e-01 3.218146255093948249e-01
5.559333873942259308e-01 3.286411417917759481e-01
5.417734782725895926e-01 3.351403176291019026e-01
5.277289252273172915e-01 3.413072060126243756e-01
5.138032638995313484e-01 3.471359983583088282e-01
5.000000000000001110e-01 3.526201576500557211e-01
4.863226084265935834e-01 3.577525747880967444e-01
4.727745323894976259e-01 3.625257413934376283e-01
4.593591825444023335e-01 3.669319324131833926e-01
4.460799361338897429e-01 3.709633921771194331e-01
4.329401361372292589e-01 3.746125180377258279e-01
4.199430904288018462e-01 3.778720363479403099e-01
4.070920709453594855e-01 3.807351662579278040e-01
3.943903128623333920e-01 3.831957676094169818e-01
3.818410137793947223e-01 3.852484700412377450e-01
3.694473329154774888e-01 3.868887812624195455e-01
3.572123903134606371e-01 3.881131732724168448e-01
3.451392660547150104e-01 3.889191460879239393e-01
3.332309994837083789e-01 3.893052692522345759e-01
3.214905884428678196e-01 3.892712020398954587e-01
3.099209885178879631e-01 3.888176938142097749e-01
2.985251122936787294e-01 3.879465664395236879e-01
2.873058286211370715e-01 3.866606809895916097e-01
2.762659618949298013e-01 3.849638912266384883e-01
2.654082913424666845e-01 3.828609864553305653e-01
2.547355503242452190e-01 3.803576263870191432e-01
2.442504256457417311e-01 3.774602705902284083e-01
2.339555568810219865e-01 3.741761049634310110e-01
2.238535357082431787e-01 3.705129674574571541e-01
2.139469052572124941e-01 3.664792750103598729e-01
2.042381594691679014e-01 3.620839533509540020e-01
1.947297424689413692e-01 3.573363709925568843e-01
1.854240479496642724e-01 3.522462783895899952e-01
1.763234185701672008e-01 3.468237528799542613e-01
1.674301453652287108e-01 3.410791496979148629e-01
1.587464671688187945e-01 3.350230590267685993e-01
1.502745700504856119e-01 3.286662687775545599e-01
1.420165867650229341e-01 3.220197325374394293e-01
1.339745962155614034e-01 3.150945419353479715e-01
1.261506229302150617e-01 3.079019025270799959e-01
1.185466365524179277e-01 3.004531122098327289e-01
1.111645513450765232e-01 2.927595411370307321e-01
1.040062257086641351e-01 2.848326121171502190e-01
9.707346171337882801e-02 2.766837805415957030e-01
9.036800464548166989e-02 2.683245129918971905e-01
8.389154256793041053e-02 2.597662638195379348e-01
7.764570589541863743e-02 2.510204491654833281e-01
7.163206698392743377e-02 2.420984180831100285e-01
6.585213973489323358e-02 2.330114206393587017e-01
6.030737921409157209e-02 2.237705730859485820e-01
5.499918128533154427e-02 2.143868204068865024e-01
4.992888225905456334e-02 2.048708967520923574e-01
4.509775855592612626e-02 1.952332844521212918e-01
4.050702638550263135e-02 1.854841724689147153e-01
3.615784144005795842e-02 1.756334152664831560e-01
3.205129860364375194e-02 1.656904931787598068e-01
2.818843167645834757e-02 1.556644754062754266e-01
2.457021311459295365e-02 1.455639867867870307e-01
2.119755378522125699e-02 1.353971794570013043e-01
1.807130273729329328e-02 1.251717104538658532e-01
1.519224698779197968e-02 1.148947261967391553e-01
1.256111132360571148e-02 1.045728546494855971e-01
1.017855811906731578e-02 9.421220578872727125e-02
8.045187169204659483e-03 8.381838080660565515e-02
6.161535538745877005e-03 7.339649025977713903e-02
4.528077426915411152e-03 6.295118114780758056e-02
3.145224048057615462e-03 5.248667267093259231e-02
2.013323528115562588e-03 4.200680018656575976e-02
1.132660816992037134e-03 3.151506666331110179e-02
5.034576168149174080e-04 2.101470072742382331e-02
1.258723261249317105e-04 1.050872021606825621e-02
0.000000000000000000e+00 0.000000000000000000e+00
1.258723261249317105e-04 -9.860107596824332910e-03
5.034576168149174080e-04 -1.969292852103559852e-02
1.132660816992037134e-03 -2.947144996868794956e-02
2.013323528115562588e-03 -3.916932472494562972e-02
3.145224048057615462e-03 -4.876118409936137932e-02
4.528077426915411152e-03 -5.822292764102621199e-02
6.161535538745877005e-03 -6.753198290872480802e-02
8.045187169204659483e-03 -7.666752940408920469e-02
1.017855811906731578e-02 -8.561068177136078872e-02
1.256111132360571148e-02 -9.434462849733350753e-02
1.519224698779197968e-02 -1.028547235770607832e-01
1.807130273729329328e-02 -1.111285299096107931e-01
2.119755378522125699e-02 -1.191558145163307408e-01
2.457021311459295365e-02 -1.269284969934048324e-01
2.818843167645834757e-02 -1.344405538828998270e-01
3.205129860364375194e-02 -1.416878828350606745e-01
3.615784144005795842e-02 -1.486681315047401752e-01
4.050702638550263135e-02 -1.553804970451711787e-01
4.509775855592612626e-02 -1.618255028056897749e-01
4.992888225905456334e-02 -1.680047593843535525e-01
5.499918128533154427e-02 -1.739207175152619744e-01
6.030737921409157209e-02 -1.795764203735474018e-01
6.585213973489323358e-02 -1.849752627548711392e-01
7.163206698392743377e-02 -1.901207642339385329e-01
7.764570589541863743e-02 -1.950163628379725234e-01
8.389154256793041053e-02 -1.996652350026730249e-01
9.036800464548166989e-02 -2.040701466325756941e-01
9.707346171337882801e-02 -2.082333389931157186e-01
1.040062257086641351e-01 -2.121564519511625335e-01
1.111645513450765232e-01 -2.158404857913520103e-01
1.185466365524179277e-01 -2.192858015071874889e-01
1.261506229302150617e-01 -2.224921581403806470e-01
1.339745962155614034e-01 -2.254587844616644243e-01
1.420165867650229341e-01 -2.281844810930781786e-01
1.502745700504856119e-01 -2.306677481053342471e-01
1.587464671688187945e-01 -2.329069322210248760e-01
1.674301453652287108e-01 -2.349003870474483113e-01
1.763234185701672008e-01 -2.366466392786543693e-01
1.854240479496642724e-01 -2.381445535654198031e-01
1.947297424689413692e-01 -2.393934887675517875e-01
2.042381594691679014e-01 -2.403934385805988061e-01
2.139469052572124941e-01 -2.411451500658391978e-01
2.238535357082431787e-01 -2.416502143969603833e-01
2.339555568810219865e-01 -2.419111251492852832e-01
2.442504256457417311e-01 -2.419313006697432211e-01
2.547355503242452190e-01 -2.417150684423366724e-01
2.654082913424666845e-01 -2.412676108620908921e-01
2.762659618949298013e-01 -2.405948734019749680e-01
2.873058286211370715e-01 -2.397034377490032120e-01
2.985251122936787294e-01 -2.386003640414282312e-01
3.099209885178879631e-01 -2.372930078007334243e-01
3.214905884428678196e-01 -2.357888184622623784e-01
3.332309994837083789e-01 -2.340951275109476593e-01
3.451392660547150104e-01 -2.322189350716282741e-01
3.572123903134606371e-01 -2.301667043404786728e-01
3.694473329154774888e-01 -2.279441734361391803e-01
3.818410137793947223e-01 -2.255561940664773668e-01
3.943903128623333920e-01 -2.230066058305148757e-01
4.070920709453594855e-01 -2.202981539980759795e-01
4.199430904288018462e-01 -2.174324572385678833e-01
4.329401361372292589e-01 -2.144100300255753488e-01
4.460799361338897429e-01 -2.112303623608715042e-01
4.593591825444023335e-01 -2.078920570901220677e-01
4.727745323894976259e-01 -2.043930224877228419e-01
4.863226084265935834e-01 -2.007307150486558611e-01
5.000000000000001110e-01 -1.969024246327823191e-01
5.138032638995313484e-01 -1.929055913650461473e-01
5.277289252273172915e-01 -1.887381411168271572e-01
5.417734782725895926e-01 -1.843988240999424599e-01
5.559333873942259308e-01 -1.798875392213147850e-01
5.702050879108284676e-01 -1.752056255010027708e-01
5.845849869981135649e-01 -1.703561011759695543e-01
5.990694645933862805e-01 -1.653438312190856352e-01
6.136548743068714895e-01 -1.601756050118981478e-01
6.283375443396724824e-01 -1.548601079235720490e-01
6.431137784081281117e-01 -1.494077736548271584e-01
6.579798566743311206e-01 -1.438305084736451744e-01
6.729320366825783939e-01 -1.381412839457896169e-01
6.879665543015128781e-01 -1.323536014692809903e-01
7.030796246717250231e-01 -1.264808398511845788e-01
7.182674431585703845e-01 -1.205355062801188037e-01
7.335261863099650226e-01 -1.145284212788599543e-01
7.488520128189207758e-01 -1.084678794644232114e-01
7.642410644905727191e-01 -1.023588400593483799e-01
7.796894672134594417e-01 -9.620221391398274535e-02
7.951933319348093443e-01 -8.999432710740697117e-02
8.107487556395898132e-01 -8.372665475335054619e-02
8.263518223330695855e-01 -7.738593217521937129e-02
8.419986040266501659e-01 -7.095476383144529164e-02
8.576851617267149397e-01 -6.441286294473605456e-02
8.734075464262507360e-01 -5.773906637252469026e-02
8.891618000989889303e-01 -5.091427949233329198e-02
9.049439566958173975e-01 -4.392551439722352374e-02
9.207500431432115162e-01 -3.677119113276008933e-02
9.365760803434354242e-01 -2.946787569194230655e-02
9.524180841762578398e-01 -2.205862966385337826e-02
9.682720665019324269e-01 -1.462314446984616656e-02
9.841340361651920166e-01 -7.289827709191985979e-03
9.999999999999998890e-01 -2.500000000000476559e-04
