9.999999999999998890e-01 2.500000000001559135e-04
9.841340361651920166e-01 2.238020096820485597e-02
9.682720665019324269e-01 4.394605910433865836e-02
9.524180841762578398e-01 6.466588426339014983e-02
9.365760803434354242e-01 8.436238386455394145e-02
9.207500431432115162e-01 1.029411314203591138e-01
9.049439566958173975e-01 1.203718211814365363e-01
8.891618000989889303e-01 1.366721480328524085e-01
8.734075464262507360e-01 1.518941347683340215e-01
8.576851617267149397e-01 1.661127163909808246e-01
8.419986040266501659e-01 1.794163828988664666e-01
8.263518223330695855e-01 1.918996778195994624e-01
8.107487556395898132e-01 2.036573492285401743e-01
7.951933319348093443e-01 2.147799527593611812e-01
7.796894672134594417e-01 2.253507118088911854e-01
7.642410644905727191e-01 2.354434483523367705e-01
7.488520128189207758e-01 2.451214081151700253e-01
7.335261863099650226e-01 2.544368158903414501e-01
7.182674431585703845e-01 2.634310101479822031e-01
7.030796246717250231e-01 2.721350203775180221e-01
6.879665543015128781e-01 2.805704654669228804e-01
6.729320366825783939e-01 2.887506665231064362e-01
6.579798566743311206e-01 2.966818825621224121e-01
6.431137784081281117e-01 3.043645921708900692e-01
6.283375443396724824e-01 3.117947583205932238e-01
6.136548743068714895e-01 3.189650267888939905e-01
5.990694645933862805e-01 3.258658209534075478e-01
5.845849869981135649e-01 3.324863069190899800e-01
5.702050879108284676e-01 3.388152129400752721e-01
5.559333873942259308e-01 3.448414958297019162e-01
5.417734782725895926e-01 3.505548544916436415e-01
5.277289252273172915e-01 3.559460968515031909e-01
5.138032638995313484e-01 3.610073713510569271e-01
5.000000000000001110e-01 3.657322778403510610e-01
4.863226084265935834e-01 3.701158752411357611e-01
4.727745323894976259e-01 3.741546048514203804e-01
4.593591825444023335e-01 3.778461487220511894e-01
4.460799361338897429e-01 3.811892422792457213e-01
4.329401361372292589e-01 3.841834594158469729e-01
4.199430904288018462e-01 3.868289867557679340e-01
4.070920709453594855e-01 3.891264018378093881e-01
3.943903128623333920e-01 3.910764676908307647e-01
3.818410137793947223e-01 3.926799538005014689e-01
3.694473329154774888e-01 3.939374909088738108e-01
3.572123903134606371e-01 3.948494645420322358e-01
3.451392660547150104e-01 3.954159497166750414e-01
3.332309994837083789e-01 3.956366870094666366e-01
3.214905884428678196e-01 3.955110981454462160e-01
3.099209885178879631e-01 3.950383375218575743e-01
2.985251122936787294e-01 3.942173746655060484e-01
2.873058286211370715e-01 3.930471015455377359e-01
2.762659618949298013e-01 3.915264579366690700e-01
2.654082913424666845e-01 3.896545676455639984e-01
2.547355503242452190e-01 3.874308783594802019e-01
2.442504256457417311e-01 3.848552981261921246e-01
2.339555568810219865e-01 3.819283219941567165e-01
2.238535357082431787e-01 3.786511430921786214e-01
2.139469052572124941e-01 3.750257433639862525e-01
2.042381594691679014e-01 3.710549602476758135e-01
1.947297424689413692e-01 3.667425267541254419e-01
1.854240479496642724e-01 3.620930836036994060e-01
1.763234185701672008e-01 3.571121632800598467e-01
1.674301453652287108e-01 3.518061470100289356e-01
1.587464671688187945e-01 3.461821967397522015e-01
1.502745700504856119e-01 3.402481651157904796e-01
1.420165867650229341e-01 3.340124872670270362e-01
1.339745962155614034e-01 3.274840587979054862e-01
1.261506229302150617e-01 3.206721048308273092e-01
1.185466365524179277e-01 3.135860451679174377e-01
1.111645513450765232e-01 3.062353606791032856e-01
1.040062257086641351e-01 2.986294658704367055e-01
9.707346171337882801e-02 2.907775922558795134e-01
9.036800464548166989e-02 2.826886866648837260e-01
8.389154256793041053e-02 2.743713279892799339e-01
7.764570589541863743e-02 2.658336651323087163e-01
7.163206698392743377e-02 2.570833780989852935e-01
6.585213973489323358e-02 2.481276632911658675e-01
6.030737921409157209e-02 2.389732431741925511e-01
5.499918128533154427e-02 2.296263995961984050e-01
4.992888225905456334e-02 2.200930291961515350e-01
4.509775855592612626e-02 2.103787185605087984e-01
4.050702638550263135e-02 2.004888361059709578e-01
3.615784144005795842e-02 1.904286370986865151e-01
3.205129860364375194e-02 1.802033777854346319e-01
2.818843167645834757e-02 1.698184343223217707e-01
2.457021311459295365e-02 1.592794220487898926e-01
2.119755378522125699e-02 1.485923106716473541e-01
1.807130273729329328e-02 1.377635310926711709e-01
1.519224698779197968e-02 1.268000699264932030e-01
1.256111132360571148e-02 1.157095482007674259e-01
1.017855811906731578e-02 1.045002812917288637e-01
8.045187169204659483e-03 9.318131780531427322e-02
6.161535538745877005e-03 8.176245584432356717e-02
4.528077426915411152e-03 7.025423588073842485e-02
3.145224048057615462e-03 5.866791025318558034e-02
2.013323528115562588e-03 4.701539010584953465e-02
1.132660816992037134e-03 3.530917135069518153e-02
5.034576168149174080e-04 2.356224194443756748e-02
1.258723261249317105e-04 1.178797340212738368e-02
0.000000000000000000e+00 0.000000000000000000e+00
1.258723261249317105e-04 -1.149067792626756387e-02
5.034576168149174080e-04 -2.296072687439653509e-02
1.132660816992037134e-03 -3.438962378619161986e-02
2.013323528115562588e-03 -4.575718012979230337e-02
3.145224048057615462e-03 -5.704370123115832386e-02
4.528077426915411152e-03 -6.823013625834728479e-02
6.161535538745877005e-03 -7.929821603981258848e-02
8.045187169204659483e-03 -9.023057614561402762e-02
1.017855811906731578e-02 -1.010108629614530212e-01
1.256111132360571148e-02 -1.116238208343286326e-01
1.519224698779197968e-02 -1.220553587589181116e-01
1.807130273729329328e-02 -1.322925954981759855e-01
2.119755378522125699e-02 -1.423238824821789483e-01
2.457021311459295365e-02 -1.521388042971896226e-01
2.818843167645834757e-02 -1.617281570532152213e-01
3.205129860364375194e-02 -1.710839053934894993e-01
3.615784144005795842e-02 -1.801991193736894870e-01
4.050702638550263135e-02 -1.890678928826234340e-01
4.509775855592612626e-02 -1.976852456900909383e-01
4.992888225905456334e-02 -2.060470115824020454e-01
5.499918128533154427e-02 -2.141497153729766956e-01
6.030737921409157209e-02 -2.219904418464943296e-01
6.585213973489323358e-02 -2.295666999030873123e-01
7.163206698392743377e-02 -2.368762853079099395e-01
7.764570589541863743e-02 -2.439171455161512070e-01
8.389154256793041053e-02 -2.506872500305580287e-01
9.036800464548166989e-02 -2.571844696556543908e-01
9.707346171337882801e-02 -2.634064678395305892e-01
1.040062257086641351e-01 -2.693506070414308229e-01
1.111645513450765232e-01 -2.750138727342196221e-01
1.185466365524179277e-01 -2.803928172498077465e-01
1.261506229302150617e-01 -2.854835252091088571e-01
1.339745962155614034e-01 -2.902816017542453331e-01
1.420165867650229341e-01 -2.947821842293110173e-01
1.502745700504856119e-01 -2.989799773484027035e-01
1.587464671688187945e-01 -3.028693112586464675e-01
1.674301453652287108e-01 -3.064442212655984488e-01
1.763234185701672008e-01 -3.096985473537230971e-01
1.854240479496642724e-01 -3.126260510214587396e-01
1.947297424689413692e-01 -3.152205463749045422e-01
2.042381594691679014e-01 -3.174760419028163638e-01
2.139469052572124941e-01 -3.193868889045218262e-01
2.238535357082431787e-01 -3.209479321771666060e-01
2.339555568810219865e-01 -3.221546583039450184e-01
2.442504256457417311e-01 -3.230033367338878136e-01
2.547355503242452190e-01 -3.234911488177730221e-01
2.654082913424666845e-01 -3.236163000730740147e-01
2.762659618949298013e-01 -3.233781112002087621e-01
2.873058286211370715e-01 -3.227770837665153714e-01
2.985251122936787294e-01 -3.218149370138529419e-01
3.099209885178879631e-01 -3.204946129275516031e-01
3.214905884428678196e-01 -3.188202475218505083e-01
3.332309994837083789e-01 -3.167971072393390153e-01
3.451392660547150104e-01 -3.144314904145547040e-01
3.572123903134606371e-01 -3.117305948960854001e-01
3.694473329154774888e-01 -3.087023541345459976e-01
3.818410137793947223e-01 -3.053552452990981325e-01
3.943903128623333920e-01 -3.016980742525670056e-01
4.070920709453594855e-01 -2.977397434612183980e-01
4.199430904288018462e-01 -2.934890101035503851e-01
4.329401361372292589e-01 -2.889542427343523845e-01
4.460799361338897429e-01 -2.841431858153241619e-01
4.593591825444023335e-01 -2.790627422002593394e-01
4.727745323894976259e-01 -2.737187842193756215e-01
4.863226084265935834e-01 -2.681160043025666018e-01
5.000000000000001110e-01 -2.622578160753813448e-01
5.138032638995313484e-01 -2.561463165169519662e-01
5.277289252273172915e-01 -2.497823190518540792e-01
5.417734782725895926e-01 -2.431654663282673823e-01
5.559333873942259308e-01 -2.362944298884100680e-01
5.702050879108284676e-01 -2.291672019459767562e-01
5.845849869981135649e-01 -2.217814820383246233e-01
5.990694645933862805e-01 -2.141351584156480636e-01
6.136548743068714895e-01 -2.062268806714356306e-01
6.283375443396724824e-01 -1.980567163237377526e-01
6.431137784081281117e-01 -1.896268798509252729e-01
6.579798566743311206e-01 -1.809425181049636733e-01
6.729320366825783939e-01 -1.720125311168046733e-01
6.879665543015128781e-01 -1.628504021302751292e-01
7.030796246717250231e-01 -1.534750053215267196e-01
7.182674431585703845e-01 -1.439113541599539581e-01
7.335261863099650226e-01 -1.341912478326742486e-01
7.488520128189207758e-01 -1.243537676867083885e-01
7.642410644905727191e-01 -1.144455703477375019e-01
7.796894672134594417e-01 -1.045209191657751613e-01
7.951933319348093443e-01 -9.464139103620390625e-02
8.107487556395898132e-01 -8.487519157357596711e-02
8.263518223330695855e-01 -7.529600820216693358e-02
8.419986040266501659e-01 -6.598132809894163842e-02
8.576851617267149397e-01 -5.701014620743283245e-02
8.734075464262507360e-01 -4.845998785755725041e-02
8.891618000989889303e-01 -4.040317099331916517e-02
9.049439566958173975e-01 -3.290223473621430722e-02
9.207500431432115162e-01 -2.600446409499378511e-02
9.365760803434354242e-01 -1.973544515743925684e-02
9.524180841762578398e-01 -1.409159113692910054e-02
9.682720665019324269e-01 -9.031587248415684499e-03
9.841340361651920166e-01 -4.466711588077106922e-03
9.999999999999998890e-01 -2.500000000000287366e-04
