9.999999999999998890e-01 2.500000000000452706e-04
9.841340361651920166e-01 6.463742560473566615e-03
9.682720665019324269e-01 1.224441333423923091e-02
9.524180841762578398e-01 1.769116065041621833e-02
9.365760803434354242e-01 2.287089027155181711e-02
9.207500431432115162e-01 2.782536667473977515e-02
9.049439566958173975e-01 3.257731409184311949e-02
8.891618000989889303e-01 3.713558442293137668e-02
8.734075464262507360e-01 4.149946433666924089e-02
8.576851617267149397e-01 4.566219737221186709e-02
8.419986040266501659e-01 4.961379876782014142e-02
8.263518223330695855e-01 5.334324118727320346e-02
8.107487556395898132e-01 5.684008863498619946e-02
7.951933319348093443e-01 6.009565379339322500e-02
7.796894672134594417e-01 6.310375093728791407e-02
7.642410644905727191e-01 6.586111263872762578e-02
7.488520128189207758e-01 6.836753383269179862e-02
7.335261863099650226e-01 7.062580162561493680e-02
7.182674431585703845e-01 7.264146364900574138e-02
7.030796246717250231e-01 7.442248193426818925e-02
6.879665543015128781e-01 7.597881334895266459e-02
6.729320366825783939e-01 7.732195171442375614e-02
6.579798566743311206e-01 7.846446093335299188e-02
6.431137784081281117e-01 7.941952289207043769e-02
6.283375443396724824e-01 8.020051865291498439e-02
6.136548743068714895e-01 8.082065658589367152e-02
5.990694645933862805e-01 8.129265666295903969e-02
5.845849869981135649e-01 8.162849619314600791e-02
5.702050879108284676e-01 8.183921883956074561e-02
5.559333873942259308e-01 8.193480584314652426e-02
5.417734782725895926e-01 8.192410598399435528e-02
5.277289252273172915e-01 8.181481892791810095e-02
5.138032638995313484e-01 8.161352521298638474e-02
5.000000000000001110e-01 8.132575519768281413e-02
4.863226084265935834e-01 8.095608878185579782e-02
4.727745323894976259e-01 8.050827758015251245e-02
4.593591825444023335e-01 7.998538142725704347e-02
4.460799361338897429e-01 7.938991157405463073e-02
4.329401361372292589e-01 7.872397364136225761e-02
4.199430904288018462e-01 7.798940428048786733e-02
4.070920709453594855e-01 7.718789649609375525e-02
3.943903128623333920e-01 7.632110966739524827e-02
3.818410137793947223e-01 7.539076141263506559e-02
3.694473329154774888e-01 7.439869953718798723e-02
3.572123903134606371e-01 7.334695335053235954e-02
3.451392660547150104e-01 7.223776460000924660e-02
3.332309994837083789e-01 7.107359912382618661e-02
3.214905884428678196e-01 6.985714105212011138e-02
3.099209885178879631e-01 6.859127196900548229e-02
2.985251122936787294e-01 6.727903788216905989e-02
2.873058286211370715e-01 6.592360712710014503e-02
2.762659618949298013e-01 6.452822246304276699e-02
2.654082913424666845e-01 6.309615060453165059e-02
2.547355503242452190e-01 6.163063228739055349e-02
2.442504256457417311e-01 6.013483570629348657e-02
2.339555568810219865e-01 5.861181580019755172e-02
2.238535357082431787e-01 5.706448142200498674e-02
2.139469052572124941e-01 5.549557193090620677e-02
2.042381594691679014e-01 5.390764421180891525e-02
1.947297424689413692e-01 5.230307057779656071e-02
1.854240479496642724e-01 5.068404746966124336e-02
1.763234185701672008e-01 4.905261435084491001e-02
1.674301453652287108e-01 4.741068172434610012e-02
1.587464671688187945e-01 4.576006678572093478e-02
1.502745700504856119e-01 4.410253488594784860e-02
1.420165867650229341e-01 4.243984471940128594e-02
1.339745962155614034e-01 4.077379498213169751e-02
1.261506229302150617e-01 3.910627016751330037e-02
1.185466365524179277e-01 3.743928318037100661e-02
1.111645513450765232e-01 3.577501255413776532e-02
1.040062257086641351e-01 3.411583224277392468e-02
9.707346171337882801e-02 3.246433222186435874e-02
9.036800464548166989e-02 3.082332846100826335e-02
8.389154256793041053e-02 2.919586120999626000e-02
7.764570589541863743e-02 2.758518096056569724e-02
7.163206698392743377e-02 2.599472188901953348e-02
6.585213973489323358e-02 2.442806303748312063e-02
6.030737921409157209e-02 2.288887793784369698e-02
5.499918128533154427e-02 2.138087380771233614e-02
4.992888225905456334e-02 1.990772183820725683e-02
4.509775855592612626e-02 1.847298043641081369e-02
4.050702638550263135e-02 1.708001357008569893e-02
3.615784144005795842e-02 1.573190657968790568e-02
3.205129860364375194e-02 1.443138196610313680e-02
2.818843167645834757e-02 1.318071772744825419e-02
2.457021311459295365e-02 1.198167080275510180e-02
2.119755378522125699e-02 1.083540808491453497e-02
1.807130273729329328e-02 9.742447292860044808e-03
1.519224698779197968e-02 8.702609748893978120e-03
1.256111132360571148e-02 7.714986798722107617e-03
1.017855811906731578e-02 6.777921248484992250e-03
8.045187169204659483e-03 5.889004785783708701e-03
6.161535538745877005e-03 5.045091912596401038e-03
4.528077426915411152e-03 4.242330460174924094e-03
3.145224048057615462e-03 3.476208293125313247e-03
2.013323528115562588e-03 2.741615355640368047e-03
1.132660816992037134e-03 2.032919780720760395e-03
5.034576168149174080e-04 1.344056385953565922e-03
1.258723261249317105e-04 6.686255287295541196e-04
0.000000000000000000e+00 0.000000000000000000e+00
1.258723261249317105e-04 -3.013784968705249083e-04
5.034576168149174080e-04 -5.946417045386057608e-04
1.132660816992037134e-03 -8.717391494291155214e-04
2.013323528115562588e-03 -1.124872780793508909e-03
3.145224048057615462e-03 -1.346615536402408393e-03
4.528077426915411152e-03 -1.530020967304252964e-03
6.161535538745877005e-03 -1.668721339445023051e-03
8.045187169204659483e-03 -1.757011956159325273e-03
1.017855811906731578e-02 -1.789919835040383904e-03
1.256111132360571148e-02 -1.763255314065980501e-03
1.519224698779197968e-02 -1.673645642149296708e-03
1.807130273729329328e-02 -1.518550114381283112e-03
2.119755378522125699e-02 -1.296256827257446544e-03
2.457021311459295365e-02 -1.005861638929701936e-03
2.818843167645834757e-02 -6.472304088994253277e-04
3.205129860364375194e-02 -2.209460460338428297e-04
3.615784144005795842e-02 2.717577002065483627e-04
4.050702638550263135e-02 8.290734250545784981e-04
4.509775855592612626e-02 1.448705675588972787e-03
4.992888225905456334e-02 2.127962230055634868e-03
5.499918128533154427e-02 2.863848189894039296e-03
6.030737921409157209e-02 3.653160003925784959e-03
6.585213973489323358e-02 4.492576612492907816e-03
7.163206698392743377e-02 5.378745055054437452e-03
7.764570589541863743e-02 6.308358123134755018e-03
8.389154256793041053e-02 7.278221954224277368e-03
9.036800464548166989e-02 8.285311841497635527e-03
9.707346171337882801e-02 9.326814967102097301e-03
1.040062257086641351e-01 1.040015923949899265e-02
1.111645513450765232e-01 1.150302791267765121e-02
1.185466365524179277e-01 1.263336017075131733e-02
1.261506229302150617e-01 1.378933835869369275e-02
1.339745962155614034e-01 1.496936301195971042e-02
1.420165867650229341e-01 1.617201726812199716e-02
1.502745700504856119e-01 1.739602261712405035e-02
1.587464671688187945e-01 1.864018824950480421e-02
1.674301453652287108e-01 1.990335648218649958e-02
1.763234185701672008e-01 2.118434686977175435e-02
1.854240479496642724e-01 2.248190163921287912e-02
1.947297424689413692e-01 2.379463501375419371e-02
2.042381594691679014e-01 2.512098881811503787e-02
2.139469052572124941e-01 2.645919648434797225e-02
2.238535357082431787e-01 2.780725721356863342e-02
2.339555568810219865e-01 2.916292160313430429e-02
2.442504256457417311e-01 3.052368953544722791e-02
2.547355503242452190e-01 3.188682055995301079e-02
2.654082913424666845e-01 3.324935640327548320e-02
2.762659618949298013e-01 3.460815463507330159e-02
2.873058286211370715e-01 3.595993192196243055e-02
2.985251122936787294e-01 3.730131474245845097e-02
3.099209885178879631e-01 3.862889493627257032e-02
3.214905884428678196e-01 3.993928704477858749e-02
3.332309994837083789e-01 4.122918408801450052e-02
3.451392660547150104e-01 4.249540823697098291e-02
3.572123903134606371e-01 4.373495279495043936e-02
3.694473329154774888e-01 4.494501201152129727e-02
3.818410137793947223e-01 4.612299552565627542e-02
3.943903128623333920e-01 4.726652467456544937e-02
4.070920709453594855e-01 4.837340850942330184e-02
4.199430904288018462e-01 4.944159812051525382e-02
4.329401361372292589e-01 5.046911877782639388e-02
4.460799361338897429e-01 5.145398041783316723e-02
4.593591825444023335e-01 5.239406812585968576e-02
4.727745323894976259e-01 5.328701544220408592e-02
4.863226084265935834e-01 5.413006451983825434e-02
5.000000000000001110e-01 5.491991833704432113e-02
5.138032638995313484e-01 5.565259127051525034e-02
5.277289252273172915e-01 5.632326531021376870e-02
5.417734782725895926e-01 5.692615999108425334e-02
5.559333873942259308e-01 5.745442467165169653e-02
5.702050879108284676e-01 5.790006204875711854e-02
5.845849869981135649e-01 5.825389170582229853e-02
5.990694645933862805e-01 5.850556199683024095e-02
6.136548743068714895e-01 5.864361762206022483e-02
6.283375443396724824e-01 5.865562881325526307e-02
6.431137784081281117e-01 5.852838608199897874e-02
6.579798566743311206e-01 5.824816197182101224e-02
6.729320366825783939e-01 5.780103817912275038e-02
6.879665543015128781e-01 5.717329276995501003e-02
7.030796246717250231e-01 5.635183803208238668e-02
7.182674431585703845e-01 5.532469479227141579e-02
7.335261863099650226e-01 5.408148384028849120e-02
7.488520128189207758e-01 5.261390949243942294e-02
7.642410644905727191e-01 5.091620437338061078e-02
7.796894672134594417e-01 4.898549828602628831e-02
7.951933319348093443e-01 4.682206768175601469e-02
8.107487556395898132e-01 4.442941585751319922e-02
8.263518223330695855e-01 4.181412772699408947e-02
8.419986040266501659e-01 3.898543698614085479e-02
8.576851617267149397e-01 3.595443787487447723e-02
8.734075464262507360e-01 3.273286869165237256e-02
8.891618000989889303e-01 2.933138991464498066e-02
9.049439566958173975e-01 2.575727639533481952e-02
9.207500431432115162e-01 2.201144078896338438e-02
9.365760803434354242e-01 1.808470433959870685e-02
9.524180841762578398e-01 1.395323150667675087e-02
9.682720665019324269e-01 9.573046855037986580e-03
9.841340361651920166e-01 4.873556267877819127e-03
9.999999999999998890e-01 -2.499999999999623292e-04
