9.999999999999998890e-01 2.500000000000866872e-04
9.841340361651920166e-01 1.240756704017993185e-02
9.682720665019324269e-01 2.415801993574431122e-02
9.524180841762578398e-01 3.557508800207812710e-02
9.365760803434354242e-01 4.670954404311142977e-02
9.207500431432115162e-01 5.759418928646693747e-02
9.049439566958173975e-01 6.824812506649957644e-02
8.891618000989889303e-01 7.868036025354541163e-02
8.734075464262507360e-01 8.889280711050871753e-02
8.576851617267149397e-01 9.888272071402350039e-02
8.419986040266501659e-01 1.086446383850286912e-01
8.263518223330695855e-01 1.181718758230312222e-01
8.107487556395898132e-01 1.274576359296340777e-01
7.951933319348093443e-01 1.364957847475201935e-01
7.796894672134594417e-01 1.452813466434118850e-01
7.642410644905727191e-01 1.538107679427275221e-01
7.488520128189207758e-01 1.620819947953872908e-01
7.335261863099650226e-01 1.700944072306509458e-01
7.182674431585703845e-01 1.778486472547452235e-01
7.030796246717250231e-01 1.853463745640347438e-01
6.879665543015128781e-01 1.925899790876648143e-01
6.729320366825783939e-01 1.995822752281909973e-01
6.579798566743311206e-01 2.063261984190161713e-01
6.431137784081281117e-01 2.128245205361186387e-01
6.283375443396724824e-01 2.190795968509220149e-01
6.136548743068714895e-01 2.250931536429855995e-01
5.990694645933862805e-01 2.308661223465362511e-01
5.845849869981135649e-01 2.363985232141365134e-01
5.702050879108284676e-01 2.416893989641259177e-01
5.559333873942259308e-01 2.467367967461486788e-01
5.417734782725895926e-01 2.515377950121978068e-01
5.277289252273172915e-01 2.560885705118046141e-01
5.138032638995313484e-01 2.603844996244102927e-01
5.000000000000001110e-01 2.644202875781224149e-01
4.863226084265935834e-01 2.681901187549908805e-01
4.727745323894976259e-01 2.716878212171999762e-01
4.593591825444023335e-01 2.749070387713385410e-01
4.460799361338897429e-01 2.778414042820613328e-01
4.329401361372292589e-01 2.804847085136301099e-01
4.199430904288018462e-01 2.828310594793828625e-01
4.070920709453594855e-01 2.848750280771747412e-01
3.943903128623333920e-01 2.866117766467947692e-01
3.818410137793947223e-01 2.880371679690976738e-01
3.694473329154774888e-01 2.891478531047628753e-01
3.572123903134606371e-01 2.899413373153063023e-01
3.451392660547150104e-01 2.904160240960949602e-01
3.332309994837083789e-01 2.905712380606763623e-01
3.214905884428678196e-01 2.904072280319360821e-01
3.099209885178879631e-01 2.899251522070327991e-01
2.985251122936787294e-01 2.891270476624972496e-01
2.873058286211370715e-01 2.880157867502349811e-01
2.762659618949298013e-01 2.865950231051425101e-01
2.654082913424666845e-01 2.848691300448740193e-01
2.547355503242452190e-01 2.828431340993112775e-01
2.442504256457417311e-01 2.805226462714828783e-01
2.339555568810219865e-01 2.779137934152154377e-01
2.238535357082431787e-01 2.750231518314851242e-01
2.139469052572124941e-01 2.718576848502352039e-01
2.042381594691679014e-01 2.684246857928657137e-01
1.947297424689413692e-01 2.647317273183723563e-01
1.854240479496642724e-01 2.607866177584826084e-01
1.763234185701672008e-01 2.565973646586067192e-01
1.674301453652287108e-01 2.521721453752603370e-01
1.587464671688187945e-01 2.475192842485890166e-01
1.502745700504856119e-01 2.426472355806797709e-01
1.420165867650229341e-01 2.375645714144108411e-01
1.339745962155614034e-01 2.322799729294747761e-01
1.261506229302150617e-01 2.268022241554691343e-01
1.185466365524179277e-01 2.211402066479390693e-01
1.111645513450765232e-01 2.153028937811599652e-01
1.040062257086641351e-01 2.092993433784210433e-01
9.707346171337882801e-02 2.031386875218837151e-01
9.036800464548166989e-02 1.968301185533929409e-01
8.389154256793041053e-02 1.903828704871627919e-01
7.764570589541863743e-02 1.838061952962196655e-01
7.163206698392743377e-02 1.771093337972436954e-01
6.585213973489323358e-02 1.703014811329621458e-01
6.030737921409157209e-02 1.633917471273146904e-01
5.499918128533154427e-02 1.563891120562503068e-01
4.992888225905456334e-02 1.493023786267582143e-01
4.509775855592612626e-02 1.421401211798552500e-01
4.050702638550263135e-02 1.349106333221053999e-01
3.615784144005795842e-02 1.276218753384209259e-01
3.205129860364375194e-02 1.202814228413744829e-01
2.818843167645834757e-02 1.128964181656272048e-01
2.457021311459295365e-02 1.054735260184984785e-01
2.119755378522125699e-02 9.801889484903589245e-02
1.807130273729329328e-02 9.053812529963449485e-02
1.519224698779197968e-02 8.303624695936148714e-02
1.256111132360571148e-02 7.551770445114040775e-02
1.017855811906731578e-02 6.798635366162740501e-02
8.045187169204659483e-03 6.044546866986261202e-02
6.161535538745877005e-03 5.289775965638853633e-02
4.528077426915411152e-03 4.534540178688725720e-02
3.145224048057615462e-03 3.779007477235058615e-02
2.013323528115562588e-03 3.023301252020593050e-02
1.132660816992037134e-03 2.267506201649950245e-02
5.034576168149174080e-04 1.511675032648126214e-02
1.258723261249317105e-04 7.558358377421669702e-03
0.000000000000000000e+00 0.000000000000000000e+00
1.258723261249317105e-04 -6.990822232838354335e-03
5.034576168149174080e-04 -1.396019944423257733e-02
1.132660816992037134e-03 -2.088689711565223581e-02
2.013323528115562588e-03 -2.775022111777862219e-02
3.145224048057615462e-03 -3.453027183220633983e-02
4.528077426915411152e-03 -4.120817947837188133e-02
6.161535538745877005e-03 -4.776631520241479689e-02
8.045187169204659483e-03 -5.418847315869345510e-02
1.017855811906731578e-02 -6.046001962034874139e-02
1.256111132360571148e-02 -6.656800606960355804e-02
1.519224698779197968e-02 -7.250124421522030627e-02
1.807130273729329328e-02 -7.825034193507293678e-02
2.119755378522125699e-02 -8.380770021595239372e-02
2.457021311459295365e-02 -8.916747222948138984e-02
2.818843167645834757e-02 -9.432548671153370701e-02
3.205129860364375194e-02 -9.927913877293829958e-02
3.615784144005795842e-02 -1.040272521335017519e-01
4.050702638550263135e-02 -1.085699175141414397e-01
4.509775855592612626e-02 -1.129083125212714395e-01
4.992888225905456334e-02 -1.170445087956527574e-01
5.499918128533154427e-02 -1.209812724614971191e-01
6.030737921409157209e-02 -1.247218639925076894e-01
6.585213973489323358e-02 -1.282698435069356269e-01
7.163206698392743377e-02 -1.316288872162640622e-01
7.764570589541863743e-02 -1.348026202899519910e-01
8.389154256793041053e-02 -1.377944707752085385e-01
9.036800464548166989e-02 -1.406075484444601065e-01
9.707346171337882801e-02 -1.432445515569973626e-01
1.040062257086641351e-01 -1.457077035421095179e-01
1.111645513450765232e-01 -1.479987205689374807e-01
1.185466365524179277e-01 -1.501188098957397243e-01
1.261506229302150617e-01 -1.520686978221707508e-01
1.339745962155614034e-01 -1.538486850368736281e-01
1.420165867650229341e-01 -1.554587261930042985e-01
1.502745700504856119e-01 -1.568985296884482794e-01
1.587464671688187945e-01 -1.581676729051190999e-01
1.674301453652287108e-01 -1.592657275989010912e-01
1.763234185701672008e-01 -1.601923897501878469e-01
1.854240479496642724e-01 -1.609476080009621390e-01
1.947297424689413692e-01 -1.615317048285104251e-01
2.042381594691679014e-01 -1.619454848422726689e-01
2.139469052572124941e-01 -1.621903250363854188e-01
2.238535357082431787e-01 -1.622682424766440368e-01
2.339555568810219865e-01 -1.621819357304943587e-01
2.442504256457417311e-01 -1.619347973392102069e-01
2.547355503242452190e-01 -1.615308957533890810e-01
2.654082913424666845e-01 -1.609749263714923273e-01
2.762659618949298013e-01 -1.602721325968295696e-01
2.873058286211370715e-01 -1.594281991178769509e-01
2.985251122936787294e-01 -1.584491208742967172e-01
3.099209885178879631e-01 -1.573410523494049307e-01
3.214905884428678196e-01 -1.561101428821617676e-01
3.332309994837083789e-01 -1.547623645727209118e-01
3.451392660547150104e-01 -1.533033400229810161e-01
3.572123903134606371e-01 -1.517381775699155888e-01
3.694473329154774888e-01 -1.500713218033328245e-01
3.818410137793947223e-01 -1.483064269873012042e-01
3.943903128623333920e-01 -1.464462605107368087e-01
4.070920709453594855e-01 -1.444926426725266222e-01
4.199430904288018462e-01 -1.424464279658168298e-01
4.329401361372292589e-01 -1.403075315820911384e-01
4.460799361338897429e-01 -1.380750031376891673e-01
4.593591825444023335e-01 -1.357471476749111394e-01
4.727745323894976259e-01 -1.333216918601712875e-01
4.863226084265935834e-01 -1.307959910575923201e-01
5.000000000000001110e-01 -1.281672706733544553e-01
5.138032638995313484e-01 -1.254328929288328065e-01
5.277289252273172915e-01 -1.225906381217890945e-01
5.417734782725895926e-01 -1.196389875734681224e-01
5.559333873942259308e-01 -1.165773939381996999e-01
5.702050879108284676e-01 -1.134065234755081281e-01
5.845849869981135649e-01 -1.101284543562962431e-01
5.990694645933862805e-01 -1.067468151942180116e-01
6.136548743068714895e-01 -1.032668488541062524e-01
6.283375443396724824e-01 -9.969538827495068312e-02
6.431137784081281117e-01 -9.604073362658595292e-02
6.579798566743311206e-01 -9.231242365270769801e-02
6.729320366825783939e-01 -8.852089857563343045e-02
6.879665543015128781e-01 -8.467705746716751303e-02
7.030796246717250231e-01 -8.079171951870273150e-02
7.182674431585703845e-01 -7.687500614093058238e-02
7.335261863099650226e-01 -7.293566923117267287e-02
7.488520128189207758e-01 -6.898040017853643291e-02
7.642410644905727191e-01 -6.501316411951310603e-02
7.796894672134594417e-01 -6.103461446641585825e-02
7.951933319348093443e-01 -5.704165363731546895e-02
8.107487556395898132e-01 -5.302721702104156581e-02
8.263518223330695855e-01 -4.898036829140212794e-02
8.419986040266501659e-01 -4.488680499524470846e-02
8.576851617267149397e-01 -4.072988361380089350e-02
8.734075464262507360e-01 -3.649228275421360912e-02
8.891618000989889303e-01 -3.215843147461230206e-02
9.049439566958173975e-01 -2.771783668071273535e-02
9.207500431432115162e-01 -2.316944875182614175e-02
9.365760803434354242e-01 -1.852720776011938450e-02
9.524180841762578398e-01 -1.382691354928176214e-02
9.682720665019324269e-01 -9.134561263438598436e-03
9.841340361651920166e-01 -4.556279412247815630e-03
9.999999999999998890e-01 -2.500000000000286824e-04
