9.999999999999998890e-01 2.500000000000362176e-04
9.841340361651920166e-01 5.422982388479176581e-03
9.682720665019324269e-01 1.055753178783323636e-02
9.524180841762578398e-01 1.562733574346636747e-02
9.365760803434354242e-01 2.061354882266926494e-02
9.207500431432115162e-01 2.550345353612852584e-02
9.049439566958173975e-01 3.028924878034701743e-02
8.891618000989889303e-01 3.496696722233730292e-02
8.734075464262507360e-01 3.953552109970595585e-02
8.576851617267149397e-01 4.399587410963953088e-02
8.419986040266501659e-01 4.835033542715690136e-02
8.263518223330695855e-01 5.260197044088224527e-02
8.107487556395898132e-01 5.675412153472091104e-02
7.951933319348093443e-01 6.081003118398229518e-02
7.796894672134594417e-01 6.477255877906264170e-02
7.642410644905727191e-01 6.864398193979853735e-02
7.488520128189207758e-01 7.242587263677557896e-02
7.335261863099650226e-01 7.611903818689445822e-02
7.182674431585703845e-01 7.972351713109397664e-02
7.030796246717250231e-01 8.323862012140482991e-02
6.879665543015128781e-01 8.666300622913974960e-02
6.729320366825783939e-01 8.999478552063533421e-02
6.579798566743311206e-01 9.323163931439321095e-02
6.431137784081281117e-01 9.637095021518539417e-02
6.283375443396724824e-01 9.940993479709743508e-02
6.136548743068714895e-01 1.023457726583277688e-01
5.990694645933862805e-01 1.051757264752879589e-01
5.845849869981135649e-01 1.078972486216604465e-01
5.702050879108284676e-01 1.105080708694921032e-01
5.559333873942259308e-01 1.130062746348072522e-01
5.417734782725895926e-01 1.153903401513480531e-01
5.277289252273172915e-01 1.176591738359733658e-01
5.138032638995313484e-01 1.198121139326465273e-01
5.000000000000001110e-01 1.218489152753105265e-01
4.863226084265935834e-01 1.237697146817642868e-01
4.727745323894976259e-01 1.255749790715252889e-01
4.593591825444023335e-01 1.272654388834233430e-01
4.460799361338897429e-01 1.288420097484183902e-01
4.329401361372292589e-01 1.303057056472606556e-01
4.199430904288018462e-01 1.316575469507480778e-01
4.070920709453594855e-01 1.328984668042982042e-01
3.943903128623333920e-01 1.340292192822117034e-01
3.818410137793947223e-01 1.350502926061617204e-01
3.694473329154774888e-01 1.359618305046304265e-01
3.572123903134606371e-01 1.367635644942953033e-01
3.451392660547150104e-01 1.374547595011189616e-01
3.332309994837083789e-01 1.380341748195429430e-01
3.214905884428678196e-01 1.385000419449451126e-01
3.099209885178879631e-01 1.388500603201408834e-01
2.985251122936787294e-01 1.390814115241801041e-01
2.873058286211370715e-01 1.391907919139885874e-01
2.762659618949298013e-01 1.391744632192090936e-01
2.654082913424666845e-01 1.390283201000655222e-01
2.547355503242452190e-01 1.387479732185669390e-01
2.442504256457417311e-01 1.383288459552864946e-01
2.339555568810219865e-01 1.377662825364781851e-01
2.238535357082431787e-01 1.370556650273046795e-01
2.139469052572124941e-01 1.361925364028215568e-01
2.042381594691679014e-01 1.351727267338944105e-01
1.947297424689413692e-01 1.339924794235856365e-01
1.854240479496642724e-01 1.326485744022120605e-01
1.763234185701672008e-01 1.311384452360479513e-01
1.674301453652287108e-01 1.294602872237006208e-01
1.587464671688187945e-01 1.276131537421021644e-01
1.502745700504856119e-01 1.255970383559643633e-01
1.420165867650229341e-01 1.234129405141988350e-01
1.339745962155614034e-01 1.210629130167953094e-01
1.261506229302150617e-01 1.185500898375216466e-01
1.185466365524179277e-01 1.158786933222992893e-01
1.111645513450765232e-01 1.130540202403186034e-01
1.040062257086641351e-01 1.100824066345947733e-01
9.707346171337882801e-02 1.069711718902551095e-01
9.036800464548166989e-02 1.037285429019520755e-01
8.389154256793041053e-02 1.003635596662465490e-01
7.764570589541863743e-02 9.688596404090181469e-02
7.163206698392743377e-02 9.330607379175052951e-02
6.585213973489323358e-02 8.963464438097559772e-02
6.030737921409157209e-02 8.588272123114520928e-02
5.499918128533154427e-02 8.206148542117878975e-02
4.992888225905456334e-02 7.818209592891085802e-02
4.509775855592612626e-02 7.425553162673227681e-02
4.050702638550263135e-02 7.029243626003686685e-02
3.615784144005795842e-02 6.630296959247111710e-02
3.205129860364375194e-02 6.229666778829526241e-02
2.818843167645834757e-02 5.828231592301189729e-02
2.457021311459295365e-02 5.426783527263772527e-02
2.119755378522125699e-02 5.026018773473460433e-02
1.807130273729329328e-02 4.626529938688972443e-02
1.519224698779197968e-02 4.228800479810333052e-02
1.256111132360571148e-02 3.833201328374330474e-02
1.017855811906731578e-02 3.439989784431217446e-02
8.045187169204659483e-03 3.049310706171149896e-02
6.161535538745877005e-03 2.661199975378150326e-02
4.528077426915411152e-03 2.275590171853931337e-02
3.145224048057615462e-03 1.892318344358484908e-02
2.013323528115562588e-03 1.511135722308962204e-02
1.132660816992037134e-03 1.131719172370978035e-02
5.034576168149174080e-04 7.536841680019328894e-03
1.258723261249317105e-04 3.765990087172095806e-03
0.000000000000000000e+00 0.000000000000000000e+00
1.258723261249317105e-04 -3.346974873969077620e-03
5.034576168149174080e-04 -6.678684747062711008e-03
1.132660816992037134e-03 -9.980055677227085004e-03
2.013323528115562588e-03 -1.323651614529921042e-02
3.145224048057615462e-03 -1.643423444899989525e-02
4.528077426915411152e-03 -1.956033987278854233e-02
6.161535538745877005e-03 -2.260312282651953317e-02
8.045187169204659483e-03 -2.555220964219888369e-02
1.017855811906731578e-02 -2.839870831563727147e-02
1.256111132360571148e-02 -3.113532216395957855e-02
1.519224698779197968e-02 -3.375642912418596459e-02
1.807130273729329328e-02 -3.625812522414732092e-02
2.119755378522125699e-02 -3.863823159532480539e-02
2.457021311459295365e-02 -4.089626524746095559e-02
2.818843167645834757e-02 -4.303337466638039455e-02
3.205129860364375194e-02 -4.505224210897633419e-02
3.615784144005795842e-02 -4.695695523307538005e-02
4.050702638550263135e-02 -4.875285139639867066e-02
4.509775855592612626e-02 -5.044633857124418419e-02
4.992888225905456334e-02 -5.204469733505052292e-02
5.499918128533154427e-02 -5.355586879932544564e-02
6.030737921409157209e-02 -5.498823362093719497e-02
6.585213973489323358e-02 -5.635038739387247808e-02
7.163206698392743377e-02 -5.765091774281529829e-02
7.764570589541863743e-02 -5.889818833211848959e-02
8.389154256793041053e-02 -6.010013476801313870e-02
9.036800464548166989e-02 -6.126407701453259053e-02
9.707346171337882801e-02 -6.239655247398917526e-02
1.040062257086641351e-01 -6.350317331314195290e-02
1.111645513450765232e-01 -6.458851096120137025e-02
1.185466365524179277e-01 -6.565600998248989628e-02
1.261506229302150617e-01 -6.670793275364805819e-02
1.339745962155614034e-01 -6.774533557279173446e-02
1.420165867650229341e-01 -6.876807601683981863e-02
1.502745700504856119e-01 -6.977485056448076706e-02
1.587464671688187945e-01 -7.076326073680419548e-02
1.674301453652287108e-01 -7.172990529557134176e-02
1.763234185701672008e-01 -7.267049539918321588e-02
1.854240479496642724e-01 -7.357998906555698881e-02
1.947297424689413692e-01 -7.445274084397690562e-02
2.042381594691679014e-01 -7.528266226649867054e-02
2.139469052572124941e-01 -7.606338844255518261e-02
2.238535357082431787e-01 -7.678844608364324142e-02
2.339555568810219865e-01 -7.745141830044736941e-02
2.442504256457417311e-01 -7.804610170096579203e-02
2.547355503242452190e-01 -7.856665163000016439e-02
2.654082913424666845e-01 -7.900771181906961205e-02
2.762659618949298013e-01 -7.936452524935562469e-02
2.873058286211370715e-01 -7.963302365352059597e-02
2.985251122936787294e-01 -7.980989377726030454e-02
3.099209885178879631e-01 -7.989261926803067904e-02
3.214905884428678196e-01 -7.987949783450198904e-02
3.332309994837083789e-01 -7.976963410268010646e-02
3.451392660547150104e-01 -7.956290935940844855e-02
3.572123903134606371e-01 -7.925993009728860006e-02
3.694473329154774888e-01 -7.886195793379781327e-02
3.818410137793947223e-01 -7.837082404980656725e-02
3.943903128623333920e-01 -7.778883175912723602e-02
4.070920709453594855e-01 -7.711865116418557820e-02
4.199430904288018462e-01 -7.636321005970837794e-02
4.329401361372292589e-01 -7.552558530660624658e-02
4.460799361338897429e-01 -7.460889880640046712e-02
4.593591825444023335e-01 -7.361622196164742393e-02
4.727745323894976259e-01 -7.255049211377848084e-02
4.863226084265935834e-01 -7.141444391556010796e-02
5.000000000000001110e-01 -7.021055793499388076e-02
5.138032638995313484e-01 -6.894102801986114193e-02
5.277289252273172915e-01 -6.760774810090210141e-02
5.417734782725895926e-01 -6.621231820474986207e-02
5.559333873942259308e-01 -6.475606851696778798e-02
5.702050879108284676e-01 -6.324009941579346317e-02
5.845849869981135649e-01 -6.166533452583542602e-02
5.990694645933862805e-01 -6.003258305694576108e-02
6.136548743068714895e-01 -5.834260703639556483e-02
6.283375443396724824e-01 -5.659618855154557177e-02
6.431137784081281117e-01 -5.479419183324072545e-02
6.579798566743311206e-01 -5.293761496247093024e-02
6.729320366825783939e-01 -5.102762620611991234e-02
6.879665543015128781e-01 -4.906558050887637606e-02
7.030796246717250231e-01 -4.705301250887952702e-02
7.182674431585703845e-01 -4.499160361898914967e-02
7.335261863099650226e-01 -4.288312223069704748e-02
7.488520128189207758e-01 -4.072933795227819120e-02
7.642410644905727191e-01 -3.853191297648753816e-02
7.796894672134594417e-01 -3.629227616617042296e-02
7.951933319348093443e-01 -3.401148821907872682e-02
8.107487556395898132e-01 -3.169010928664716537e-02
8.263518223330695855e-01 -2.932808362645858424e-02
8.419986040266501659e-01 -2.692465920619421804e-02
8.576851617267149397e-01 -2.447836358077802935e-02
8.734075464262507360e-01 -2.198706075885831224e-02
8.891618000989889303e-01 -1.944811707732676392e-02
9.049439566958173975e-01 -1.685870722495929827e-02
9.207500431432115162e-01 -1.421629440569047338e-02
9.365760803434354242e-01 -1.151932111279047564e-02
9.524180841762578398e-01 -8.768149000398434145e-03
9.682720665019324269e-01 -5.966287792238382341e-03
9.841340361651920166e-01 -3.121953965311416966e-03
9.999999999999998890e-01 -2.500000000000201172e-04
