9.999999999999998890e-01 2.500000000001384578e-04
9.841340361651920166e-01 1.867708866347270180e-02
9.682720665019324269e-01 3.509701482721225285e-02
9.524180841762578398e-01 5.033770235748128569e-02
9.365760803434354242e-01 6.495883620193486363e-02
9.207500431432115162e-01 7.931266327876997091e-02
9.049439566958173975e-01 9.359554957672358566e-02
8.891618000989889303e-01 1.078910202786518974e-01
8.734075464262507360e-01 1.222050460219468726e-01
8.576851617267149397e-01 1.364943581052378285e-01
8.419986040266501659e-01 1.506885798377517738e-01
8.263518223330695855e-01 1.647069517499911429e-01
8.107487556395898132e-01 1.784704066006413126e-01
7.951933319348093443e-01 1.919097176623097423e-01
7.796894672134594417e-01 2.049704023297094779e-01
7.642410644905727191e-01 2.176150143616592536e-01
7.488520128189207758e-01 2.298234037166433374e-01
7.335261863099650226e-01 2.415914645963851415e-01
7.182674431585703845e-01 2.529288315245469820e-01
7.030796246717250231e-01 2.638559215129636093e-01
6.879665543015128781e-01 2.744006589439108579e-01
6.729320366825783939e-01 2.845951599294410661e-01
6.579798566743311206e-01 2.944725956582731063e-01
6.431137784081281117e-01 3.040644005136436401e-01
6.283375443396724824e-01 3.133979412890471883e-01
6.136548743068714895e-01 3.224947192287515030e-01
5.990694645933862805e-01 3.313691373023139319e-01
5.845849869981135649e-01 3.400278313574310318e-01
5.702050879108284676e-01 3.484695357054398701e-01
5.559333873942259308e-01 3.566854312621569600e-01
5.417734782725895926e-01 3.646599074502246407e-01
5.277289252273172915e-01 3.723716574113445366e-01
5.138032638995313484e-01 3.797950193231797722e-01
5.000000000000001110e-01 3.869014743297152781e-01
4.863226084265935834e-01 3.936612132734443326e-01
4.727745323894976259e-01 4.000446895123215274e-01
4.593591825444023335e-01 4.060240830316597105e-01
4.460799361338897429e-01 4.115746112232394616e-01
4.329401361372292589e-01 4.166756335030452618e-01
4.199430904288018462e-01 4.213115097919338803e-01
4.070920709453594855e-01 4.254721862343822103e-01
3.943903128623333920e-01 4.291534948626245516e-01
3.818410137793947223e-01 4.323571667593151258e-01
3.694473329154774888e-01 4.350905702207456538e-01
3.572123903134606371e-01 4.373661961272435894e-01
3.451392660547150104e-01 4.392009219077066540e-01
3.332309994837083789e-01 4.406150929311821174e-01
3.214905884428678196e-01 4.416314657300248192e-01
3.099209885178879631e-01 4.422740610855109833e-01
2.985251122936787294e-01 4.425669766829068430e-01
2.873058286211370715e-01 4.425332088255261587e-01
2.762659618949298013e-01 4.421935306988150627e-01
2.654082913424666845e-01 4.415654710576394915e-01
2.547355503242452190e-01 4.406624321757832141e-01
2.442504256457417311e-01 4.394929796824315615e-01
2.339555568810219865e-01 4.380603297767395876e-01
2.238535357082431787e-01 4.363620515346540163e-01
2.139469052572124941e-01 4.343899938848574394e-01
2.042381594691679014e-01 4.321304386141044951e-01
1.947297424689413692e-01 4.295644727374721694e-01
1.854240479496642724e-01 4.266685659899850380e-01
1.763234185701672008e-01 4.234153322925883201e-01
1.674301453652287108e-01 4.197744480178624560e-01
1.587464671688187945e-01 4.157136948953041311e-01
1.502745700504856119e-01 4.112000915809088664e-01
1.420165867650229341e-01 4.062010753596575485e-01
1.339745962155614034e-01 4.006856941997221644e-01
1.261506229302150617e-01 3.946257694401086868e-01
1.185466365524179277e-01 3.879969907355405034e-01
1.111645513450765232e-01 3.807799074325040611e-01
1.040062257086641351e-01 3.729607842029679654e-01
9.707346171337882801e-02 3.645322933814165167e-01
9.036800464548166989e-02 3.554940218749361724e-01
8.389154256793041053e-02 3.458527765633408468e-01
7.764570589541863743e-02 3.356226785803489987e-01
7.163206698392743377e-02 3.248250435627057509e-01
6.585213973489323358e-02 3.134880516645162096e-01
6.030737921409157209e-02 3.016462176550445684e-01
5.499918128533154427e-02 2.893396775552755096e-01
4.992888225905456334e-02 2.766133138417251613e-01
4.509775855592612626e-02 2.635157460949115182e-01
4.050702638550263135e-02 2.500982179578939424e-01
3.615784144005795842e-02 2.364134142879381062e-01
3.205129860364375194e-02 2.225142443520666535e-01
2.818843167645834757e-02 2.084526277871875111e-01
2.457021311459295365e-02 1.942783198023480817e-01
2.119755378522125699e-02 1.800378107617537915e-01
1.807130273729329328e-02 1.657733329014627055e-01
1.519224698779197968e-02 1.515220035789827946e-01
1.256111132360571148e-02 1.373151302395261286e-01
1.017855811906731578e-02 1.231776973356032145e-01
8.045187169204659483e-03 1.091280499083001898e-01
6.161535538745877005e-03 9.517778259495725257e-02
4.528077426915411152e-03 8.133183664589227480e-02
3.145224048057615462e-03 6.758880129499288125e-02
2.013323528115562588e-03 5.394140971855016647e-02
1.132660816992037134e-03 4.037721401238838353e-02
5.034576168149174080e-04 2.687941828811789974e-02
1.258723261249317105e-04 1.342784428994346808e-02
0.000000000000000000e+00 0.000000000000000000e+00
1.258723261249317105e-04 -1.049743461868758027e-02
5.034576168149174080e-04 -2.093584847278260469e-02
1.132660816992037134e-03 -3.125764339195328395e-02
2.013323528115562588e-03 -4.140814884797242718e-02
3.145224048057615462e-03 -5.133697847018427879e-02
4.528077426915411152e-03 -6.099926131287401049e-02
6.161535538745877005e-03 -7.035671189688226523e-02
8.045187169204659483e-03 -7.937850778133336005e-02
1.017855811906731578e-02 -8.804194907806804637e-02
1.256111132360571148e-02 -9.633288073846076049e-02
1.519224698779197968e-02 -1.042458654345926328e-01
1.807130273729329328e-02 -1.117841022218200031e-01
2.119755378522125699e-02 -1.189590936937596349e-01
2.457021311459295365e-02 -1.257900718040088905e-01
2.818843167645834757e-02 -1.323031997126587200e-01
3.205129860364375194e-02 -1.385305737076761579e-01
3.615784144005795842e-02 -1.445090552522735605e-01
4.050702638550263135e-02 -1.502789683387746045e-01
4.509775855592612626e-02 -1.558827014304944025e-01
4.992888225905456334e-02 -1.613632562176016694e-01
5.499918128533154427e-02 -1.667627871052426436e-01
6.030737921409157209e-02 -1.721211757323630187e-01
6.585213973489323358e-02 -1.774746838654822079e-01
7.163206698392743377e-02 -1.828547257397720449e-01
7.764570589541863743e-02 -1.882867973857791366e-01
8.389154256793041053e-02 -1.937895957774327105e-01
9.036800464548166989e-02 -1.993743548948252176e-01
9.707346171337882801e-02 -2.050444191754645651e-01
1.040062257086641351e-01 -2.107950675205790270e-01
1.111645513450765232e-01 -2.166135932423973731e-01
1.185466365524179277e-01 -2.224796373156465723e-01
1.261506229302150617e-01 -2.283657642746489136e-01
1.339745962155614034e-01 -2.342382623237096728e-01
1.420165867650229341e-01 -2.400581419476705003e-01
1.502745700504856119e-01 -2.457823007564069184e-01
1.587464671688187945e-01 -2.513648166895116609e-01
1.674301453652287108e-01 -2.567583272394115546e-01
1.763234185701672008e-01 -2.619154491865032797e-01
1.854240479496642724e-01 -2.667901916064082113e-01
1.947297424689413692e-01 -2.713393146942806311e-01
2.042381594691679014e-01 -2.755235882967442818e-01
2.139469052572124941e-01 -2.793089069437098004e-01
2.238535357082431787e-01 -2.826672225764949586e-01
2.339555568810219865e-01 -2.855772619729315398e-01
2.442504256457417311e-01 -2.880250029245073340e-01
2.547355503242452190e-01 -2.900038913301811183e-01
2.654082913424666845e-01 -2.915147903006120034e-01
2.762659618949298013e-01 -2.925656618440640733e-01
2.873058286211370715e-01 -2.931709914313441745e-01
2.985251122936787294e-01 -2.933509753910570894e-01
3.099209885178879631e-01 -2.931305003352807081e-01
3.214905884428678196e-01 -2.925379523239769464e-01
3.332309994837083789e-01 -2.916039009160557582e-01
3.451392660547150104e-01 -2.903597093159985820e-01
3.572123903134606371e-01 -2.888361262258369311e-01
3.694473329154774888e-01 -2.870619175104328624e-01
3.818410137793947223e-01 -2.850625961855370871e-01
3.943903128623333920e-01 -2.828593074069141178e-01
4.070920709453594855e-01 -2.804679210048444116e-01
4.199430904288018462e-01 -2.778983776741126288e-01
4.329401361372292589e-01 -2.751543262758766595e-01
4.460799361338897429e-01 -2.722330789967438713e-01
4.593591825444023335e-01 -2.691258985873694054e-01
4.727745323894976259e-01 -2.658186178959519586e-01
4.863226084265935834e-01 -2.622925768291660131e-01
5.000000000000001110e-01 -2.585258461973848898e-01
5.138032638995313484e-01 -2.544946921833631248e-01
5.277289252273172915e-01 -2.501752200230329404e-01
5.417734782725895926e-01 -2.455451215596030357e-01
5.559333873942259308e-01 -2.405854393166069194e-01
5.702050879108284676e-01 -2.352822503384582598e-01
5.845849869981135649e-01 -2.296281669753986177e-01
5.990694645933862805e-01 -2.236235497327303812e-01
6.136548743068714895e-01 -2.172773299140410563e-01
6.283375443396724824e-01 -2.106073476600108241e-01
6.431137784081281117e-01 -2.036401246366954243e-01
6.579798566743311206e-01 -1.964100104816200176e-01
6.729320366825783939e-01 -1.889576684786862248e-01
6.879665543015128781e-01 -1.813278989764569582e-01
7.030796246717250231e-01 -1.735668388118757621e-01
7.182674431585703845e-01 -1.657186213122966156e-01
7.335261863099650226e-01 -1.578216340070136559e-01
7.488520128189207758e-01 -1.499045694856633859e-01
7.642410644905727191e-01 -1.419825282062072425e-01
7.796894672134594417e-01 -1.340534996001444823e-01
7.951933319348093443e-01 -1.260956184790618384e-01
8.107487556395898132e-01 -1.180656662641317994e-01
8.263518223330695855e-01 -1.098993595164424325e-01
8.419986040266501659e-01 -1.015140400616366956e-01
8.576851617267149397e-01 -9.281444995966446621e-02
8.734075464262507360e-01 -8.370233883677605236e-02
8.891618000989889303e-01 -7.409070875135692624e-02
9.049439566958173975e-01 -6.392355082940445743e-02
9.207500431432115162e-01 -5.320196637728832889e-02
9.365760803434354242e-01 -4.201759106979661984e-02
9.524180841762578398e-01 -3.059425218316284834e-02
9.682720665019324269e-01 -1.933878385114639470e-02
9.841340361651920166e-01 -8.901902256890668191e-03
9.999999999999998890e-01 -2.500000000000513422e-04
