9.999999999999998890e-01 2.500000000000774172e-04
9.841340361651920166e-01 1.129708016854664814e-02
9.682720665019324269e-01 2.225888737225169972e-02
9.524180841762578398e-01 3.307913090698322289e-02
9.365760803434354242e-01 4.371874126159110835e-02
9.207500431432115162e-01 5.415240100230615805e-02
9.049439566958173975e-01 6.436550227458349982e-02
8.891618000989889303e-01 7.435151253604280197e-02
8.734075464262507360e-01 8.410972656049647833e-02
8.576851617267149397e-01 9.364337983758841411e-02
8.419986040266501659e-01 1.029580962224280749e-01
8.263518223330695855e-01 1.120606410435282529e-01
8.107487556395898132e-01 1.209579498264643643e-01
7.951933319348093443e-01 1.296564022994646515e-01
7.796894672134594417e-01 1.381613113743874743e-01
7.642410644905727191e-01 1.464765972963354979e-01
7.488520128189207758e-01 1.546046180778518908e-01
7.335261863099650226e-01 1.625461286269266059e-01
7.182674431585703845e-01 1.703003425878445165e-01
7.030796246717250231e-01 1.778650727854245439e-01
6.879665543015128781e-01 1.852369282417224705e-01
6.729320366825783939e-01 1.924115479661090422e-01
6.579798566743311206e-01 1.993838540528261316e-01
6.431137784081281117e-01 2.061483090052015077e-01
6.283375443396724824e-01 2.126991645962715283e-01
6.136548743068714895e-01 2.190306919288451393e-01
5.990694645933862805e-01 2.251373846353701136e-01
5.845849869981135649e-01 2.310141293250207450e-01
5.702050879108284676e-01 2.366563394126434960e-01
5.559333873942259308e-01 2.420600503267777981e-01
5.417734782725895926e-01 2.472219757720900690e-01
5.277289252273172915e-01 2.521395262002515958e-01
5.138032638995313484e-01 2.568107919124221206e-01
5.000000000000001110e-01 2.612344942705902562e-01
4.863226084265935834e-01 2.654099093329665426e-01
4.727745323894976259e-01 2.693367688534785698e-01
4.593591825444023335e-01 2.730151440039833566e-01
4.460799361338897429e-01 2.764453174002803881e-01
4.329401361372292589e-01 2.796276490525534952e-01
4.199430904288018462e-01 2.825624417331631943e-01
4.070920709453594855e-01 2.852498109775041257e-01
3.943903128623333920e-01 2.876895645262765866e-01
3.818410137793947223e-01 2.898810955004557099e-01
3.694473329154774888e-01 2.918232929946305010e-01
3.572123903134606371e-01 2.935144731016017805e-01
3.451392660547150104e-01 2.949523326623543773e-01
3.332309994837083789e-01 2.961339272914149112e-01
3.214905884428678196e-01 2.970556744778428682e-01
3.099209885178879631e-01 2.977133818251879727e-01
2.985251122936787294e-01 2.981022997866250579e-01
2.873058286211370715e-01 2.982171975893979643e-01
2.762659618949298013e-01 2.980524604389710452e-01
2.654082913424666845e-01 2.976022055591661108e-01
2.547355503242452190e-01 2.968604141691478793e-01
2.442504256457417311e-01 2.958210761283485701e-01
2.339555568810219865e-01 2.944783437009740878e-01
2.238535357082431787e-01 2.928266907051680912e-01
2.139469052572124941e-01 2.908610732186889813e-01
2.042381594691679014e-01 2.885770880115058890e-01
1.947297424689413692e-01 2.859711249627006069e-01
1.854240479496642724e-01 2.830405098893769567e-01
1.763234185701672008e-01 2.797836344623610971e-01
1.674301453652287108e-01 2.762000701994658525e-01
1.587464671688187945e-01 2.722906639030348019e-01
1.502745700504856119e-01 2.680576123345729811e-01
1.420165867650229341e-01 2.635045143850601179e-01
1.339745962155614034e-01 2.586363994942177946e-01
1.261506229302150617e-01 2.534597315845007470e-01
1.185466365524179277e-01 2.479823882949682978e-01
1.111645513450765232e-01 2.422136158156782126e-01
1.040062257086641351e-01 2.361639601245495712e-01
9.707346171337882801e-02 2.298451759060523569e-01
9.036800464548166989e-02 2.232701148756368603e-01
8.389154256793041053e-02 2.164525956374997728e-01
7.764570589541863743e-02 2.094072575590242846e-01
7.163206698392743377e-02 2.021494014471200418e-01
6.585213973489323358e-02 1.946948200549435681e-01
6.030737921409157209e-02 1.870596216285541069e-01
5.499918128533154427e-02 1.792600498196446068e-01
4.992888225905456334e-02 1.713123033415165364e-01
4.509775855592612626e-02 1.632323587310836877e-01
4.050702638550263135e-02 1.550357995012306145e-01
3.615784144005795842e-02 1.467376548277937454e-01
3.205129860364375194e-02 1.383522507172598448e-01
2.818843167645834757e-02 1.298930763495030893e-01
2.457021311459295365e-02 1.213726679898255861e-01
2.119755378522125699e-02 1.128025125223450637e-01
1.807130273729329328e-02 1.041929722791076485e-01
1.519224698779197968e-02 9.555323243345165141e-02
1.256111132360571148e-02 8.689127179971656290e-02
1.017855811906731578e-02 7.821385744226033720e-02
8.045187169204659483e-03 6.952656305288690275e-02
6.161535538745877005e-03 6.083381061517033339e-02
4.528077426915411152e-03 5.213893444457930876e-02
3.145224048057615462e-03 4.344426628234562132e-02
2.013323528115562588e-03 3.475123973576321051e-02
1.132660816992037134e-03 2.606051200478131172e-02
5.034576168149174080e-04 1.737210052036964811e-02
1.258723261249317105e-04 8.685531849568411955e-03
0.000000000000000000e+00 0.000000000000000000e+00
1.258723261249317105e-04 -8.126844939793313738e-03
5.034576168149174080e-04 -1.622789135724428747e-02
1.132660816992037134e-03 -2.427766406031500387e-02
2.013323528115562588e-03 -3.225145178194096379e-02
3.145224048057615462e-03 -4.012566779968994995e-02
4.528077426915411152e-03 -4.787818551411126416e-02
6.161535538745877005e-03 -5.548864158919289413e-02
8.045187169204659483e-03 -6.293870004268936613e-02
1.017855811906731578e-02 -7.021227161736352806e-02
1.256111132360571148e-02 -7.729568384301377382e-02
1.519224698779197968e-02 -8.417779838677312554e-02
1.807130273729329328e-02 -9.085007355604583779e-02
2.119755378522125699e-02 -9.730657113319593488e-02
2.457021311459295365e-02 -1.035439080510019705e-01
2.818843167645834757e-02 -1.095611547299412541e-01
3.205129860364375194e-02 -1.153596831599447148e-01
3.615784144005795842e-02 -1.209429689890248599e-01
4.050702638550263135e-02 -1.263163529498213533e-01
4.509775855592612626e-02 -1.314867678861089129e-01
4.992888225905456334e-02 -1.364624384115928624e-01
5.499918128533154427e-02 -1.412525608238764108e-01
6.030737921409157209e-02 -1.458669712928174211e-01
6.585213973489323358e-02 -1.503158105350672624e-01
7.163206698392743377e-02 -1.546091931709916434e-01
7.764570589541863743e-02 -1.587568897373847765e-01
8.389154256793041053e-02 -1.627680289056245289e-01
9.036800464548166989e-02 -1.666508268416255489e-01
9.707346171337882801e-02 -1.704123498574711126e-01
1.040062257086641351e-01 -1.740583155658066705e-01
1.111645513450765232e-01 -1.775929366818291555e-01
1.185466365524179277e-01 -1.810188104522886532e-01
1.261506229302150617e-01 -1.843368554572678009e-01
1.339745962155614034e-01 -1.875462962614765083e-01
1.420165867650229341e-01 -1.906446951212974750e-01
1.502745700504856119e-01 -1.936280287158995972e-01
1.587464671688187945e-01 -1.964908066987776092e-01
1.674301453652287108e-01 -1.992262277917842273e-01
1.763234185701672008e-01 -2.018263681963858858e-01
1.854240479496642724e-01 -2.042823963024633649e-01
1.947297424689413692e-01 -2.065848070554668070e-01
2.042381594691679014e-01 -2.087236689154310376e-01
2.139469052572124941e-01 -2.106888761183713654e-01
2.238535357082431787e-01 -2.124703989384424396e-01
2.339555568810219865e-01 -2.140585248485925574e-01
2.442504256457417311e-01 -2.154440838829872751e-01
2.547355503242452190e-01 -2.166186521049140168e-01
2.654082913424666845e-01 -2.175747278622503500e-01
2.762659618949298013e-01 -2.183058764464623214e-01
2.873058286211370715e-01 -2.188068398332687070e-01
2.985251122936787294e-01 -2.190736093420748432e-01
3.099209885178879631e-01 -2.191034602721390612e-01
3.214905884428678196e-01 -2.188949488187713344e-01
3.332309994837083789e-01 -2.184478728037119455e-01
3.451392660547150104e-01 -2.177631989307990401e-01
3.572123903134606371e-01 -2.168429603623883428e-01
3.694473329154774888e-01 -2.156901293668328501e-01
3.818410137793947223e-01 -2.143084705787547395e-01
3.943903128623333920e-01 -2.127023810119944569e-01
4.070920709453594855e-01 -2.108767233453254786e-01
4.199430904288018462e-01 -2.088366591446533249e-01
4.329401361372292589e-01 -2.065874885808221262e-01
4.460799361338897429e-01 -2.041345028452792587e-01
4.593591825444023335e-01 -2.014828548608228465e-01
4.727745323894976259e-01 -1.986374530440784270e-01
4.863226084265935834e-01 -1.956028818214669840e-01
5.000000000000001110e-01 -1.923833513609883583e-01
5.138032638995313484e-01 -1.889826775961752636e-01
5.277289252273172915e-01 -1.854042921317252401e-01
5.417734782725895926e-01 -1.816512800852039811e-01
5.559333873942259308e-01 -1.777264423943215876e-01
5.702050879108284676e-01 -1.736323776678418973e-01
5.845849869981135649e-01 -1.693715773467327212e-01
5.990694645933862805e-01 -1.649465268389960493e-01
6.136548743068714895e-01 -1.603598044650840215e-01
6.283375443396724824e-01 -1.556141695674975733e-01
6.431137784081281117e-01 -1.507126310610093223e-01
6.579798566743311206e-01 -1.456584880863251441e-01
6.729320366825783939e-01 -1.404553353297540996e-01
6.879665543015128781e-01 -1.351070270251117089e-01
7.030796246717250231e-01 -1.296175956909974003e-01
7.182674431585703845e-01 -1.239911242933701974e-01
7.335261863099650226e-01 -1.182315737623491625e-01
7.488520128189207758e-01 -1.123425716202995500e-01
7.642410644905727191e-01 -1.063271718660053627e-01
7.796894672134594417e-01 -1.001876011604309752e-01
7.951933319348093443e-01 -9.392501170917261222e-02
8.107487556395898132e-01 -8.753926695367043875e-02
8.263518223330695855e-01 -8.102879216904358695e-02
8.419986040266501659e-01 -7.439052820617603201e-02
8.576851617267149397e-01 -6.762003277950130731e-02
8.734075464262507360e-01 -6.071177974631033342e-02
8.891618000989889303e-01 -5.365971259328531501e-02
9.049439566958173975e-01 -4.645811367696570798e-02
9.207500431432115162e-01 -3.910285548599881644e-02
9.365760803434354242e-01 -3.159310412964529829e-02
9.524180841762578398e-01 -2.393354823399064871e-02
9.682720665019324269e-01 -1.613722827253373862e-02
9.841340361651920166e-01 -8.229041905782167460e-03
9.999999999999998890e-01 -2.500000000000559500e-04
