9.999999999999998890e-01 2.500000000001131417e-04
9.841340361651920166e-01 1.631642631051817560e-02
9.682720665019324269e-01 3.213847026057269768e-02
9.524180841762578398e-01 4.767869542767003144e-02
9.365760803434354242e-01 6.291479712779428357e-02
9.207500431432115162e-01 7.783565380580791115e-02
9.049439566958173975e-01 9.243804299169587624e-02
8.891618000989889303e-01 1.067239626120529278e-01
8.734075464262507360e-01 1.206984965444963392e-01
8.576851617267149397e-01 1.343681626502485627e-01
8.419986040266501659e-01 1.477396820078500927e-01
8.263518223330695855e-01 1.608191095791334235e-01
8.107487556395898132e-01 1.736112689396788200e-01
7.951933319348093443e-01 1.861194368674783661e-01
7.796894672134594417e-01 1.983452273706002300e-01
7.642410644905727191e-01 2.102886290126949609e-01
7.488520128189207758e-01 2.219481540322540136e-01
7.335261863099650226e-01 2.333210626205546034e-01
7.182674431585703845e-01 2.444036307039207656e-01
7.030796246717250231e-01 2.551914345566247411e-01
6.879665543015128781e-01 2.656796304497283101e-01
6.729320366825783939e-01 2.758632122279456866e-01
6.579798566743311206e-01 2.857372341227547574e-01
6.431137784081281117e-01 2.952969901897689597e-01
6.283375443396724824e-01 3.045381454490560524e-01
6.136548743068714895e-01 3.134568170689582822e-01
5.990694645933862805e-01 3.220496067401804607e-01
5.845849869981135649e-01 3.303135877229955719e-01
5.702050879108284676e-01 3.382462519136096302e-01
5.559333873942259308e-01 3.458454236741514420e-01
5.417734782725895926e-01 3.531091481223394557e-01
5.277289252273172915e-01 3.600355621082637625e-01
5.138032638995313484e-01 3.666227562509477567e-01
5.000000000000001110e-01 3.728686362065565807e-01
4.863226084265935834e-01 3.787707908381752753e-01
4.727745323894976259e-01 3.843263742021465479e-01
4.593591825444023335e-01 3.895320073082579881e-01
4.460799361338897429e-01 3.943837045013824927e-01
4.329401361372292589e-01 3.988768281007960548e-01
4.199430904288018462e-01 4.030060736688120815e-01
4.070920709453594855e-01 4.067654870083526886e-01
3.943903128623333920e-01 4.101485127516828477e-01
3.818410137793947223e-01 4.131480732374166465e-01
3.694473329154774888e-01 4.157566753126477610e-01
3.572123903134606371e-01 4.179665417687336570e-01
3.451392660547150104e-01 4.197697633441444531e-01
3.332309994837083789e-01 4.211584666212134231e-01
3.214905884428678196e-01 4.221249927149318126e-01
3.099209885178879631e-01 4.226620814047489794e-01
2.985251122936787294e-01 4.227630552926939234e-01
2.873058286211370715e-01 4.224219986760262557e-01
2.762659618949298013e-01 4.216339260883783524e-01
2.654082913424666845e-01 4.203949358743223619e-01
2.547355503242452190e-01 4.187023446994394549e-01
2.442504256457417311e-01 4.165547995396305381e-01
2.339555568810219865e-01 4.139523644159589510e-01
2.238535357082431787e-01 4.108965799200050006e-01
2.139469052572124941e-01 4.073904943843197901e-01
2.042381594691679014e-01 4.034386663681763241e-01
1.947297424689413692e-01 3.990471389264159674e-01
1.854240479496642724e-01 3.942233868864062352e-01
1.763234185701672008e-01 3.889762390546114279e-01
1.674301453652287108e-01 3.833157778923085846e-01
1.587464671688187945e-01 3.772532197247885910e-01
1.502745700504856119e-01 3.708007789683939737e-01
1.420165867650229341e-01 3.639715201668494160e-01
1.339745962155614034e-01 3.567792018179286595e-01
1.261506229302150617e-01 3.492381160424474773e-01
1.185466365524179277e-01 3.413629281021768880e-01
1.111645513450765232e-01 3.331685196170384722e-01
1.040062257086641351e-01 3.246698390733200879e-01
9.707346171337882801e-02 3.158817628646979903e-01
9.036800464548166989e-02 3.068189696798492849e-01
8.389154256793041053e-02 2.974958305594139762e-01
7.764570589541863743e-02 2.879263164073939674e-01
7.163206698392743377e-02 2.781239241748494906e-01
6.585213973489323358e-02 2.681016223544627763e-01
6.030737921409157209e-02 2.578718158503676694e-01
5.499918128533154427e-02 2.474463297351905122e-01
4.992888225905456334e-02 2.368364108909338239e-01
4.509775855592612626e-02 2.260527460660561871e-01
4.050702638550263135e-02 2.151054944799054292e-01
3.615784144005795842e-02 2.040043327774026527e-01
3.205129860364375194e-02 1.927585098889921245e-01
2.818843167645834757e-02 1.813769091883048745e-01
2.457021311459295365e-02 1.698681152649755000e-01
2.119755378522125699e-02 1.582404826422594002e-01
1.807130273729329328e-02 1.465022038655564574e-01
1.519224698779197968e-02 1.346613745632969927e-01
1.256111132360571148e-02 1.227260533282439336e-01
1.017855811906731578e-02 1.107043145755300384e-01
8.045187169204659483e-03 9.860429289239507067e-02
6.161535538745877005e-03 8.643421779105549263e-02
4.528077426915411152e-03 7.420243819687430409e-02
3.145224048057615462e-03 6.191743643503214156e-02
2.013323528115562588e-03 4.958783190598434198e-02
1.132660816992037134e-03 3.722237504938569197e-02
5.034576168149174080e-04 2.482993257467163567e-02
1.258723261249317105e-04 1.241946527208177484e-02
0.000000000000000000e+00 0.000000000000000000e+00
1.258723261249317105e-04 -1.182912725023922522e-02
5.034576168149174080e-04 -2.363148281102542617e-02
1.132660816992037134e-03 -3.538051298564982849e-02
2.013323528115562588e-03 -4.705022018510461590e-02
3.145224048057615462e-03 -5.861542671609699245e-02
4.528077426915411152e-03 -7.005202183238644353e-02
6.161535538745877005e-03 -8.133718711259080303e-02
8.045187169204659483e-03 -9.244959575639505323e-02
1.017855811906731578e-02 -1.033695820257642950e-01
1.256111132360571148e-02 -1.140792777818159381e-01
1.519224698779197968e-02 -1.245627138626340252e-01
1.807130273729329328e-02 -1.348058848917993158e-01
2.119755378522125699e-02 -1.447967769799131388e-01
2.457021311459295365e-02 -1.545253586591925632e-01
2.818843167645834757e-02 -1.639835362516245676e-01
3.205129860364375194e-02 -1.731650756919169143e-01
3.615784144005795842e-02 -1.820654935864355617e-01
4.050702638550263135e-02 -1.906819209689883110e-01
4.509775855592612626e-02 -1.990129437963850945e-01
4.992888225905456334e-02 -2.070584246965210262e-01
5.499918128533154427e-02 -2.148193108276988395e-01
6.030737921409157209e-02 -2.222974329217789480e-01
6.585213973489323358e-02 -2.294953006609244672e-01
7.163206698392743377e-02 -2.364158994772843359e-01
7.764570589541863743e-02 -2.430624936698700667e-01
8.389154256793041053e-02 -2.494384404097268193e-01
9.036800464548166989e-02 -2.555470187634743540e-01
9.707346171337882801e-02 -2.613912773198648898e-01
1.040062257086641351e-01 -2.669739033705792464e-01
1.111645513450765232e-01 -2.722971158939503367e-01
1.185466365524179277e-01 -2.773625838395673004e-01
1.261506229302150617e-01 -2.821713704350292673e-01
1.339745962155614034e-01 -2.867239034565755018e-01
1.420165867650229341e-01 -2.910199706460970814e-01
1.502745700504856119e-01 -2.950587387407885842e-01
1.587464671688187945e-01 -2.988387939298804419e-01
1.674301453652287108e-01 -3.023582009851000785e-01
1.763234185701672008e-01 -3.056145778448868811e-01
1.854240479496642724e-01 -3.086051820811004931e-01
1.947297424689413692e-01 -3.113270054516834584e-01
2.042381594691679014e-01 -3.137768726503120109e-01
2.139469052572124941e-01 -3.159515404071687183e-01
2.238535357082431787e-01 -3.178477932720008003e-01
2.339555568810219865e-01 -3.194625327155781180e-01
2.442504256457417311e-01 -3.207928566082923760e-01
2.547355503242452190e-01 -3.218361266605443971e-01
2.654082913424666845e-01 -3.225900220206507352e-01
2.762659618949298013e-01 -3.230525779007817899e-01
2.873058286211370715e-01 -3.232222088157463147e-01
2.985251122936787294e-01 -3.230977167469347155e-01
3.099209885178879631e-01 -3.226782852568379489e-01
3.214905884428678196e-01 -3.219634612500988924e-01
3.332309994837083789e-01 -3.209531266773363312e-01
3.451392660547150104e-01 -3.196474629815245216e-01
3.572123903134606371e-01 -3.180469114693529331e-01
3.694473329154774888e-01 -3.161521330306372723e-01
3.818410137793947223e-01 -3.139639707105265631e-01
3.943903128623333920e-01 -3.114834185497216135e-01
4.070920709453594855e-01 -3.087115998406199102e-01
4.199430904288018462e-01 -3.056497575017622648e-01
4.329401361372292589e-01 -3.022992586554447136e-01
4.460799361338897429e-01 -2.986616147170691460e-01
4.593591825444023335e-01 -2.947385173901299615e-01
4.727745323894976259e-01 -2.905318899351442830e-01
4.863226084265935834e-01 -2.860439519787125739e-01
5.000000000000001110e-01 -2.812772949910982700e-01
5.138032638995313484e-01 -2.762349644339152088e-01
5.277289252273172915e-01 -2.709205435154187214e-01
5.417734782725895926e-01 -2.653382325452047219e-01
5.559333873942259308e-01 -2.594929171113044553e-01
5.702050879108284676e-01 -2.533902177706515713e-01
5.845849869981135649e-01 -2.470365137085263618e-01
5.990694645933862805e-01 -2.404389329420106025e-01
6.136548743068714895e-01 -2.336053021714742661e-01
6.283375443396724824e-01 -2.265440503722916110e-01
6.431137784081281117e-01 -2.192640617090503008e-01
6.579798566743311206e-01 -2.117744753805535507e-01
6.729320366825783939e-01 -2.040844325896430111e-01
6.879665543015128781e-01 -1.962027739891524514e-01
7.030796246717250231e-01 -1.881376946826553154e-01
7.182674431585703845e-01 -1.798963681401051229e-01
7.335261863099650226e-01 -1.714845551924024381e-01
7.488520128189207758e-01 -1.629062195475288466e-01
7.642410644905727191e-01 -1.541631769595872281e-01
7.796894672134594417e-01 -1.452548111994413083e-01
7.951933319348093443e-01 -1.361778962236301072e-01
8.107487556395898132e-01 -1.269265703027548375e-01
8.263518223330695855e-01 -1.174925142224980956e-01
8.419986040266501659e-01 -1.078653918670015865e-01
8.576851617267149397e-01 -9.803361738073970710e-02
8.734075464262507360e-01 -8.798551851662082812e-02
8.891618000989889303e-01 -7.771097054279021976e-02
9.049439566958173975e-01 -6.720357902179001364e-02
9.207500431432115162e-01 -5.646349271509826240e-02
9.365760803434354242e-01 -4.550092962708388727e-02
9.524180841762578398e-01 -3.434049961382023425e-02
9.682720665019324269e-01 -2.302640588162058188e-02
9.841340361651920166e-01 -1.162860493792230998e-02
9.999999999999998890e-01 -2.500000000000792062e-04
