9.999999999999998890e-01 2.500000000000904819e-04
9.841340361651920166e-01 1.310234768004078267e-02
9.682720665019324269e-01 2.575918972187377434e-02
9.524180841762578398e-01 3.819057716613687148e-02
9.365760803434354242e-01 5.037866645016619155e-02
9.207500431432115162e-01 6.231456051904919052e-02
9.049439566958173975e-01 7.399568158951723429e-02
8.891618000989889303e-01 8.542362819818596908e-02
8.734075464262507360e-01 9.660246764427890542e-02
8.576851617267149397e-01 1.075374144150166439e-01
8.419986040266501659e-01 1.182338455720284287e-01
8.263518223330695855e-01 1.286966052836774066e-01
8.107487556395898132e-01 1.389295526090645605e-01
7.951933319348093443e-01 1.489353091686793917e-01
7.796894672134594417e-01 1.587151663663199652e-01
7.642410644905727191e-01 1.682691152493438758e-01
7.488520128189207758e-01 1.775959658039689415e-01
7.335261863099650226e-01 1.866935263775603426e-01
7.182674431585703845e-01 1.955588179043999397e-01
7.030796246717250231e-01 2.041883015959897185e-01
6.879665543015128781e-01 2.125781026601207546e-01
6.729320366825783939e-01 2.207242163623695241e-01
6.579798566743311206e-01 2.286226862765955992e-01
6.431137784081281117e-01 2.362697478348483870e-01
6.283375443396724824e-01 2.436619332396284809e-01
6.136548743068714895e-01 2.507961364109429492e-01
5.990694645933862805e-01 2.576696388855699293e-01
5.845849869981135649e-01 2.642800994548072935e-01
5.702050879108284676e-01 2.706255118175411312e-01
5.559333873942259308e-01 2.767041356442048738e-01
5.417734782725895926e-01 2.825144072084728175e-01
5.277289252273172915e-01 2.880548361686379732e-01
5.138032638995313484e-01 2.933238951968077379e-01
5.000000000000001110e-01 2.983199089934118198e-01
4.863226084265935834e-01 3.030409488229619530e-01
4.727745323894976259e-01 3.074847381030577642e-01
4.593591825444023335e-01 3.116485738124695759e-01
4.460799361338897429e-01 3.155292675963854987e-01
4.329401361372292589e-01 3.191231094778002042e-01
4.199430904288018462e-01 3.224258560723600175e-01
4.070920709453594855e-01 3.254327441863601456e-01
3.943903128623333920e-01 3.281385296876749291e-01
3.818410137793947223e-01 3.305375506073116587e-01
3.694473329154774888e-01 3.326238125810663804e-01
3.572123903134606371e-01 3.343910939981071806e-01
3.451392660547150104e-01 3.358330676032143525e-01
3.332309994837083789e-01 3.369434348141449043e-01
3.214905884428678196e-01 3.377160686726367045e-01
3.099209885178879631e-01 3.381451611498201282e-01
2.985251122936787294e-01 3.382253704726894683e-01
2.873058286211370715e-01 3.379519642221993636e-01
2.762659618949298013e-01 3.373209541661573163e-01
2.654082913424666845e-01 3.363292191188552160e-01
2.547355503242452190e-01 3.349746125491037674e-01
2.442504256457417311e-01 3.332560521716605439e-01
2.339555568810219865e-01 3.311735893350822857e-01
2.238535357082431787e-01 3.287284566419844678e-01
2.139469052572124941e-01 3.259230928853822373e-01
2.042381594691679014e-01 3.227611450372633306e-01
1.947297424689413692e-01 3.192474476636384395e-01
1.854240479496642724e-01 3.153879807460786555e-01
1.763234185701672008e-01 3.111898074469390818e-01
1.674301453652287108e-01 3.066609938499005317e-01
1.587464671688187945e-01 3.018105131272942887e-01
1.502745700504856119e-01 2.966481369216984465e-01
1.420165867650229341e-01 2.911843169749650517e-01
1.339745962155614034e-01 2.854300601895177758e-01
1.261506229302150617e-01 2.793968003635087238e-01
1.185466365524179277e-01 2.730962698051132009e-01
1.111645513450765232e-01 2.665403739062508492e-01
1.040062257086641351e-01 2.597410715491229594e-01
9.707346171337882801e-02 2.527102639389988692e-01
9.036800464548166989e-02 2.454596941142735134e-01
8.389154256793041053e-02 2.380008589920098727e-01
7.764570589541863743e-02 2.303449353770309627e-01
7.163206698392743377e-02 2.225027209088540625e-01
6.585213973489323358e-02 2.144845904573199902e-01
6.030737921409157209e-02 2.063004680184385431e-01
5.499918128533154427e-02 1.979598137200056784e-01
4.992888225905456334e-02 1.894716251342964952e-01
4.509775855592612626e-02 1.808444517237187132e-01
4.050702638550263135e-02 1.720864209243497256e-01
3.615784144005795842e-02 1.632052741096768067e-01
3.205129860364375194e-02 1.542084104785511889e-01
2.818843167645834757e-02 1.451029367813146953e-01
2.457021311459295365e-02 1.358957207380491472e-01
2.119755378522125699e-02 1.265934460126671157e-01
1.807130273729329328e-02 1.172026666837281128e-01
1.519224698779197968e-02 1.077298592931439786e-01
1.256111132360571148e-02 9.818147075121735901e-02
1.017855811906731578e-02 8.856396062306760852e-02
8.045187169204659483e-03 7.888383660841566392e-02
6.161535538745877005e-03 6.914768234387440315e-02
4.528077426915411152e-03 5.936217699347803856e-02
3.145224048057615462e-03 4.953410643801151730e-02
2.013323528115562588e-03 3.967036621536813162e-02
1.132660816992037134e-03 2.977795669168028028e-02
5.034576168149174080e-04 1.986397124577497439e-02
1.258723261249317105e-04 9.935578517982787336e-03
0.000000000000000000e+00 0.000000000000000000e+00
1.258723261249317105e-04 -9.463308076540194458e-03
5.034576168149174080e-04 -1.890521138782756336e-02
1.132660816992037134e-03 -2.830446697237916712e-02
2.013323528115562588e-03 -3.764027675165736858e-02
3.145224048057615462e-03 -4.689249856046122378e-02
4.528077426915411152e-03 -5.604184378797959221e-02
6.161535538745877005e-03 -6.507005768002328827e-02
8.045187169204659483e-03 -7.396007877598426150e-02
1.017855811906731578e-02 -8.269617446180302367e-02
1.256111132360571148e-02 -9.126405019946845498e-02
1.519224698779197968e-02 -9.965093062927800338e-02
1.807130273729329328e-02 -1.078456114166745222e-01
2.119755378522125699e-02 -1.158384814134846286e-01
2.457021311459295365e-02 -1.236215154056184568e-01
2.818843167645834757e-02 -1.311882384076217545e-01
3.205129860364375194e-02 -1.385336631210683234e-01
3.615784144005795842e-02 -1.456542027817456508e-01
4.050702638550263135e-02 -1.525475621643196111e-01
4.509775855592612626e-02 -1.592126099788213067e-01
4.992888225905456334e-02 -1.656492362691534548e-01
5.499918128533154427e-02 -1.718581987005871337e-01
6.030737921409157209e-02 -1.778409617943190191e-01
6.585213973489323358e-02 -1.835995332289031834e-01
7.163206698392743377e-02 -1.891363012800298393e-01
7.764570589541863743e-02 -1.944538773140543908e-01
8.389154256793041053e-02 -1.995549469921596986e-01
9.036800464548166989e-02 -2.044421334892077002e-01
9.707346171337882801e-02 -2.091178755950016677e-01
1.040062257086641351e-01 -2.135843230589328234e-01
1.111645513450765232e-01 -2.178432509769658854e-01
1.185466365524179277e-01 -2.218959944193241440e-01
1.261506229302150617e-01 -2.257434038758916461e-01
1.339745962155614034e-01 -2.293858214727134137e-01
1.420165867650229341e-01 -2.328230773055996738e-01
1.502745700504856119e-01 -2.360545046638408972e-01
1.587464671688187945e-01 -2.390789723955889234e-01
1.674301453652287108e-01 -2.418949322122219137e-01
1.763234185701672008e-01 -2.445004783557157835e-01
1.854240479496642724e-01 -2.468934167720138184e-01
1.947297424689413692e-01 -2.490713407531657264e-01
2.042381594691679014e-01 -2.510317099370619753e-01
2.139469052572124941e-01 -2.527719295880738182e-01
2.238535357082431787e-01 -2.542894272235274311e-01
2.339555568810219865e-01 -2.555817238949077974e-01
2.442504256457417311e-01 -2.566464977707804129e-01
2.547355503242452190e-01 -2.574816380891539747e-01
2.654082913424666845e-01 -2.580852880358630030e-01
2.762659618949298013e-01 -2.584558756453842476e-01
2.873058286211370715e-01 -2.585921323919336268e-01
2.985251122936787294e-01 -2.584930997206956182e-01
3.099209885178879631e-01 -2.581581243395149605e-01
3.214905884428678196e-01 -2.575868436278160312e-01
3.332309994837083789e-01 -2.567791629997383529e-01
3.451392660547150104e-01 -2.557352274613157728e-01
3.572123903134606371e-01 -2.544553899076331671e-01
3.694473329154774888e-01 -2.529401788984202981e-01
3.818410137793947223e-01 -2.511902687158729108e-01
3.943903128623333920e-01 -2.492064544368752521e-01
4.070920709453594855e-01 -2.469896345379530012e-01
4.199430904288018462e-01 -2.445408031948569094e-01
4.329401361372292589e-01 -2.418610539446672814e-01
4.460799361338897429e-01 -2.389515957572794780e-01
4.593591825444023335e-01 -2.358137818313871814e-01
4.727745323894976259e-01 -2.324491506096118543e-01
4.863226084265935834e-01 -2.288594776257300845e-01
5.000000000000001110e-01 -2.250468358867099838e-01
5.138032638995313484e-01 -2.210136615908334101e-01
5.277289252273172915e-01 -2.167628211319014009e-01
5.417734782725895926e-01 -2.122976745829712186e-01
5.559333873942259308e-01 -2.076221302380181488e-01
5.702050879108284676e-01 -2.027406843643079215e-01
5.845849869981135649e-01 -1.976584401299673333e-01
5.990694645933862805e-01 -1.923810997667826095e-01
6.136548743068714895e-01 -1.869149244514473618e-01
6.283375443396724824e-01 -1.812666571790182979e-01
6.431137784081281117e-01 -1.754434050943932399e-01
6.579798566743311206e-01 -1.694524793684509256e-01
6.729320366825783939e-01 -1.633011927740740943e-01
6.879665543015128781e-01 -1.569966176431005778e-01
7.030796246717250231e-01 -1.505453098671302725e-01
7.182674431585703845e-01 -1.439530080302584836e-01
7.335261863099650226e-01 -1.372243206049555408e-01
7.488520128189207758e-01 -1.303624183651931334e-01
7.642410644905727191e-01 -1.233687537218745023e-01
7.796894672134594417e-01 -1.162428334995076196e-01
7.951933319348093443e-01 -1.089820766714411082e-01
8.107487556395898132e-01 -1.015817936626002144e-01
8.263518223330695855e-01 -9.403532891022457763e-02
8.419986040266501659e-01 -8.633441333036297183e-02
8.576851617267149397e-01 -7.846977804700405734e-02
8.734075464262507360e-01 -7.043208506999695806e-02
8.891618000989889303e-01 -6.221323441970764284e-02
9.049439566958173975e-01 -5.380811034930003955e-02
9.207500431432115162e-01 -4.521683166702338691e-02
9.365760803434354242e-01 -3.644757256969980569e-02
9.524180841762578398e-01 -2.752002072772920596e-02
9.682720665019324269e-01 -1.846953848146809518e-02
9.841340361651920166e-01 -9.352090799049838851e-03
9.999999999999998890e-01 -2.500000000000633768e-04
