9.999999999999998890e-01 2.500000000000244540e-04
9.841340361651920166e-01 3.740874240065707700e-03
9.682720665019324269e-01 7.204425952597952321e-03
9.524180841762578398e-01 1.062284077124283493e-02
9.365760803434354242e-01 1.398389171831097323e-02
9.207500431432115162e-01 1.727977480543449462e-02
9.049439566958173975e-01 2.050609656918891618e-02
8.891618000989889303e-01 2.366100536599910834e-02
8.734075464262507360e-01 2.674445718499717656e-02
8.576851617267149397e-01 2.975760591757484197e-02
8.419986040266501659e-01 3.270230743849578819e-02
8.263518223330695855e-01 3.558072649310277391e-02
8.107487556395898132e-01 3.839503523342149144e-02
7.951933319348093443e-01 4.114719228585061311e-02
7.796894672134594417e-01 4.383879144602591260e-02
7.642410644905727191e-01 4.647096946253576055e-02
7.488520128189207758e-01 4.904436286980319581e-02
7.335261863099650226e-01 5.155910444058226655e-02
7.182674431585703845e-01 5.401485052902722100e-02
7.030796246717250231e-01 5.641083134537668020e-02
6.879665543015128781e-01 5.874591702275194782e-02
6.729320366825783939e-01 6.101869318612257453e-02
6.579798566743311206e-01 6.322754059501557722e-02
6.431137784081281117e-01 6.537071428830819320e-02
6.283375443396724824e-01 6.744641849626523133e-02
6.136548743068714895e-01 6.945287438839332916e-02
5.990694645933862805e-01 7.138837848401755060e-02
5.845849869981135649e-01 7.325135025594420313e-02
5.702050879108284676e-01 7.504036809825544163e-02
5.559333873942259308e-01 7.675419340117159428e-02
5.417734782725895926e-01 7.839178297485022151e-02
5.277289252273172915e-01 7.995229048756870294e-02
5.138032638995313484e-01 8.143505793124547476e-02
5.000000000000001110e-01 8.283959839952706461e-02
4.863226084265935834e-01 8.416557166295603187e-02
4.727745323894976259e-01 8.541275415553813144e-02
4.593591825444023335e-01 8.658100505194436802e-02
4.460799361338897429e-01 8.767023012010610739e-02
4.329401361372292589e-01 8.868034498632698659e-02
4.199430904288018462e-01 8.961123935600889823e-02
4.070920709453594855e-01 9.046274359982121871e-02
3.943903128623333920e-01 9.123459894996066577e-02
3.818410137793947223e-01 9.192643236142437890e-02
3.694473329154774888e-01 9.253773688619322535e-02
3.572123903134606371e-01 9.306785819087913525e-02
3.451392660547150104e-01 9.351598762732739323e-02
3.332309994837083789e-01 9.388116204699495371e-02
3.214905884428678196e-01 9.416227033917361211e-02
3.099209885178879631e-01 9.435806647517733237e-02
2.985251122936787294e-01 9.446718865964200129e-02
2.873058286211370715e-01 9.448818402954119178e-02
2.762659618949298013e-01 9.441953820409176856e-02
2.654082913424666845e-01 9.425970887635599926e-02
2.547355503242452190e-01 9.400716255124588749e-02
2.442504256457417311e-01 9.366041347530916494e-02
2.339555568810219865e-01 9.321806377096417129e-02
2.238535357082431787e-01 9.267884378099226772e-02
2.139469052572124941e-01 9.204165164677624578e-02
2.042381594691679014e-01 9.130559118421337217e-02
1.947297424689413692e-01 9.047000718223782711e-02
1.854240479496642724e-01 8.953451732795369988e-02
1.763234185701672008e-01 8.849904005674882890e-02
1.674301453652287108e-01 8.736381773250698202e-02
1.587464671688187945e-01 8.612943467914899176e-02
1.502745700504856119e-01 8.479682970717622448e-02
1.420165867650229341e-01 8.336730290467755933e-02
1.339745962155614034e-01 8.184251658851923739e-02
1.261506229302150617e-01 8.022449043544724323e-02
1.185466365524179277e-01 7.851559093209907469e-02
1.111645513450765232e-01 7.671851539518535767e-02
1.040062257086641351e-01 7.483627091638825335e-02
9.707346171337882801e-02 7.287214867916426420e-02
9.036800464548166989e-02 7.082969417526316369e-02
8.389154256793041053e-02 6.871267391635679789e-02
7.764570589541863743e-02 6.652503928998042271e-02
7.163206698392743377e-02 6.427088824862421668e-02
6.585213973489323358e-02 6.195442554615802899e-02
6.030737921409157209e-02 5.957992224699644457e-02
5.499918128533154427e-02 5.715167523093433316e-02
4.992888225905456334e-02 5.467396740105192471e-02
4.509775855592612626e-02 5.215102927435399244e-02
4.050702638550263135e-02 4.958700259587410508e-02
3.615784144005795842e-02 4.698590656800634424e-02
3.205129860364375194e-02 4.435160722906156955e-02
2.818843167645834757e-02 4.168779044982456883e-02
2.457021311459295365e-02 3.899793894557768148e-02
2.119755378522125699e-02 3.628531362505281466e-02
1.807130273729329328e-02 3.355293951845749606e-02
1.519224698779197968e-02 3.080359644545578590e-02
1.256111132360571148e-02 2.803981450207742102e-02
1.017855811906731578e-02 2.526387436423144228e-02
8.045187169204659483e-03 2.247781232598583187e-02
6.161535538745877005e-03 1.968342991413769491e-02
4.528077426915411152e-03 1.688230784783035371e-02
3.145224048057615462e-03 1.407582404399435223e-02
2.013323528115562588e-03 1.126517530698452514e-02
1.132660816992037134e-03 8.451402284686028443e-03
5.034576168149174080e-04 5.635417224167949164e-03
1.258723261249317105e-04 2.818034018195346348e-03
0.000000000000000000e+00 0.000000000000000000e+00
1.258723261249317105e-04 -2.678362293749750322e-03
5.034576168149174080e-04 -5.349364939265511404e-03
1.132660816992037134e-03 -8.005690307098621908e-03
2.013323528115562588e-03 -1.064022832937371738e-02
3.145224048057615462e-03 -1.324617443606459534e-02
4.528077426915411152e-03 -1.581712062933549046e-02
6.161535538745877005e-03 -1.834713767259600267e-02
8.045187169204659483e-03 -2.083084658862748365e-02
1.017855811906731578e-02 -2.326347792283267948e-02
1.256111132360571148e-02 -2.564091752676916219e-02
1.519224698779197968e-02 -2.795973794613784702e-02
1.807130273729329328e-02 -3.021721484802694299e-02
2.119755378522125699e-02 -3.241132828565922164e-02
2.457021311459295365e-02 -3.454074896599367700e-02
2.818843167645834757e-02 -3.660481004706132857e-02
3.205129860364375194e-02 -3.860346533875989861e-02
3.615784144005795842e-02 -4.053723510425852328e-02
4.050702638550263135e-02 -4.240714095102453979e-02
4.509775855592612626e-02 -4.421463155343207524e-02
4.992888225905456334e-02 -4.596150115658342167e-02
5.499918128533154427e-02 -4.764980296816481026e-02
6.030737921409157209e-02 -4.928175964794526132e-02
6.585213973489323358e-02 -5.085967315039301162e-02
7.163206698392743377e-02 -5.238583616376514540e-02
7.764570589541863743e-02 -5.386244731937260555e-02
8.389154256793041053e-02 -5.529153221946551261e-02
9.036800464548166989e-02 -5.667487215472026552e-02
9.707346171337882801e-02 -5.801394215740378335e-02
1.040062257086641351e-01 -5.930985976996767245e-02
1.111645513450765232e-01 -6.056334560821702295e-02
1.185466365524179277e-01 -6.177469647137730918e-02
1.261506229302150617e-01 -6.294377140713221241e-02
1.339745962155614034e-01 -6.406999078732203423e-02
1.420165867650229341e-01 -6.515234809902761826e-02
1.502745700504856119e-01 -6.618943381577158114e-02
1.587464671688187945e-01 -6.717947039386451547e-02
1.674301453652287108e-01 -6.812035714831411737e-02
1.763234185701672008e-01 -6.900972350927078725e-02
1.854240479496642724e-01 -6.984498895080366865e-02
1.947297424689413692e-01 -7.062342772480649511e-02
2.042381594691679014e-01 -7.134223642859914560e-02
2.139469052572124941e-01 -7.199860238838151627e-02
2.238535357082431787e-01 -7.258977085358438164e-02
2.339555568810219865e-01 -7.311310906912595053e-02
2.442504256457417311e-01 -7.356616542171814932e-02
2.547355503242452190e-01 -7.394672203907519392e-02
2.654082913424666845e-01 -7.425283945195558510e-02
2.762659618949298013e-01 -7.448289220170506431e-02
2.873058286211370715e-01 -7.463559458230717425e-02
2.985251122936787294e-01 -7.471001603667927482e-02
3.099209885178879631e-01 -7.470558607194882628e-02
3.214905884428678196e-01 -7.462208890692728636e-02
3.332309994837083789e-01 -7.445964840582991462e-02
3.451392660547150104e-01 -7.421870417428137745e-02
3.572123903134606371e-01 -7.389997998589885320e-02
3.694473329154774888e-01 -7.350444595996012687e-02
3.818410137793947223e-01 -7.303327611349343107e-02
3.943903128623333920e-01 -7.248780305647516131e-02
4.070920709453594855e-01 -7.186947168015073162e-02
4.199430904288018462e-01 -7.117979370108977466e-02
4.329401361372292589e-01 -7.042030486479479434e-02
4.460799361338897429e-01 -6.959252648209429681e-02
4.593591825444023335e-01 -6.869793277114666363e-02
4.727745323894976259e-01 -6.773792521211592643e-02
4.863226084265935834e-01 -6.671381479739751930e-02
5.000000000000001110e-01 -6.562681268707583337e-02
5.138032638995313484e-01 -6.447802936883349767e-02
5.277289252273172915e-01 -6.326848198772293264e-02
5.417734782725895926e-01 -6.199910906990969972e-02
5.559333873942259308e-01 -6.067079143318139522e-02
5.702050879108284676e-01 -5.928437767442892858e-02
5.845849869981135649e-01 -5.784071227003723115e-02
5.990694645933862805e-01 -5.634066403912825483e-02
6.136548743068714895e-01 -5.478515252171911598e-02
6.283375443396724824e-01 -5.317516973325389640e-02
6.431137784081281117e-01 -5.151179479158532470e-02
6.579798566743311206e-01 -4.979619908847890408e-02
6.729320366825783939e-01 -4.802964000889451551e-02
6.879665543015128781e-01 -4.621344169859496753e-02
7.030796246717250231e-01 -4.434896205155110238e-02
7.182674431585703845e-01 -4.243754593681325904e-02
7.335261863099650226e-01 -4.048046570935819738e-02
7.488520128189207758e-01 -3.847885124563500681e-02
7.642410644905727191e-01 -3.643361310196197717e-02
7.796894672134594417e-01 -3.434536389732911754e-02
7.951933319348093443e-01 -3.221434465115404627e-02
8.107487556395898132e-01 -3.004036453560931727e-02
8.263518223330695855e-01 -2.782276430079084345e-02
8.419986040266501659e-01 -2.556041546400001155e-02
8.576851617267149397e-01 -2.325176918217823629e-02
8.734075464262507360e-01 -2.089497050559205316e-02
8.891618000989889303e-01 -1.848805539447761354e-02
9.049439566958173975e-01 -1.602924941919089963e-02
9.207500431432115162e-01 -1.351738840738687594e-02
9.365760803434354242e-01 -1.095248239689455144e-02
9.524180841762578398e-01 -8.336445048388882798e-03
9.682720665019324269e-01 -5.674011116922100979e-03
9.841340361651920166e-01 -2.973864627308663890e-03
9.999999999999998890e-01 -2.500000000000190872e-04
