9.999999999999998890e-01 2.500000000000894519e-04
9.841340361651920166e-01 1.287529015691376254e-02
9.682720665019324269e-01 2.513596485396812907e-02
9.524180841762578398e-01 3.697734558272167127e-02
9.365760803434354242e-01 4.835076455108436311e-02
9.207500431432115162e-01 5.921499523127526921e-02
9.049439566958173975e-01 6.953716899929078543e-02
8.891618000989889303e-01 7.929324107299701163e-02
8.734075464262507360e-01 8.846806898695824817e-02
8.576851617267149397e-01 9.705516579717225756e-02
8.419986040266501659e-01 1.050561881995214358e-01
8.263518223330695855e-01 1.124802168914940670e-01
8.107487556395898132e-01 1.193428829325072354e-01
7.951933319348093443e-01 1.256653896918280555e-01
7.796894672134594417e-01 1.314734753429613323e-01
7.642410644905727191e-01 1.367963558959825465e-01
7.488520128189207758e-01 1.416656835772144851e-01
7.335261863099650226e-01 1.461145500856219359e-01
7.182674431585703845e-01 1.501765589864674233e-01
7.030796246717250231e-01 1.538849863452760036e-01
6.879665543015128781e-01 1.572720437488389911e-01
6.729320366825783939e-01 1.603682531835239067e-01
6.579798566743311206e-01 1.632019389112957797e-01
6.431137784081281117e-01 1.657988375550454030e-01
6.283375443396724824e-01 1.681818241190155827e-01
6.136548743068714895e-01 1.703707486568694640e-01
5.990694645933862805e-01 1.723823757767342368e-01
5.845849869981135649e-01 1.742304171452718209e-01
5.702050879108284676e-01 1.759256456165706750e-01
5.559333873942259308e-01 1.774760785515257233e-01
5.417734782725895926e-01 1.788872172856080245e-01
5.277289252273172915e-01 1.801623295159489602e-01
5.138032638995313484e-01 1.813027615743848242e-01
5.000000000000001110e-01 1.823082680881717155e-01
4.863226084265935834e-01 1.831773473571809696e-01
4.727745323894976259e-01 1.839075718456086583e-01
4.593591825444023335e-01 1.844959044462824715e-01
4.460799361338897429e-01 1.849389925751450114e-01
4.329401361372292589e-01 1.852334336420686789e-01
4.199430904288018462e-01 1.853760069735616023e-01
4.070920709453594855e-01 1.853638687879452240e-01
3.943903128623333920e-01 1.851947083028854801e-01
3.818410137793947223e-01 1.848668644519579629e-01
3.694473329154774888e-01 1.843794039695445253e-01
3.572123903134606371e-01 1.837321627455959505e-01
3.451392660547150104e-01 1.829257533332003804e-01
3.332309994837083789e-01 1.819615422978532182e-01
3.214905884428678196e-01 1.808416017189858893e-01
3.099209885178879631e-01 1.795686395884826536e-01
2.985251122936787294e-01 1.781459140996829449e-01
2.873058286211370715e-01 1.765771368907610994e-01
2.762659618949298013e-01 1.748663702098212369e-01
2.654082913424666845e-01 1.730179227208112069e-01
2.547355503242452190e-01 1.710362482879113355e-01
2.442504256457417311e-01 1.689258515823779117e-01
2.339555568810219865e-01 1.666912037727081575e-01
2.238535357082431787e-01 1.643366709103427359e-01
2.139469052572124941e-01 1.618664569332334269e-01
2.042381594691679014e-01 1.592845625024802425e-01
1.947297424689413692e-01 1.565947601860061267e-01
1.854240479496642724e-01 1.538005858294992090e-01
1.763234185701672008e-01 1.509053453282215018e-01
1.674301453652287108e-01 1.479121354509479458e-01
1.587464671688187945e-01 1.448238768836377088e-01
1.502745700504856119e-01 1.416433572667915863e-01
1.420165867650229341e-01 1.383732817049155017e-01
1.339745962155614034e-01 1.350163280339046756e-01
1.261506229302150617e-01 1.315752040439865933e-01
1.185466365524179277e-01 1.280527038704360743e-01
1.111645513450765232e-01 1.244517608768975214e-01
1.040062257086641351e-01 1.207754945593631918e-01
9.707346171337882801e-02 1.170272492827493654e-01
9.036800464548166989e-02 1.132106230146139592e-01
8.389154256793041053e-02 1.093294846282311106e-01
7.764570589541863743e-02 1.053879787951439995e-01
7.163206698392743377e-02 1.013905179598584422e-01
6.585213973489323358e-02 9.734176137066553880e-02
6.030737921409157209e-02 9.324658161500139208e-02
5.499918128533154427e-02 8.911001956023675841e-02
4.992888225905456334e-02 8.493722901733762043e-02
4.509775855592612626e-02 8.073341281288434756e-02
4.050702638550263135e-02 7.650375226366000481e-02
3.615784144005795842e-02 7.225333228863123347e-02
3.205129860364375194e-02 6.798706455906815271e-02
2.818843167645834757e-02 6.370961117460670342e-02
2.457021311459295365e-02 5.942531135949065402e-02
2.119755378522125699e-02 5.513811359975585857e-02
1.807130273729329328e-02 5.085151549182514302e-02
1.519224698779197968e-02 4.656851335123175090e-02
1.256111132360571148e-02 4.229156334439959641e-02
1.017855811906731578e-02 3.802255556584146351e-02
8.045187169204659483e-03 3.376280209857316500e-02
6.161535538745877005e-03 2.951303967898792277e-02
4.528077426915411152e-03 2.527344715171782330e-02
3.145224048057615462e-03 2.104367745846213306e-02
2.013323528115562588e-03 1.682290347074049189e-02
1.132660816992037134e-03 1.260987656314812612e-02
5.034576168149174080e-04 8.402996443328021245e-03
1.258723261249317105e-04 4.200390418898767263e-03
0.000000000000000000e+00 0.000000000000000000e+00
1.258723261249317105e-04 -3.882515734171635823e-03
5.034576168149174080e-04 -7.750976546645889712e-03
1.132660816992037134e-03 -1.159146373003830215e-02
2.013323528115562588e-03 -1.539045174533996453e-02
3.145224048057615462e-03 -1.913499209139604001e-02
4.528077426915411152e-03 -2.281288231864864527e-02
6.161535538745877005e-03 -2.641281590822857489e-02
8.045187169204659483e-03 -2.992450928935044135e-02
1.017855811906731578e-02 -3.333880292736236123e-02
1.256111132360571148e-02 -3.664773416268517214e-02
1.519224698779197968e-02 -3.984458029559843212e-02
1.807130273729329328e-02 -4.292387126971013850e-02
2.119755378522125699e-02 -4.588137218300768899e-02
2.457021311459295365e-02 -4.871403672394981899e-02
2.818843167645834757e-02 -5.141993346557220679e-02
3.205129860364375194e-02 -5.399814772827515874e-02
3.615784144005795842e-02 -5.644866241860153205e-02
4.050702638550263135e-02 -5.877222184585792486e-02
4.509775855592612626e-02 -6.097018299265717645e-02
4.992888225905456334e-02 -6.304435905451284683e-02
5.499918128533154427e-02 -6.499686025648183929e-02
6.030737921409157209e-02 -6.682993699470794746e-02
6.585213973489323358e-02 -6.854583023519726648e-02
7.163206698392743377e-02 -7.014663383346478320e-02
7.764570589541863743e-02 -7.163417302363064842e-02
8.389154256793041053e-02 -7.300990277536890949e-02
9.036800464548166989e-02 -7.427482904729881819e-02
9.707346171337882801e-02 -7.542945519527909093e-02
1.040062257086641351e-01 -7.647375494628624870e-02
1.111645513450765232e-01 -7.740717244857234225e-02
1.185466365524179277e-01 -7.822864898412733303e-02
1.261506229302150617e-01 -7.893667500896116296e-02
1.339745962155614034e-01 -7.952936529974190261e-02
1.420165867650229341e-01 -8.000455416090548888e-02
1.502745700504856119e-01 -8.035990691233610428e-02
1.587464671688187945e-01 -8.059304325989746776e-02
1.674301453652287108e-01 -8.070166767241102046e-02
1.763234185701672008e-01 -8.068370156843698848e-02
1.854240479496642724e-01 -8.053741196940993052e-02
1.947297424689413692e-01 -8.026153131241565986e-02
2.042381594691679014e-01 -7.985536334088753907e-02
2.139469052572124941e-01 -7.931887040376811582e-02
2.238535357082431787e-01 -7.865273808634661024e-02
2.339555568810219865e-01 -7.785841385622828403e-02
2.442504256457417311e-01 -7.693811731711520940e-02
2.547355503242452190e-01 -7.589482069717359836e-02
2.654082913424666845e-01 -7.473219932859721804e-02
2.762659618949298013e-01 -7.345455306701584308e-02
2.873058286211370715e-01 -7.206670081648151871e-02
2.985251122936787294e-01 -7.057385152803193062e-02
3.099209885178879631e-01 -6.898145618573908733e-02
3.214905884428678196e-01 -6.729504634163363530e-02
3.332309994837083789e-01 -6.552006566854828851e-02
3.451392660547150104e-01 -6.366170172827191609e-02
3.572123903134606371e-01 -6.172472566517300113e-02
3.694473329154774888e-01 -5.971334780080996690e-02
3.818410137793947223e-01 -5.763109709683546245e-02
3.943903128623333920e-01 -5.548073215234440581e-02
4.070920709453594855e-01 -5.326419079614824748e-02
4.199430904288018462e-01 -5.098258442138434154e-02
4.329401361372292589e-01 -4.863624199588446190e-02
4.460799361338897429e-01 -4.622480718318416892e-02
4.593591825444023335e-01 -4.374739025248412100e-02
4.727745323894976259e-01 -4.120277447797410231e-02
4.863226084265935834e-01 -3.858967457538626383e-02
5.000000000000001110e-01 -3.590704245260971372e-02
5.138032638995313484e-01 -3.315441322657188689e-02
5.277289252273172915e-01 -3.033228215296144073e-02
5.417734782725895926e-01 -2.744250090776489265e-02
5.559333873942259308e-01 -2.448867963393058789e-02
5.702050879108284676e-01 -2.147657940984595143e-02
5.845849869981135649e-01 -1.841447839699784927e-02
5.990694645933862805e-01 -1.531349396957384403e-02
6.136548743068714895e-01 -1.218784270309934865e-02
6.283375443396724824e-01 -9.055020281286385239e-03
6.431137784081281117e-01 -5.935884241062798841e-03
6.579798566743311206e-01 -2.854624076063797672e-03
6.729320366825783939e-01 1.613943929593424542e-04
6.879665543015128781e-01 3.081920262599476597e-03
7.030796246717250231e-01 5.874250239485228654e-03
7.182674431585703845e-01 8.503803728799604750e-03
7.335261863099650226e-01 1.093483556437079528e-02
7.488520128189207758e-01 1.313127515051238856e-02
7.642410644905727191e-01 1.505767360081446300e-02
7.796894672134594417e-01 1.668023265138881758e-02
7.951933319348093443e-01 1.796788080468214588e-02
8.107487556395898132e-01 1.889335345581840547e-02
8.263518223330695855e-01 1.943422481837780644e-02
8.419986040266501659e-01 1.957383047193331574e-02
8.576851617267149397e-01 1.930201048849138762e-02
8.734075464262507360e-01 1.861559456334713550e-02
8.891618000989889303e-01 1.751854259420738968e-02
9.049439566958173975e-01 1.602164694622317323e-02
9.207500431432115162e-01 1.414169644061309856e-02
9.365760803434354242e-01 1.189999714296735046e-02
9.524180841762578398e-01 9.320141533210118956e-03
9.682720665019324269e-01 6.424915834125439519e-03
9.841340361651920166e-01 3.232235368638289568e-03
9.999999999999998890e-01 -2.499999999999745807e-04
