9.999999999999998890e-01 2.500000000000925961e-04
9.841340361651920166e-01 1.342581159025229426e-02
9.682720665019324269e-01 2.643321540317864621e-02
9.524180841762578398e-01 3.922584303225119806e-02
9.365760803434354242e-01 5.177341420636886321e-02
9.207500431432115162e-01 6.405799851732202344e-02
9.049439566958173975e-01 7.607084613002509932e-02
8.891618000989889303e-01 8.780974264993154921e-02
8.734075464262507360e-01 9.927684114330616316e-02
8.576851617267149397e-01 1.104769231458436612e-01
8.419986040266501659e-01 1.214160402727046534e-01
8.263518223330695855e-01 1.321004886685508417e-01
8.107487556395898132e-01 1.425360699128575825e-01
7.951933319348093443e-01 1.527275940222640738e-01
7.796894672134594417e-01 1.626785827639966042e-01
7.642410644905727191e-01 1.723911345079662538e-01
7.488520128189207758e-01 1.818659151968450016e-01
7.335261863099650226e-01 1.911022436032772664e-01
7.182674431585703845e-01 2.000982427760991389e-01
7.030796246717250231e-01 2.088510333638878835e-01
6.879665543015128781e-01 2.173569482624939930e-01
6.729320366825783939e-01 2.256117516899067421e-01
6.579798566743311206e-01 2.336108492823526783e-01
6.431137784081281117e-01 2.413494790750354835e-01
6.283375443396724824e-01 2.488228762343472900e-01
6.136548743068714895e-01 2.560264071106712058e-01
5.990694645933862805e-01 2.629556705568991681e-01
5.845849869981135649e-01 2.696065664918955718e-01
5.702050879108284676e-01 2.759753333738966252e-01
5.559333873942259308e-01 2.820585575882627039e-01
5.417734782725895926e-01 2.878531587568724515e-01
5.277289252273172915e-01 2.933563556594309119e-01
5.138032638995313484e-01 2.985656178426727703e-01
5.000000000000001110e-01 3.034786081094256738e-01
4.863226084265935834e-01 3.080931209572423390e-01
4.727745323894976259e-01 3.124070217101161395e-01
4.593591825444023335e-01 3.164181905928313276e-01
4.460799361338897429e-01 3.201244753726856240e-01
4.329401361372292589e-01 3.235236554745075654e-01
4.199430904288018462e-01 3.266134196978083826e-01
4.070920709453594855e-01 3.293913588635278833e-01
3.943903128623333920e-01 3.318549739235373552e-01
3.818410137793947223e-01 3.340016993071211471e-01
3.694473329154774888e-01 3.358289405797036942e-01
3.572123903134606371e-01 3.373341248707808493e-01
3.451392660547150104e-01 3.385147620067554541e-01
3.332309994837083789e-01 3.393685138722529193e-01
3.214905884428678196e-01 3.398932692281663726e-01
3.099209885178879631e-01 3.400872210395964879e-01
2.985251122936787294e-01 3.399489433113480619e-01
2.873058286211370715e-01 3.394774644883022385e-01
2.762659618949298013e-01 3.386723346449624361e-01
2.654082913424666845e-01 3.375336839519682552e-01
2.547355503242452190e-01 3.360622702540898010e-01
2.442504256457417311e-01 3.342595140089241745e-01
2.339555568810219865e-01 3.321275193015397753e-01
2.238535357082431787e-01 3.296690801501780954e-01
2.139469052572124941e-01 3.268876718340204546e-01
2.042381594691679014e-01 3.237874274883983383e-01
1.947297424689413692e-01 3.203731007088698179e-01
1.854240479496642724e-01 3.166500153676666263e-01
1.763234185701672008e-01 3.126240042601368119e-01
1.674301453652287108e-01 3.083013385528930450e-01
1.587464671688187945e-01 3.036886502895914108e-01
1.502745700504856119e-01 2.987928504172079336e-01
1.420165867650229341e-01 2.936210449204941786e-01
1.339745962155614034e-01 2.881804516927701232e-01
1.261506229302150617e-01 2.824783207277177244e-01
1.185466365524179277e-01 2.765218600922728087e-01
1.111645513450765232e-01 2.703181699403161553e-01
1.040062257086641351e-01 2.638741865580367385e-01
9.707346171337882801e-02 2.571966381038561233e-01
9.036800464548166989e-02 2.502920133294848637e-01
8.389154256793041053e-02 2.431665441560921515e-01
7.764570589541863743e-02 2.358262025436207721e-01
7.163206698392743377e-02 2.282767116453092160e-01
6.585213973489323358e-02 2.205235707969668002e-01
6.030737921409157209e-02 2.125720934645853599e-01
5.499918128533154427e-02 2.044274568769405831e-01
4.992888225905456334e-02 1.960947617133751986e-01
4.509775855592612626e-02 1.875790999110883150e-01
4.050702638550263135e-02 1.788856284095115268e-01
3.615784144005795842e-02 1.700196464684972375e-01
3.205129860364375194e-02 1.609866740868100832e-01
2.818843167645834757e-02 1.517925290105429370e-01
2.457021311459295365e-02 1.424433998581151606e-01
2.119755378522125699e-02 1.329459129979429499e-01
1.807130273729329328e-02 1.233071909930934656e-01
1.519224698779197968e-02 1.135349006687508405e-01
1.256111132360571148e-02 1.036372891558513948e-01
1.017855811906731578e-02 9.362320660898994229e-02
8.045187169204659483e-03 8.350211467856229197e-02
6.161535538745877005e-03 7.328408022503019037e-02
4.528077426915411152e-03 6.297975418538623305e-02
3.145224048057615462e-03 5.260033592631468274e-02
2.013323528115562588e-03 4.215752383299394696e-02
1.132660816992037134e-03 3.166345327526955827e-02
5.034576168149174080e-04 2.113062345285371402e-02
1.258723261249317105e-04 1.057181493811656242e-02
0.000000000000000000e+00 0.000000000000000000e+00
1.258723261249317105e-04 -1.044364033401317705e-02
5.034576168149174080e-04 -2.086930350014208971e-02
1.132660816992037134e-03 -3.125912527890744447e-02
2.013323528115562588e-03 -4.159558896917674858e-02
3.145224048057615462e-03 -5.186168860603257436e-02
4.528077426915411152e-03 -6.204107984520330910e-02
6.161535538745877005e-03 -7.211821493588752019e-02
8.045187169204659483e-03 -8.207845864159862836e-02
1.017855811906731578e-02 -9.190818249264186279e-02
1.256111132360571148e-02 -1.015948353494625506e-01
1.519224698779197968e-02 -1.111269889068106365e-01
1.807130273729329328e-02 -1.204943574562445940e-01
2.119755378522125699e-02 -1.296877919298173865e-01
2.457021311459295365e-02 -1.386992489509884241e-01
2.818843167645834757e-02 -1.475217363001817827e-01
3.205129860364375194e-02 -1.561492368426888877e-01
3.615784144005795842e-02 -1.645766135476592895e-01
4.050702638550263135e-02 -1.727994987321584686e-01
4.509775855592612626e-02 -1.808141710791874024e-01
4.992888225905456334e-02 -1.886174242911073384e-01
5.499918128533154427e-02 -1.962064314409024124e-01
6.030737921409157209e-02 -2.035786091670240272e-01
6.585213973489323358e-02 -2.107314858204306085e-01
7.163206698392743377e-02 -2.176625775154638620e-01
7.764570589541863743e-02 -2.243692757635005197e-01
8.389154256793041053e-02 -2.308487499872823034e-01
9.036800464548166989e-02 -2.370978677351008590e-01
9.707346171337882801e-02 -2.431131348511709478e-01
1.040062257086641351e-01 -2.488906572276801399e-01
1.111645513450765232e-01 -2.544261250835056498e-01
1.185466365524179277e-01 -2.597148200043994937e-01
1.261506229302150617e-01 -2.647516442607020792e-01
1.339745962155614034e-01 -2.695311712129990767e-01
1.420165867650229341e-01 -2.740477149451866490e-01
1.502745700504856119e-01 -2.782954166490364534e-01
1.587464671688187945e-01 -2.822683447441452498e-01
1.674301453652287108e-01 -2.859606052697473699e-01
1.763234185701672008e-01 -2.893664587454603532e-01
1.854240479496642724e-01 -2.924804394788054762e-01
1.947297424689413692e-01 -2.952974732070921537e-01
2.042381594691679014e-01 -2.978129890049789896e-01
2.139469052572124941e-01 -3.000230215677202605e-01
2.238535357082431787e-01 -3.019243002906049633e-01
2.339555568810219865e-01 -3.035143220000012798e-01
2.442504256457417311e-01 -3.047914047392375481e-01
2.547355503242452190e-01 -3.057547206578437038e-01
2.654082913424666845e-01 -3.064043067764431472e-01
2.762659618949298013e-01 -3.067410531796232465e-01
2.873058286211370715e-01 -3.067666690006501939e-01
2.985251122936787294e-01 -3.064836273781662568e-01
3.099209885178879631e-01 -3.058950913580231190e-01
3.214905884428678196e-01 -3.050048234547342862e-01
3.332309994837083789e-01 -3.038170822486671585e-01
3.451392660547150104e-01 -3.023365099503089182e-01
3.572123903134606371e-01 -3.005680152872406419e-01
3.694473329154774888e-01 -2.985166563413579888e-01
3.818410137793947223e-01 -2.961875280659033161e-01
3.943903128623333920e-01 -2.935856591311682973e-01
4.070920709453594855e-01 -2.907159224769173544e-01
4.199430904288018462e-01 -2.875829634872424378e-01
4.329401361372292589e-01 -2.841911490548088559e-01
4.460799361338897429e-01 -2.805445399781530957e-01
4.593591825444023335e-01 -2.766468881567393234e-01
4.727745323894976259e-01 -2.725016589396965783e-01
4.863226084265935834e-01 -2.681120777781648146e-01
5.000000000000001110e-01 -2.634811990669678750e-01
5.138032638995313484e-01 -2.586119937837426663e-01
5.277289252273172915e-01 -2.535074512925371004e-01
5.417734782725895926e-01 -2.481706895282553282e-01
5.559333873942259308e-01 -2.426050667750972722e-01
5.702050879108284676e-01 -2.368142874550210053e-01
5.845849869981135649e-01 -2.308024938101931600e-01
5.990694645933862805e-01 -2.245743351541260591e-01
6.136548743068714895e-01 -2.181350065346586153e-01
6.283375443396724824e-01 -2.114902492485047081e-01
6.431137784081281117e-01 -2.046463067160419202e-01
6.579798566743311206e-01 -1.976098308027491035e-01
6.729320366825783939e-01 -1.903877357872032772e-01
6.879665543015128781e-01 -1.829869998408774345e-01
7.030796246717250231e-01 -1.754144171058443502e-01
7.182674431585703845e-01 -1.676763072231281237e-01
7.335261863099650226e-01 -1.597781934525175085e-01
7.488520128189207758e-01 -1.517244652946145855e-01
7.642410644905727191e-01 -1.435180467224095313e-01
7.796894672134594417e-01 -1.351600966814922589e-01
7.951933319348093443e-01 -1.266497743381142516e-01
8.107487556395898132e-01 -1.179841075403541689e-01
8.263518223330695855e-01 -1.091580089928281122e-01
8.419986040266501659e-01 -1.001644905996397217e-01
8.576851617267149397e-01 -9.099513216178700681e-02
8.734075464262507360e-01 -8.164086597239009202e-02
8.891618000989889303e-01 -7.209314367662408851e-02
9.049439566958173975e-01 -6.234555588878380739e-02
9.207500431432115162e-01 -5.239597831984760257e-02
9.365760803434354242e-01 -4.224932039937030065e-02
9.524180841762578398e-01 -3.192095341365432798e-02
9.682720665019324269e-01 -2.144089487341811415e-02
9.841340361651920166e-01 -1.085882402497612489e-02
9.999999999999998890e-01 -2.500000000000740562e-04
