9.999999999999998890e-01 2.500000000001407889e-04
9.841340361651920166e-01 2.019608049023691176e-02
9.682720665019324269e-01 3.971749537884081832e-02
9.524180841762578398e-01 5.872214168893764158e-02
9.365760803434354242e-01 7.713674808805442984e-02
9.207500431432115162e-01 9.490533422983457590e-02
9.049439566958173975e-01 1.119876089937550528e-01
8.891618000989889303e-01 1.283573350389952961e-01
8.734075464262507360e-01 1.440006853972404521e-01
8.576851617267149397e-01 1.589146158736808589e-01
8.419986040266501659e-01 1.731052748526756280e-01
8.263518223330695855e-01 1.865864697621807400e-01
8.107487556395898132e-01 1.993782069867143514e-01
7.951933319348093443e-01 2.115053194791944591e-01
7.796894672134594417e-01 2.229961937527248361e-01
7.642410644905727191e-01 2.338816053774233905e-01
7.488520128189207758e-01 2.441936696049547828e-01
7.335261863099650226e-01 2.539649113315183282e-01
7.182674431585703845e-01 2.632274563218175989e-01
7.030796246717250231e-01 2.720123434810830521e-01
6.879665543015128781e-01 2.803489560041704798e-01
6.729320366825783939e-01 2.882645674702310479e-01
6.579798566743311206e-01 2.957839974038568576e-01
6.431137784081281117e-01 3.029293694997214903e-01
6.283375443396724824e-01 3.097199646137473450e-01
6.136548743068714895e-01 3.161721597614567947e-01
5.990694645933862805e-01 3.222994437310016114e-01
5.845849869981135649e-01 3.281124995079968687e-01
5.702050879108284676e-01 3.336193435118205430e-01
5.559333873942259308e-01 3.388255116453582905e-01
5.417734782725895926e-01 3.437342823464363817e-01
5.277289252273172915e-01 3.483469271812651979e-01
5.138032638995313484e-01 3.526629800181796393e-01
5.000000000000001110e-01 3.566805164425390084e-01
4.863226084265935834e-01 3.603964357987529676e-01
4.727745323894976259e-01 3.638067390505355658e-01
4.593591825444023335e-01 3.669067965132869480e-01
4.460799361338897429e-01 3.696916004110617493e-01
4.329401361372292589e-01 3.721559981239426773e-01
4.199430904288018462e-01 3.742949029000583461e-01
4.070920709453594855e-01 3.761034796918235612e-01
3.943903128623333920e-01 3.775773046218940943e-01
3.818410137793947223e-01 3.787124973765311209e-01
3.694473329154774888e-01 3.795058265504618333e-01
3.572123903134606371e-01 3.799547886180921208e-01
3.451392660547150104e-01 3.800576617736246554e-01
3.332309994837083789e-01 3.798135363621665817e-01
3.214905884428678196e-01 3.792223240124470429e-01
3.099209885178879631e-01 3.782847478787373929e-01
2.985251122936787294e-01 3.770023166064236930e-01
2.873058286211370715e-01 3.753772847558275449e-01
2.762659618949298013e-01 3.734126024573547475e-01
2.654082913424666845e-01 3.711118570344485446e-01
2.547355503242452190e-01 3.684792092268940888e-01
2.442504256457417311e-01 3.655193264845270629e-01
2.339555568810219865e-01 3.622373155897807284e-01
2.238535357082431787e-01 3.586386566166635537e-01
2.139469052572124941e-01 3.547291399537693124e-01
2.042381594691679014e-01 3.505148078197695138e-01
1.947297424689413692e-01 3.460019013912462582e-01
1.854240479496642724e-01 3.411968143538534615e-01
1.763234185701672008e-01 3.361060533871472189e-01
1.674301453652287108e-01 3.307362058085907552e-01
1.587464671688187945e-01 3.250939143398499653e-01
1.502745700504856119e-01 3.191858587240584133e-01
1.420165867650229341e-01 3.130187437205852463e-01
1.339745962155614034e-01 3.065992928371419901e-01
1.261506229302150617e-01 2.999342470297319263e-01
1.185466365524179277e-01 2.930303675097439831e-01
1.111645513450765232e-01 2.858944417440138497e-01
1.040062257086641351e-01 2.785332917165149746e-01
9.707346171337882801e-02 2.709537835370965930e-01
9.036800464548166989e-02 2.631628375301509060e-01
8.389154256793041053e-02 2.551674380103714501e-01
7.764570589541863743e-02 2.469746420494038364e-01
7.163206698392743377e-02 2.385915866513647343e-01
6.585213973489323358e-02 2.300254938818485917e-01
6.030737921409157209e-02 2.212836736290145490e-01
5.499918128533154427e-02 2.123735238115884438e-01
4.992888225905456334e-02 2.033025279823061360e-01
4.509775855592612626e-02 1.940782504019514798e-01
4.050702638550263135e-02 1.847083287747059988e-01
3.615784144005795842e-02 1.752004649365827282e-01
3.205129860364375194e-02 1.655624138724223204e-01
2.818843167645834757e-02 1.558019715012174677e-01
2.457021311459295365e-02 1.459269617129956287e-01
2.119755378522125699e-02 1.359452231625291052e-01
1.807130273729329328e-02 1.258645963258546718e-01
1.519224698779197968e-02 1.156929113058115938e-01
1.256111132360571148e-02 1.054379768340252266e-01
1.017855811906731578e-02 9.510757086104985880e-02
8.045187169204659483e-03 8.470943305633135689e-02
6.161535538745877005e-03 7.425125945826030471e-02
4.528077426915411152e-03 6.374069942514698495e-02
3.145224048057615462e-03 5.318535494401202546e-02
2.013323528115562588e-03 4.259278225915074517e-02
1.132660816992037134e-03 3.197049569012273829e-02
5.034576168149174080e-04 2.132597342247126437e-02
1.258723261249317105e-04 1.066666497723853767e-02
0.000000000000000000e+00 0.000000000000000000e+00
1.258723261249317105e-04 -1.034879030199651988e-02
5.034576168149174080e-04 -2.067395354444915775e-02
1.132660816992037134e-03 -3.095208288423738699e-02
2.013323528115562588e-03 -4.116033056864798478e-02
3.145224048057615462e-03 -5.127666961837375886e-02
4.528077426915411152e-03 -6.128013463867709731e-02
6.161535538745877005e-03 -7.115103573774142487e-02
8.045187169204659483e-03 -8.087114029933778481e-02
1.017855811906731578e-02 -9.042381827506720815e-02
1.256111132360571148e-02 -9.979414770334010809e-02
1.519224698779197968e-02 -1.089689782980495375e-01
1.807130273729329328e-02 -1.179369521468607296e-01
2.119755378522125699e-02 -1.266884817827109433e-01
2.457021311459295365e-02 -1.352156871069517541e-01
2.818843167645834757e-02 -1.435122938132460391e-01
3.205129860364375194e-02 -1.515734970535322912e-01
3.615784144005795842e-02 -1.593957950688702774e-01
4.050702638550263135e-02 -1.669767983495261121e-01
4.509775855592612626e-02 -1.743150205648643924e-01
4.992888225905456334e-02 -1.814096579936698428e-01
5.499918128533154427e-02 -1.882603644739034576e-01
6.030737921409157209e-02 -1.948670289677831291e-01
6.585213973489323358e-02 -2.012295626997881726e-01
7.163206698392743377e-02 -2.073477024742787778e-01
7.764570589541863743e-02 -2.132208362248031175e-01
8.389154256793041053e-02 -2.188478561038271208e-01
9.036800464548166989e-02 -2.242270435103955739e-01
9.707346171337882801e-02 -2.293559894002400734e-01
1.040062257086641351e-01 -2.342315520588318933e-01
1.111645513450765232e-01 -2.388498532774439576e-01
1.185466365524179277e-01 -2.432063125929334602e-01
1.261506229302150617e-01 -2.472957179730797816e-01
1.339745962155614034e-01 -2.511123300910689249e-01
1.420165867650229341e-01 -2.546500161748993518e-01
1.502745700504856119e-01 -2.579024083783333365e-01
1.587464671688187945e-01 -2.608630807350617031e-01
1.674301453652287108e-01 -2.635257380586869536e-01
1.763234185701672008e-01 -2.658844096647930977e-01
1.854240479496642724e-01 -2.679336405387902076e-01
1.947297424689413692e-01 -2.696686725687941211e-01
2.042381594691679014e-01 -2.710856087137089587e-01
2.139469052572124941e-01 -2.721815534823320282e-01
2.238535357082431787e-01 -2.729547238511777496e-01
2.339555568810219865e-01 -2.734045257302323284e-01
2.442504256457417311e-01 -2.735315922725806703e-01
2.547355503242452190e-01 -2.733377816839187568e-01
2.654082913424666845e-01 -2.728261336826729999e-01
2.762659618949298013e-01 -2.720007853461296476e-01
2.873058286211370715e-01 -2.708668487030323480e-01
2.985251122936787294e-01 -2.694302540452712114e-01
3.099209885178879631e-01 -2.676975644750048122e-01
3.214905884428678196e-01 -2.656757686225323933e-01
3.332309994837083789e-01 -2.633720597090688509e-01
3.451392660547150104e-01 -2.607936101344429103e-01
3.572123903134606371e-01 -2.579473514941340029e-01
3.694473329154774888e-01 -2.548397703304634554e-01
3.818410137793947223e-01 -2.514767299642951537e-01
3.943903128623333920e-01 -2.478633284105312140e-01
4.070920709453594855e-01 -2.440038016378243968e-01
4.199430904288018462e-01 -2.399014802867273921e-01
4.329401361372292589e-01 -2.355588064200902776e-01
4.460799361338897429e-01 -2.309774149672660648e-01
4.593591825444023335e-01 -2.261582822756477429e-01
4.727745323894976259e-01 -2.211019416489333478e-01
4.863226084265935834e-01 -2.158087629943738761e-01
5.000000000000001110e-01 -2.102792907968404623e-01
5.138032638995313484e-01 -2.045146316732349701e-01
5.277289252273172915e-01 -1.985168798341565566e-01
5.417734782725895926e-01 -1.922895659969144355e-01
5.559333873942259308e-01 -1.858381127673859878e-01
5.702050879108284676e-01 -1.791702773543324412e-01
5.845849869981135649e-01 -1.722965608163908868e-01
5.990694645933862805e-01 -1.652305619853413066e-01
6.136548743068714895e-01 -1.579892538711049621e-01
6.283375443396724824e-01 -1.505931608382510833e-01
6.431137784081281117e-01 -1.430664162436355580e-01
6.579798566743311206e-01 -1.354366826191442386e-01
6.729320366825783939e-01 -1.277349199341230868e-01
6.879665543015128781e-01 -1.199949920206355297e-01
7.030796246717250231e-01 -1.122531069100238810e-01
7.182674431585703845e-01 -1.045470936050612587e-01
7.335261863099650226e-01 -9.691552566471234309e-02
7.488520128189207758e-01 -8.939671084589778660e-02
7.642410644905727191e-01 -8.202757583656457296e-02
7.796894672134594417e-01 -7.484248570432906755e-02
7.951933319348093443e-01 -6.787204892228816677e-02
8.107487556395898132e-01 -6.114197053601432008e-02
8.263518223330695855e-01 -5.467202799284542197e-02
8.419986040266501659e-01 -4.847525612977370696e-02
8.576851617267149397e-01 -4.255743954952715541e-02
8.734075464262507360e-01 -3.691702182571900831e-02
8.891618000989889303e-01 -3.154555137100943651e-02
9.049439566958173975e-01 -2.642879306930206312e-02
9.207500431432115162e-01 -2.154864259985737190e-02
9.365760803434354242e-01 -1.688598645269218101e-02
9.524180841762578398e-01 -1.242465464063265655e-02
9.682720665019324269e-01 -8.156614755030915792e-03
9.841340361651920166e-01 -4.088555008287481606e-03
9.999999999999998890e-01 -2.500000000000259176e-04
