9.999999999999998890e-01 2.500000000001089675e-04
9.841340361651920166e-01 1.513517437650828412e-02
9.682720665019324269e-01 2.897022840200043359e-02
9.524180841762578398e-01 4.214012090808778865e-02
9.365760803434354242e-01 5.490562737172282465e-02
9.207500431432115162e-01 6.743143769948389821e-02
9.049439566958173975e-01 7.980998303881053912e-02
8.891618000989889303e-01 9.208132728480079854e-02
8.734075464262507360e-01 1.042494757666300315e-01
8.576851617267149397e-01 1.162954627400563656e-01
8.419986040266501659e-01 1.281875813792884844e-01
8.263518223330695855e-01 1.398891156193470542e-01
8.107487556395898132e-01 1.513639231683409636e-01
7.951933319348093443e-01 1.625802040437640816e-01
7.796894672134594417e-01 1.735127698645826944e-01
7.642410644905727191e-01 1.841441066335931520e-01
7.488520128189207758e-01 1.944644986454203417e-01
7.335261863099650226e-01 2.044714542056570994e-01
7.182674431585703845e-01 2.141686457629178586e-01
7.030796246717250231e-01 2.235645485102932817e-01
6.879665543015128781e-01 2.326709331243713985e-01
6.729320366825783939e-01 2.415013406360900228e-01
6.579798566743311206e-01 2.500696409586463664e-01
6.431137784081281117e-01 2.583887517529526723e-01
6.283375443396724824e-01 2.664695714365204471e-01
6.136548743068714895e-01 2.743201595085489330e-01
5.990694645933862805e-01 2.819451791699328913e-01
5.845849869981135649e-01 2.893456015875500720e-01
5.702050879108284676e-01 2.965186581447409320e-01
5.559333873942259308e-01 3.034580166274523649e-01
5.417734782725895926e-01 3.101541494526330878e-01
5.277289252273172915e-01 3.165948566343297355e-01
5.138032638995313484e-01 3.227659030403670082e-01
5.000000000000001110e-01 3.286517284173260389e-01
4.863226084265935834e-01 3.342361894222641849e-01
4.727745323894976259e-01 3.395032952422468719e-01
4.593591825444023335e-01 3.444379020385103241e-01
4.460799361338897429e-01 3.490263361448897039e-01
4.329401361372292589e-01 3.532569214039389394e-01
4.199430904288018462e-01 3.571203919693498596e-01
4.070920709453594855e-01 3.606101780829495396e-01
3.943903128623333920e-01 3.637225585097693670e-01
3.818410137793947223e-01 3.664566792690299168e-01
3.694473329154774888e-01 3.688144438422658600e-01
3.572123903134606371e-01 3.708002850112268600e-01
3.451392660547150104e-01 3.724208327477385172e-01
3.332309994837083789e-01 3.736844960477039290e-01
3.214905884428678196e-01 3.746009792065725930e-01
3.099209885178879631e-01 3.751807547404458210e-01
2.985251122936787294e-01 3.754345159625701034e-01
2.873058286211370715e-01 3.753726321547950495e-01
2.762659618949298013e-01 3.750046283789789103e-01
2.654082913424666845e-01 3.743387103284106510e-01
2.547355503242452190e-01 3.733813523173022952e-01
2.442504256457417311e-01 3.721369636559623828e-01
2.339555568810219865e-01 3.706076453803232584e-01
2.238535357082431787e-01 3.687930457243331350e-01
2.139469052572124941e-01 3.666903189727422352e-01
2.042381594691679014e-01 3.642941885396872026e-01
1.947297424689413692e-01 3.615971114104022943e-01
1.854240479496642724e-01 3.585895375766268156e-01
1.763234185701672008e-01 3.552602548971651730e-01
1.674301453652287108e-01 3.515968070163328352e-01
1.587464671688187945e-01 3.475859696517168418e-01
1.502745700504856119e-01 3.432142687785225688e-01
1.420165867650229341e-01 3.384685230320890192e-01
1.339745962155614034e-01 3.333363920453353280e-01
1.261506229302150617e-01 3.278069124374612953e-01
1.185466365524179277e-01 3.218710037592844020e-01
1.111645513450765232e-01 3.155219278469314492e-01
1.040062257086641351e-01 3.087556866911064790e-01
9.707346171337882801e-02 3.015713460316910011e-01
9.036800464548166989e-02 2.939712743629991354e-01
8.389154256793041053e-02 2.859612898002600878e-01
7.764570589541863743e-02 2.775507102226804079e-01
7.163206698392743377e-02 2.687523051786481765e-01
6.585213973489323358e-02 2.595821511189506103e-01
6.030737921409157209e-02 2.500593945205232260e-01
5.499918128533154427e-02 2.402059302866907387e-01
4.992888225905456334e-02 2.300460053772317992e-01
4.509775855592612626e-02 2.196057598589736815e-01
4.050702638550263135e-02 2.089127194119166642e-01
3.615784144005795842e-02 1.979952547265620699e-01
3.205129860364375194e-02 1.868820241482444522e-01
2.818843167645834757e-02 1.756014163415992591e-01
2.457021311459295365e-02 1.641810096554112419e-01
2.119755378522125699e-02 1.526470642726692195e-01
1.807130273729329328e-02 1.410240621548101148e-01
1.519224698779197968e-02 1.293343082688319101e-01
1.256111132360571148e-02 1.175976046696412536e-01
1.017855811906731578e-02 1.058310067572360014e-01
8.045187169204659483e-03 9.404866850788712318e-02
6.161535538745877005e-03 8.226178076642991222e-02
4.528077426915411152e-03 7.047860386409843247e-02
3.145224048057615462e-03 5.870459297682174837e-02
2.013323528115562588e-03 4.694261184646890406e-02
1.132660816992037134e-03 3.519322783419748246e-02
5.034576168149174080e-04 2.345507883831086937e-02
1.258723261249317105e-04 1.172530045985047120e-02
0.000000000000000000e+00 0.000000000000000000e+00
1.258723261249317105e-04 -1.026009449084703054e-02
5.034576168149174080e-04 -2.048329170964782731e-02
1.132660816992037134e-03 -3.063343930509314014e-02
2.013323528115562588e-03 -4.067597732460413729e-02
3.145224048057615462e-03 -5.057867677574323650e-02
4.528077426915411152e-03 -6.031231090131417699e-02
6.161535538745877005e-03 -6.985123982928435893e-02
8.045187169204659483e-03 -7.917389179299706703e-02
1.017855811906731578e-02 -8.826312714601261544e-02
1.256111132360571148e-02 -9.710647483231164834e-02
1.519224698779197968e-02 -1.056962347175578187e-01
1.807130273729329328e-02 -1.140294431324288260e-01
2.119755378522125699e-02 -1.221077030103994293e-01
2.457021311459295365e-02 -1.299368840023585325e-01
2.818843167645834757e-02 -1.375267018020536192e-01
3.205129860364375194e-02 -1.448901895060965006e-01
3.615784144005795842e-02 -1.520430770535388665e-01
4.050702638550263135e-02 -1.590030975461439178e-01
4.509775855592612626e-02 -1.657892414575121154e-01
4.992888225905456334e-02 -1.724209813284734438e-01
5.499918128533154427e-02 -1.789174904663353438e-01
6.030737921409157209e-02 -1.852968793843581818e-01
6.585213973489323358e-02 -1.915754732230964819e-01
7.163206698392743377e-02 -1.977671521955856881e-01
7.764570589541863743e-02 -2.038827752231990587e-01
8.389154256793041053e-02 -2.099297044279662960e-01
9.036800464548166989e-02 -2.159114450889856041e-01
9.707346171337882801e-02 -2.218274121414634537e-01
1.040062257086641351e-01 -2.276728303982899215e-01
1.111645513450765232e-01 -2.334387715198991409e-01
1.185466365524179277e-01 -2.391123264719597907e-01
1.261506229302150617e-01 -2.446769079217926968e-01
1.339745962155614034e-01 -2.501126728653507714e-01
1.420165867650229341e-01 -2.553970518778184706e-01
1.502745700504856119e-01 -2.605053678678716511e-01
1.587464671688187945e-01 -2.654115242048393775e-01
1.674301453652287108e-01 -2.700887396832293841e-01
1.763234185701672008e-01 -2.745103060780151871e-01
1.854240479496642724e-01 -2.786503430953605198e-01
1.947297424689413692e-01 -2.824845253839681769e-01
2.042381594691679014e-01 -2.859907569651266579e-01
2.139469052572124941e-01 -2.891497699627302298e-01
2.238535357082431787e-01 -2.919456268399988619e-01
2.339555568810219865e-01 -2.943661084232208069e-01
2.442504256457417311e-01 -2.964029737350675764e-01
2.547355503242452190e-01 -2.980520819674300492e-01
2.654082913424666845e-01 -2.993133716710338899e-01
2.762659618949298013e-01 -3.001906972821197783e-01
2.873058286211370715e-01 -3.006915282856845173e-01
2.985251122936787294e-01 -3.008265214593855430e-01
3.099209885178879631e-01 -3.006089815749146132e-01
3.214905884428678196e-01 -3.000542304756395606e-01
3.332309994837083789e-01 -2.991789084257778231e-01
3.451392660547150104e-01 -2.980002348719335559e-01
3.572123903134606371e-01 -2.965352581222877038e-01
3.694473329154774888e-01 -2.948001248024799126e-01
3.818410137793947223e-01 -2.928094001865498841e-01
3.943903128623333920e-01 -2.905754695532632437e-01
4.070920709453594855e-01 -2.881080485448526129e-01
4.199430904288018462e-01 -2.854138271074694866e-01
4.329401361372292589e-01 -2.824962670128481901e-01
4.460799361338897429e-01 -2.793555672845653426e-01
4.593591825444023335e-01 -2.759888052099402356e-01
4.727745323894976259e-01 -2.723902531841171926e-01
4.863226084265935834e-01 -2.685518636229460299e-01
5.000000000000001110e-01 -2.644639058526025432e-01
5.138032638995313484e-01 -2.601157305293336219e-01
5.277289252273172915e-01 -2.554966290862312195e-01
5.417734782725895926e-01 -2.505967482944340685e-01
5.559333873942259308e-01 -2.454080136301783621e-01
5.702050879108284676e-01 -2.399250101326977636e-01
5.845849869981135649e-01 -2.341457661974608306e-01
5.990694645933862805e-01 -2.280723846416520817e-01
6.136548743068714895e-01 -2.217114667514804294e-01
6.283375443396724824e-01 -2.150742791910073837e-01
6.431137784081281117e-01 -2.081766208960083853e-01
6.579798566743311206e-01 -2.010383576188582988e-01
6.729320366825783939e-01 -1.936826057950169211e-01
6.879665543015128781e-01 -1.861345649608731057e-01
7.030796246717250231e-01 -1.784200190793738539e-01
7.182674431585703845e-01 -1.705635517498527431e-01
7.335261863099650226e-01 -1.625865482243352700e-01
7.488520128189207758e-01 -1.545050881591017999e-01
7.642410644905727191e-01 -1.463278667315270343e-01
7.796894672134594417e-01 -1.380543176806818539e-01
7.951933319348093443e-01 -1.296731494180002886e-01
8.107487556395898132e-01 -1.211615439364635838e-01
8.263518223330695855e-01 -1.124853070667179294e-01
8.419986040266501659e-01 -1.036002968460684182e-01
8.576851617267149397e-01 -9.445549346752676878e-02
8.734075464262507360e-01 -8.499810848578551181e-02
8.891618000989889303e-01 -7.518116165291416353e-02
9.049439566958173975e-01 -6.497397988573000438e-02
9.207500431432115162e-01 -5.437609336349701061e-02
9.365760803434354242e-01 -4.343501755994386843e-02
9.524180841762578398e-01 -3.226841609620224177e-02
9.682720665019324269e-01 -2.109113667891473684e-02
9.841340361651920166e-01 -1.024760014958031595e-02
9.999999999999998890e-01 -2.500000000000654368e-04
