9.999999999999998890e-01 2.500000000000410965e-04
9.841340361651920166e-01 5.942247033014022399e-03
9.682720665019324269e-01 1.131486293928318440e-02
9.524180841762578398e-01 1.643225266379769178e-02
9.365760803434354242e-01 2.133798860627739852e-02
9.207500431432115162e-01 2.605937361790731238e-02
9.049439566958173975e-01 3.061136716388564161e-02
8.891618000989889303e-01 3.499991645486436043e-02
8.734075464262507360e-01 3.922473776912110965e-02
8.576851617267149397e-01 4.328159553178766855e-02
8.419986040266501659e-01 4.716412805419972071e-02
8.263518223330695855e-01 5.086526924266011190e-02
8.107487556395898132e-01 5.437831514748175249e-02
7.951933319348093443e-01 5.769768303253929032e-02
7.796894672134594417e-01 6.081940879965762325e-02
7.642410644905727191e-01 6.374142620048678376e-02
7.488520128189207758e-01 6.646366841115400326e-02
7.335261863099650226e-01 6.898802933089376310e-02
7.182674431585703845e-01 7.131821849116729006e-02
7.030796246717250231e-01 7.345953981834725532e-02
6.879665543015128781e-01 7.541862076711065843e-02
6.729320366825783939e-01 7.720311461281184617e-02
6.579798566743311206e-01 7.882139503122406743e-02
6.431137784081281117e-01 8.028225856675584582e-02
6.283375443396724824e-01 8.159464725034785981e-02
6.136548743068714895e-01 8.276740052138244208e-02
5.990694645933862805e-01 8.380904277051569318e-02
5.845849869981135649e-01 8.472761027961915603e-02
5.702050879108284676e-01 8.553051910934730828e-02
5.559333873942259308e-01 8.622447358407400730e-02
5.417734782725895926e-01 8.681541344994582465e-02
5.277289252273172915e-01 8.730849652917678505e-02
5.138032638995313484e-01 8.770811275050000022e-02
5.000000000000001110e-01 8.801792478425154997e-02
4.863226084265935834e-01 8.824093012842514072e-02
4.727745323894976259e-01 8.837953935285990104e-02
4.593591825444023335e-01 8.843566528321278319e-02
4.460799361338897429e-01 8.841081816320754683e-02
4.329401361372292589e-01 8.830620224041504929e-02
4.199430904288018462e-01 8.812280974480865559e-02
4.070920709453594855e-01 8.786150883840433690e-02
3.943903128623333920e-01 8.752312277753875047e-02
3.818410137793947223e-01 8.710849821777347235e-02
3.694473329154774888e-01 8.661856127849823506e-02
3.572123903134606371e-01 8.605436064640027694e-02
3.451392660547150104e-01 8.541709761367730080e-02
3.332309994837083789e-01 8.470814350129535208e-02
3.214905884428678196e-01 8.392904539645724971e-02
3.099209885178879631e-01 8.308152152714844141e-02
2.985251122936787294e-01 8.216744789918338510e-02
2.873058286211370715e-01 8.118883803008039579e-02
2.762659618949298013e-01 8.014781773009814481e-02
2.654082913424666845e-01 7.904659690760072743e-02
2.547355503242452190e-01 7.788744031993238837e-02
2.442504256457417311e-01 7.667263906077366464e-02
2.339555568810219865e-01 7.540448438092609007e-02
2.238535357082431787e-01 7.408524519341802561e-02
2.139469052572124941e-01 7.271715032844483506e-02
2.042381594691679014e-01 7.130237629213270756e-02
1.947297424689413692e-01 6.984304095866680773e-02
1.854240479496642724e-01 6.834120330080407923e-02
1.763234185701672008e-01 6.679886895130639213e-02
1.674301453652287108e-01 6.521800109842028348e-02
1.587464671688187945e-01 6.360053596186798774e-02
1.502745700504856119e-01 6.194840187999463288e-02
1.420165867650229341e-01 6.026354087006573906e-02
1.339745962155614034e-01 5.854793140668709123e-02
1.261506229302150617e-01 5.680361110045326067e-02
1.185466365524179277e-01 5.503269795083237659e-02
1.111645513450765232e-01 5.323740889270683202e-02
1.040062257086641351e-01 5.142007445191109499e-02
9.707346171337882801e-02 4.958314846694418521e-02
9.036800464548166989e-02 4.772921201579648220e-02
8.389154256793041053e-02 4.586097090137673804e-02
7.764570589541863743e-02 4.398124628830676203e-02
7.163206698392743377e-02 4.209295833919748930e-02
6.585213973489323358e-02 4.019910296092513158e-02
6.030737921409157209e-02 3.830272203182775309e-02
5.499918128533154427e-02 3.640686773031268086e-02
4.992888225905456334e-02 3.451456181577415572e-02
4.509775855592612626e-02 3.262875091637325309e-02
4.050702638550263135e-02 3.075225904849991296e-02
3.615784144005795842e-02 2.888773872413579955e-02
3.205129860364375194e-02 2.703762209066279745e-02
2.818843167645834757e-02 2.520407359012731552e-02
2.457021311459295365e-02 2.338894562022902218e-02
2.119755378522125699e-02 2.159373862750590609e-02
1.807130273729329328e-02 1.981956696593247316e-02
1.519224698779197968e-02 1.806713171443243351e-02
1.256111132360571148e-02 1.633670146891018360e-02
1.017855811906731578e-02 1.462810191375392074e-02
8.045187169204659483e-03 1.294071474075674660e-02
6.161535538745877005e-03 1.127348622721531697e-02
4.528077426915411152e-03 9.624945517322014421e-03
3.145224048057615462e-03 7.993232379924327530e-03
2.013323528115562588e-03 6.376133949400197322e-03
1.132660816992037134e-03 4.771129702773444295e-03
5.034576168149174080e-04 3.175443692833557468e-03
1.258723261249317105e-04 1.586102850887954104e-03
0.000000000000000000e+00 0.000000000000000000e+00
1.258723261249317105e-04 -1.323783638204188533e-03
5.034576168149174080e-04 -2.640147679877096268e-03
1.132660816992037134e-03 -3.941715239546157365e-03
2.013323528115562588e-03 -5.221318173221132716e-03
3.145224048057615462e-03 -6.472095107734176372e-03
4.528077426915411152e-03 -7.687582052357480426e-03
6.161535538745877005e-03 -8.861793449624228228e-03
8.045187169204659483e-03 -9.989291792358698588e-03
1.017855811906731578e-02 -1.106524425648904367e-02
1.256111132360571148e-02 -1.208546516488383064e-02
1.519224698779197968e-02 -1.304644349556073266e-02
1.807130273729329328e-02 -1.394535506652969450e-02
2.119755378522125699e-02 -1.478005945699988055e-02
2.457021311459295365e-02 -1.554908214814750868e-02
2.818843167645834757e-02 -1.625158277365347514e-02
3.205129860364375194e-02 -1.688731074875420360e-02
3.615784144005795842e-02 -1.745654988538632157e-02
4.050702638550263135e-02 -1.796005389005514430e-02
4.509775855592612626e-02 -1.839897487166277518e-02
4.992888225905456334e-02 -1.877478715173980239e-02
5.499918128533154427e-02 -1.908920876430262800e-02
6.030737921409157209e-02 -1.934412305396330037e-02
6.585213973489323358e-02 -1.954150272820756595e-02
7.163206698392743377e-02 -1.968333859443277892e-02
7.764570589541863743e-02 -1.977157501813790047e-02
8.389154256793041053e-02 -1.980805388146723162e-02
9.036800464548166989e-02 -1.979446850902009947e-02
9.707346171337882801e-02 -1.973232867014195965e-02
1.040062257086641351e-01 -1.962293737503495103e-02
1.111645513450765232e-01 -1.946737976842162487e-02
1.185466365524179277e-01 -1.926652400248585889e-02
1.261506229302150617e-01 -1.902103355420079606e-02
1.339745962155614034e-01 -1.873139005480474115e-02
1.420165867650229341e-01 -1.839792533461177826e-02
1.502745700504856119e-01 -1.802086106727051815e-02
1.587464671688187945e-01 -1.760035413553656669e-02
1.674301453652287108e-01 -1.713654564553228343e-02
1.763234185701672008e-01 -1.662961139631308552e-02
1.854240479496642724e-01 -1.607981157205582226e-02
1.947297424689413692e-01 -1.548753746853186522e-02
2.042381594691679014e-01 -1.485335319420743802e-02
2.139469052572124941e-01 -1.417803049699020365e-02
2.238535357082431787e-01 -1.346257515510561505e-02
2.339555568810219865e-01 -1.270824372681849182e-02
2.442504256457417311e-01 -1.191654986800449144e-02
2.547355503242452190e-01 -1.108925988574807966e-02
2.654082913424666845e-01 -1.022837768485852956e-02
2.762659618949298013e-01 -9.336119765332242387e-03
2.873058286211370715e-01 -8.414881423901114654e-03
2.985251122936787294e-01 -7.467195782640451834e-03
3.099209885178879631e-01 -6.495687692677944505e-03
3.214905884428678196e-01 -5.503024922242802548e-03
3.332309994837083789e-01 -4.491869317535221104e-03
3.451392660547150104e-01 -3.464830805765688020e-03
3.572123903134606371e-01 -2.424427178112691528e-03
3.694473329154774888e-01 -1.373052535110987028e-03
3.818410137793947223e-01 -3.129570904645244812e-04
3.943903128623333920e-01 7.537592921374899847e-04
4.070920709453594855e-01 1.825137910064245647e-03
4.199430904288018462e-01 2.899335045279912478e-03
4.329401361372292589e-01 3.974578166321647739e-03
4.460799361338897429e-01 5.049104677547319904e-03
4.593591825444023335e-01 6.121084267734419430e-03
4.727745323894976259e-01 7.188526847499096713e-03
4.863226084265935834e-01 8.249179025506557517e-03
5.000000000000001110e-01 9.300413021712774370e-03
5.138032638995313484e-01 1.033911281279936180e-02
5.277289252273172915e-01 1.136156310839568293e-02
5.417734782725895926e-01 1.236334742229285889e-02
5.559333873942259308e-01 1.333926198511498420e-02
5.702050879108284676e-01 1.428325249816828416e-02
5.845849869981135649e-01 1.518838070784773141e-02
5.990694645933862805e-01 1.604682744374750017e-02
6.136548743068714895e-01 1.684993807279651021e-02
6.283375443396724824e-01 1.758831524252486497e-02
6.431137784081281117e-01 1.825196229136703818e-02
6.579798566743311206e-01 1.883047877259914557e-02
6.729320366825783939e-01 1.931330715963526512e-02
6.879665543015128781e-01 1.969002697227920096e-02
7.030796246717250231e-01 1.995068929519397405e-02
7.182674431585703845e-01 2.008618097190883675e-02
7.335261863099650226e-01 2.008860368291509949e-02
7.488520128189207758e-01 1.995164870018605735e-02
7.642410644905727191e-01 1.967094341095583510e-02
7.796894672134594417e-01 1.924434079168843223e-02
7.951933319348093443e-01 1.867211797212412275e-02
8.107487556395898132e-01 1.795704495413782964e-02
8.263518223330695855e-01 1.710427954678913134e-02
8.419986040266501659e-01 1.612103976298184457e-02
8.576851617267149397e-01 1.501600041840880050e-02
8.734075464262507360e-01 1.379835661025872844e-02
8.891618000989889303e-01 1.247649326634798009e-02
9.049439566958173975e-01 1.105619718204941052e-02
9.207500431432115162e-01 9.538346039648367553e-03
9.365760803434354242e-01 7.916007966877565069e-03
9.524180841762578398e-01 6.170885367260871973e-03
9.682720665019324269e-01 4.269038165179438009e-03
9.841340361651920166e-01 2.155824362821452331e-03
9.999999999999998890e-01 -2.499999999999818990e-04
