9.999999999999998890e-01 2.500000000002770731e-04
9.841340361651920166e-01 3.667692183173508480e-02
9.682720665019324269e-01 6.760981837067238376e-02
9.524180841762578398e-01 9.417254901000739198e-02
9.365760803434354242e-01 1.172954573579396559e-01
9.207500431432115162e-01 1.377402838379492567e-01
9.049439566958173975e-01 1.561230569604405982e-01
8.891618000989889303e-01 1.729349744342797701e-01
8.734075464262507360e-01 1.885613078274831766e-01
8.576851617267149397e-01 2.032983843131734580e-01
8.419986040266501659e-01 2.173687161347365726e-01
8.263518223330695855e-01 2.309343628164571560e-01
8.107487556395898132e-01 2.441086228918472045e-01
7.951933319348093443e-01 2.569661611125664824e-01
7.796894672134594417e-01 2.695516838556810124e-01
7.642410644905727191e-01 2.818872799098783299e-01
7.488520128189207758e-01 2.939785461563746982e-01
7.335261863099650226e-01 3.058196180482470328e-01
7.182674431585703845e-01 3.173972234257959601e-01
7.030796246717250231e-01 3.286938752868128200e-01
6.879665543015128781e-01 3.396903148655074922e-01
6.729320366825783939e-01 3.503673109698400290e-01
6.579798566743311206e-01 3.607069151894121695e-01
6.431137784081281117e-01 3.706932655151873313e-01
6.283375443396724824e-01 3.803130233005128646e-01
6.136548743068714895e-01 3.895555205224061623e-01
5.990694645933862805e-01 3.984126861428283206e-01
5.845849869981135649e-01 4.068788121776981681e-01
5.702050879108284676e-01 4.149502119975393977e-01
5.559333873942259308e-01 4.226248155324736078e-01
5.417734782725895926e-01 4.299017385436121885e-01
5.277289252273172915e-01 4.367808560434239817e-01
5.138032638995313484e-01 4.432624033730573343e-01
5.000000000000001110e-01 4.493466224317535507e-01
4.863226084265935834e-01 4.550334651431802713e-01
4.727745323894976259e-01 4.603223614611381964e-01
4.593591825444023335e-01 4.652120550737552374e-01
4.460799361338897429e-01 4.697005064589026002e-01
4.329401361372292589e-01 4.737848600602847515e-01
4.199430904288018462e-01 4.774614700691512392e-01
4.070920709453594855e-01 4.807259775776429600e-01
3.943903128623333920e-01 4.835734306757603074e-01
3.818410137793947223e-01 4.859984383482912063e-01
3.694473329154774888e-01 4.879953487398316359e-01
3.572123903134606371e-01 4.895584424413496616e-01
3.451392660547150104e-01 4.906821318551123356e-01
3.332309994837083789e-01 4.913611583604172162e-01
3.214905884428678196e-01 4.915907798754782232e-01
3.099209885178879631e-01 4.913669424379705775e-01
2.985251122936787294e-01 4.906864305578889085e-01
2.873058286211370715e-01 4.895469922848175170e-01
2.762659618949298013e-01 4.879474361349787626e-01
2.654082913424666845e-01 4.858876982036797743e-01
2.547355503242452190e-01 4.833688789132076780e-01
2.442504256457417311e-01 4.803932498872429124e-01
2.339555568810219865e-01 4.769642323781297932e-01
2.238535357082431787e-01 4.730863494857974749e-01
2.139469052572124941e-01 4.687651550847689030e-01
2.042381594691679014e-01 4.640071429113617474e-01
1.947297424689413692e-01 4.588196396542227329e-01
1.854240479496642724e-01 4.532106861392088959e-01
1.763234185701672008e-01 4.471889108094282972e-01
1.674301453652287108e-01 4.407633996812854171e-01
1.587464671688187945e-01 4.339435668185495087e-01
1.502745700504856119e-01 4.267390291218838283e-01
1.420165867650229341e-01 4.191594888955776921e-01
1.339745962155614034e-01 4.112146272422289583e-01
1.261506229302150617e-01 4.029140108661960484e-01
1.185466365524179277e-01 3.942670143543416938e-01
1.111645513450765232e-01 3.852827594642143083e-01
1.040062257086641351e-01 3.759700724010226480e-01
9.707346171337882801e-02 3.663374595202847916e-01
9.036800464548166989e-02 3.563931013663525493e-01
8.389154256793041053e-02 3.461448644602219682e-01
7.764570589541863743e-02 3.356003297935847285e-01
7.163206698392743377e-02 3.247668365787309552e-01
6.585213973489323358e-02 3.136515394526748768e-01
6.030737921409157209e-02 3.022614770439348564e-01
5.499918128533154427e-02 2.906036495852170609e-01
4.992888225905456334e-02 2.786851030965897258e-01
4.509775855592612626e-02 2.665130175717173033e-01
4.050702638550263135e-02 2.540947965730493419e-01
3.615784144005795842e-02 2.414381556778653626e-01
3.205129860364375194e-02 2.285512073118954324e-01
2.818843167645834757e-02 2.154425396560636918e-01
2.457021311459295365e-02 2.021212875090053207e-01
2.119755378522125699e-02 1.885971932270809892e-01
1.807130273729329328e-02 1.748806561377837798e-01
1.519224698779197968e-02 1.609827691245627745e-01
1.256111132360571148e-02 1.469153414038252004e-01
1.017855811906731578e-02 1.326909068508534684e-01
8.045187169204659483e-03 1.183227175733283509e-01
6.161535538745877005e-03 1.038247227720302951e-01
4.528077426915411152e-03 8.921153326133676731e-02
3.145224048057615462e-03 7.449837234107836714e-02
2.013323528115562588e-03 5.970101401019067833e-02
1.132660816992037134e-03 4.483570978619869779e-02
5.034576168149174080e-04 2.991910563807754705e-02
1.258723261249317105e-04 1.496815074935357003e-02
0.000000000000000000e+00 0.000000000000000000e+00
1.258723261249317105e-04 -1.477677519136567572e-02
5.034576168149174080e-04 -2.952684026585600946e-02
1.132660816992037134e-03 -4.422370463163878551e-02
2.013323528115562588e-03 -5.884143521011175881e-02
3.145224048057615462e-03 -7.335491686001187339e-02
4.528077426915411152e-03 -8.774009140867976286e-02
6.161535538745877005e-03 -1.019741691655502297e-01
8.045187169204659483e-03 -1.160358076159277857e-01
1.017855811906731578e-02 -1.299052529739749551e-01
1.256111132360571148e-02 -1.435644413828092991e-01
1.519224698779197968e-02 -1.569970577529459510e-01
1.807130273729329328e-02 -1.701885514912412911e-01
2.119755378522125699e-02 -1.831261096525591547e-01
2.457021311459295365e-02 -1.957985893062062499e-01
2.818843167645834757e-02 -2.081964121100655374e-01
3.205129860364375194e-02 -2.203114251901382159e-01
3.615784144005795842e-02 -2.321367333975677127e-01
4.050702638550263135e-02 -2.436665088287101322e-01
4.509775855592612626e-02 -2.548957841207844521e-01
4.992888225905456334e-02 -2.658202364560986464e-01
5.499918128533154427e-02 -2.764359694081379160e-01
6.030737921409157209e-02 -2.867392997360352913e-01
6.585213973489323358e-02 -2.967265559803787811e-01
7.163206698392743377e-02 -3.063938952402955884e-01
7.764570589541863743e-02 -3.157371438337789327e-01
8.389154256793041053e-02 -3.247516666813584085e-01
9.036800464548166989e-02 -3.334322692347229111e-01
9.707346171337882801e-02 -3.417731346293992334e-01
1.040062257086641351e-01 -3.497677975110793369e-01
1.111645513450765232e-01 -3.574091547090542109e-01
1.185466365524179277e-01 -3.646895116499346834e-01
1.261506229302150617e-01 -3.716006621636736007e-01
1.339745962155614034e-01 -3.781339981745522327e-01
1.420165867650229341e-01 -3.842806447329703556e-01
1.502745700504856119e-01 -3.900316149669311727e-01
1.587464671688187945e-01 -3.953779788477594370e-01
1.674301453652287108e-01 -4.003110391996378414e-01
1.763234185701672008e-01 -4.048225081568902484e-01
1.854240479496642724e-01 -4.089046772986392186e-01
1.947297424689413692e-01 -4.125505749710839942e-01
2.042381594691679014e-01 -4.157541048378187165e-01
2.139469052572124941e-01 -4.185101604638935546e-01
2.238535357082431787e-01 -4.208147117162729933e-01
2.339555568810219865e-01 -4.226648599200106826e-01
2.442504256457417311e-01 -4.240588600059639335e-01
2.547355503242452190e-01 -4.249961092755513703e-01
2.654082913424666845e-01 -4.254771038386153670e-01
2.762659618949298013e-01 -4.255033651955613117e-01
2.873058286211370715e-01 -4.250773407759497746e-01
2.985251122936787294e-01 -4.242022834536062215e-01
3.099209885178879631e-01 -4.228821160757820774e-01
3.214905884428678196e-01 -4.211212878175000229e-01
3.332309994837083789e-01 -4.189246296546390025e-01
3.451392660547150104e-01 -4.162972164014725474e-01
3.572123903134606371e-01 -4.132442425516046902e-01
3.694473329154774888e-01 -4.097709185791816866e-01
3.818410137793947223e-01 -4.058823933976467013e-01
3.943903128623333920e-01 -4.015837073493723763e-01
4.070920709453594855e-01 -3.968797784412396723e-01
4.199430904288018462e-01 -3.917754225959328429e-01
4.329401361372292589e-01 -3.862754065215535659e-01
4.460799361338897429e-01 -3.803845294957228784e-01
4.593591825444023335e-01 -3.741077280142754424e-01
4.727745323894976259e-01 -3.674501949842168269e-01
4.863226084265935834e-01 -3.604175030751169961e-01
5.000000000000001110e-01 -3.530157201235670228e-01
5.138032638995313484e-01 -3.452515032617087254e-01
5.277289252273172915e-01 -3.371321578688413756e-01
5.417734782725895926e-01 -3.286656476823787698e-01
5.559333873942259308e-01 -3.198605436065194429e-01
5.702050879108284676e-01 -3.107259010729457871e-01
5.845849869981135649e-01 -3.012710593754745481e-01
5.990694645933862805e-01 -2.915053613416730416e-01
6.136548743068714895e-01 -2.814377981198696865e-01
6.283375443396724824e-01 -2.710765918249114503e-01
6.431137784081281117e-01 -2.604287383451286964e-01
6.579798566743311206e-01 -2.494995437762011770e-01
6.729320366825783939e-01 -2.382922006860134501e-01
6.879665543015128781e-01 -2.268074646569147867e-01
7.030796246717250231e-01 -2.150435071815806343e-01
7.182674431585703845e-01 -2.029960378421060418e-01
7.335261863099650226e-01 -1.906588065665296705e-01
7.488520128189207758e-01 -1.780246153711042834e-01
7.642410644905727191e-01 -1.650869880502062459e-01
7.796894672134594417e-01 -1.518426654117909225e-01
7.951933319348093443e-01 -1.382951124736370996e-01
8.107487556395898132e-01 -1.244592420927723431e-01
8.263518223330695855e-01 -1.103675763206016514e-01
8.419986040266501659e-01 -9.607808185317549821e-02
8.576851617267149397e-01 -8.168392875137177322e-02
8.734075464262507360e-01 -6.732543159701734337e-02
8.891618000989889303e-01 -5.320443888060034932e-02
9.049439566958173975e-01 -3.960143914136104309e-02
9.207500431432115162e-01 -2.689565067360403725e-02
9.365760803434354242e-01 -1.558835497265500386e-02
9.524180841762578398e-01 -6.329722056215795339e-03
9.682720665019324269e-01 5.064205272461270134e-05
9.841340361651920166e-01 2.509219410801909449e-03
9.999999999999998890e-01 -2.499999999999589139e-04
