9.999999999999998890e-01 2.500000000000766583e-04
9.841340361651920166e-01 1.105378389765888578e-02
9.682720665019324269e-01 2.156630326533686901e-02
9.524180841762578398e-01 3.181279713464737341e-02
9.365760803434354242e-01 4.181400991624440594e-02
9.207500431432115162e-01 5.158643762924880471e-02
9.049439566958173975e-01 6.114264965427263637e-02
8.891618000989889303e-01 7.049166801352936551e-02
8.734075464262507360e-01 7.963938702127394687e-02
8.576851617267149397e-01 8.858901722711001736e-02
8.419986040266501659e-01 9.734153885707805265e-02
8.263518223330695855e-01 1.058961514052259023e-01
8.107487556395898132e-01 1.142507076033335012e-01
7.951933319348093443e-01 1.224021216606016593e-01
7.796894672134594417e-01 1.303467433811897336e-01
7.642410644905727191e-01 1.380806914997379231e-01
7.488520128189207758e-01 1.456001412896172909e-01
7.335261863099650226e-01 1.529015631643110551e-01
7.182674431585703845e-01 1.599819105805927177e-01
7.030796246717250231e-01 1.668387570378681850e-01
6.879665543015128781e-01 1.734703833294986008e-01
6.729320366825783939e-01 1.798758174211895766e-01
6.579798566743311206e-01 1.860548303944880022e-01
6.431137784081281117e-01 1.920078927898440924e-01
6.283375443396724824e-01 1.977360964071925575e-01
6.136548743068714895e-01 2.032410471699333809e-01
5.990694645933862805e-01 2.085247350315444781e-01
5.845849869981135649e-01 2.135893871071271322e-01
5.702050879108284676e-01 2.184373102524335974e-01
5.559333873942259308e-01 2.230707292005414677e-01
5.417734782725895926e-01 2.274916261139726115e-01
5.277289252273172915e-01 2.317015870323893278e-01
5.138032638995313484e-01 2.357016602093606750e-01
5.000000000000001110e-01 2.394922307536602457e-01
4.863226084265935834e-01 2.430729153395042308e-01
4.727745323894976259e-01 2.464424800448770103e-01
4.593591825444023335e-01 2.495987836364249590e-01
4.460799361338897429e-01 2.525387478617878156e-01
4.329401361372292589e-01 2.552583555534111426e-01
4.199430904288018462e-01 2.577526766085673215e-01
4.070920709453594855e-01 2.600159212038843370e-01
3.943903128623333920e-01 2.620415189430140290e-01
3.818410137793947223e-01 2.638222220352249292e-01
3.694473329154774888e-01 2.653502300709058015e-01
3.572123903134606371e-01 2.666173335053631521e-01
3.451392660547150104e-01 2.676150725910101946e-01
3.332309994837083789e-01 2.683349082141091024e-01
3.214905884428678196e-01 2.687684008975727012e-01
3.099209885178879631e-01 2.689073941259596534e-01
2.985251122936787294e-01 2.687441981307732708e-01
2.873058286211370715e-01 2.682717703398488918e-01
2.762659618949298013e-01 2.674838888387394142e-01
2.654082913424666845e-01 2.663753154079808727e-01
2.547355503242452190e-01 2.649419449801208581e-01
2.442504256457417311e-01 2.631809386957029151e-01
2.339555568810219865e-01 2.610908381185493288e-01
2.238535357082431787e-01 2.586716585877443242e-01
2.139469052572124941e-01 2.559249601265272678e-01
2.042381594691679014e-01 2.528538947866503239e-01
1.947297424689413692e-01 2.494632297706803337e-01
1.854240479496642724e-01 2.457593461346272434e-01
1.763234185701672008e-01 2.417502133201752113e-01
1.674301453652287108e-01 2.374453401914280726e-01
1.587464671688187945e-01 2.328557036480770615e-01
1.502745700504856119e-01 2.279936562488855400e-01
1.420165867650229341e-01 2.228728146010325317e-01
1.339745962155614034e-01 2.175079305479911684e-01
1.261506229302150617e-01 2.119147474181778956e-01
1.185466365524179277e-01 2.061098437767103775e-01
1.111645513450765232e-01 2.001104672524764982e-01
1.040062257086641351e-01 1.939343610926237693e-01
9.707346171337882801e-02 1.875995861278437760e-01
9.036800464548166989e-02 1.811243408166143265e-01
8.389154256793041053e-02 1.745267819778901219e-01
7.764570589541863743e-02 1.678248487232764929e-01
7.163206698392743377e-02 1.610360919657000678e-01
6.585213973489323358e-02 1.541775117166781783e-01
6.030737921409157209e-02 1.472654041934101654e-01
5.499918128533154427e-02 1.403152205451745627e-01
4.992888225905456334e-02 1.333414387810402946e-01
4.509775855592612626e-02 1.263574502427032564e-01
4.050702638550263135e-02 1.193754617221720327e-01
3.615784144005795842e-02 1.124064140785748650e-01
3.205129860364375194e-02 1.054599179656472985e-01
2.818843167645834757e-02 9.854420704520037988e-02
2.457021311459295365e-02 9.166610883520075193e-02
2.119755378522125699e-02 8.483103312667203411e-02
1.807130273729329328e-02 7.804297770351265040e-02
1.519224698779197968e-02 7.130455091505279175e-02
1.256111132360571148e-02 6.461701048371983058e-02
1.017855811906731578e-02 5.798031778002959297e-02
8.045187169204659483e-03 5.139320666428533885e-02
6.161535538745877005e-03 4.485326587846777402e-02
4.528077426915411152e-03 3.835703387209148107e-02
3.145224048057615462e-03 3.190010486132642542e-02
2.013323528115562588e-03 2.547724485019671123e-02
1.132660816992037134e-03 1.908251628492618757e-02
5.034576168149174080e-04 1.270940996612386457e-02
1.258723261249317105e-04 6.350982807201885870e-03
0.000000000000000000e+00 0.000000000000000000e+00
1.258723261249317105e-04 -5.288374273311686850e-03
5.034576168149174080e-04 -1.055220020605269690e-02
1.132660816992037134e-03 -1.576716430090081486e-02
2.013323528115562588e-03 -2.090954340989460356e-02
3.145224048057615462e-03 -2.595648696432427752e-02
4.528077426915411152e-03 -3.088628396845507357e-02
6.161535538745877005e-03 -3.567861018234928100e-02
8.045187169204659483e-03 -4.031475133569268482e-02
1.017855811906731578e-02 -4.477779871655779287e-02
1.256111132360571148e-02 -4.905281405464154143e-02
1.519224698779197968e-02 -5.312696125418958637e-02
1.807130273729329328e-02 -5.698960321266006296e-02
2.119755378522125699e-02 -6.063236267135489743e-02
2.457021311459295365e-02 -6.404914676725101397e-02
2.818843167645834757e-02 -6.723613567446190542e-02
3.205129860364375194e-02 -7.019173642270636060e-02
3.615784144005795842e-02 -7.291650364305726773e-02
4.050702638550263135e-02 -7.541302960330339977e-02
4.509775855592612626e-02 -7.768580644309315553e-02
4.992888225905456334e-02 -7.974106399095379216e-02
5.499918128533154427e-02 -8.158658693162808284e-02
6.030737921409157209e-02 -8.323151538549158901e-02
6.585213973489323358e-02 -8.468613315709103140e-02
7.163206698392743377e-02 -8.596164800456461419e-02
7.764570589541863743e-02 -8.706996827595506194e-02
8.389154256793041053e-02 -8.802348015482346077e-02
9.036800464548166989e-02 -8.883482956122414065e-02
9.707346171337882801e-02 -8.951671247242171114e-02
1.040062257086641351e-01 -9.008167707024601623e-02
1.111645513450765232e-01 -9.054194070004877026e-02
1.185466365524179277e-01 -9.090922415271739110e-02
1.261506229302150617e-01 -9.119460527015277318e-02
1.339745962155614034e-01 -9.140839334080656797e-02
1.420165867650229341e-01 -9.156002521043156428e-02
1.502745700504856119e-01 -9.165798349916656762e-02
1.587464671688187945e-01 -9.170973680396962702e-02
1.674301453652287108e-01 -9.172170128881967921e-02
1.763234185701672008e-01 -9.169922263627619530e-02
1.854240479496642724e-01 -9.164657696347597304e-02
1.947297424689413692e-01 -9.156698900200616054e-02
2.042381594691679014e-01 -9.146266561059590572e-02
2.139469052572124941e-01 -9.133484253601811820e-02
2.238535357082431787e-01 -9.118384226218795297e-02
2.339555568810219865e-01 -9.100914078872816837e-02
2.442504256457417311e-01 -9.080944125415259249e-02
2.547355503242452190e-01 -9.058275245867579428e-02
2.654082913424666845e-01 -9.032647053852811692e-02
2.762659618949298013e-01 -9.003746228648748517e-02
2.873058286211370715e-01 -8.971214888933605469e-02
2.985251122936787294e-01 -8.934658914796517193e-02
3.099209885178879631e-01 -8.893656154484287646e-02
3.214905884428678196e-01 -8.847764481109984813e-02
3.332309994837083789e-01 -8.796529690630788823e-02
3.451392660547150104e-01 -8.739493254355493179e-02
3.572123903134606371e-01 -8.676199955738313208e-02
3.694473329154774888e-01 -8.606205451110604532e-02
3.818410137793947223e-01 -8.529083796389239081e-02
3.943903128623333920e-01 -8.444434976059199405e-02
4.070920709453594855e-01 -8.351892456569717793e-02
4.199430904288018462e-01 -8.251130763785666233e-02
4.329401361372292589e-01 -8.141873053773741875e-02
4.460799361338897429e-01 -8.023898608864056536e-02
4.593591825444023335e-01 -7.897050147923867502e-02
4.727745323894976259e-01 -7.761240792840350122e-02
4.863226084265935834e-01 -7.616460484465821523e-02
5.000000000000001110e-01 -7.462781593237310940e-02
5.138032638995313484e-01 -7.300363425181398414e-02
5.277289252273172915e-01 -7.129455286171020034e-02
5.417734782725895926e-01 -6.950397739443518741e-02
5.559333873942259308e-01 -6.763621676983079534e-02
5.702050879108284676e-01 -6.569644827930357089e-02
5.845849869981135649e-01 -6.369065350174507589e-02
5.990694645933862805e-01 -6.162552198026317180e-02
6.136548743068714895e-01 -5.950832032428109847e-02
6.283375443396724824e-01 -5.734672543222568697e-02
6.431137784081281117e-01 -5.514862187798823256e-02
6.579798566743311206e-01 -5.292186518596421474e-02
6.729320366825783939e-01 -5.067401474424723662e-02
6.879665543015128781e-01 -4.841204247513299086e-02
7.030796246717250231e-01 -4.614202608945610490e-02
7.182674431585703845e-01 -4.386883878000277792e-02
7.335261863099650226e-01 -4.159585053288772372e-02
7.488520128189207758e-01 -3.932465981753878459e-02
7.642410644905727191e-01 -3.705487820837787688e-02
7.796894672134594417e-01 -3.478399443640359939e-02
7.951933319348093443e-01 -3.250734839829007988e-02
8.107487556395898132e-01 -3.021824968603684450e-02
8.263518223330695855e-01 -2.790827915417026447e-02
8.419986040266501659e-01 -2.556781581831254688e-02
8.576851617267149397e-01 -2.318683487587562542e-02
8.734075464262507360e-01 -2.075602574838097611e-02
8.891618000989889303e-01 -1.826828165319175148e-02
9.049439566958173975e-01 -1.572061420592093042e-02
9.207500431432115162e-01 -1.311654781905994063e-02
9.365760803434354242e-01 -1.046904908520929212e-02
9.524180841762578398e-01 -7.804045806903988844e-03
9.682720665019324269e-01 -5.164588758479369060e-03
9.841340361651920166e-01 -2.615706547090920504e-03
9.999999999999998890e-01 -2.500000000000156177e-04
