9.999999999999998890e-01 2.500000000001224116e-04
9.841340361651920166e-01 1.763762151549840354e-02
9.682720665019324269e-01 3.476198789075321538e-02
9.524180841762578398e-01 5.157620629619990432e-02
9.365760803434354242e-01 6.804985453365505754e-02
9.207500431432115162e-01 8.416514421991816430e-02
9.049439566958173975e-01 9.991366724783365405e-02
8.891618000989889303e-01 1.152936797175836969e-01
8.734075464262507360e-01 1.303078752833985998e-01
8.576851617267149397e-01 1.449615986559636416e-01
8.419986040266501659e-01 1.592614497561670173e-01
8.263518223330695855e-01 1.732142296397936043e-01
8.107487556395898132e-01 1.868261807065421665e-01
7.951933319348093443e-01 2.001024757667544673e-01
7.796894672134594417e-01 2.130469131592346022e-01
7.642410644905727191e-01 2.256617781866878947e-01
7.488520128189207758e-01 2.379478345561501784e-01
7.335261863099650226e-01 2.499044131780395472e-01
7.182674431585703845e-01 2.615295694916545677e-01
7.030796246717250231e-01 2.728202843558368285e-01
6.879665543015128781e-01 2.837726873873026578e-01
6.729320366825783939e-01 2.943822853705144182e-01
6.579798566743311206e-01 3.046441819357889047e-01
6.431137784081281117e-01 3.145532780503083048e-01
6.283375443396724824e-01 3.241044459435858394e-01
6.136548743068714895e-01 3.332926718586797787e-01
5.990694645933862805e-01 3.421131654571601954e-01
5.845849869981135649e-01 3.505614357933236613e-01
5.702050879108284676e-01 3.586333355046466553e-01
5.559333873942259308e-01 3.663250762428281737e-01
5.417734782725895926e-01 3.736332194028309517e-01
5.277289252273172915e-01 3.805546469129516551e-01
5.138032638995313484e-01 3.870865172501228302e-01
5.000000000000001110e-01 3.932262119694087121e-01
4.863226084265935834e-01 3.989712779171005197e-01
4.727745323894976259e-01 4.043193699679265007e-01
4.593591825444023335e-01 4.092681986256024862e-01
4.460799361338897429e-01 4.138154861899720482e-01
4.329401361372292589e-01 4.179589344609901946e-01
4.199430904288018462e-01 4.216962061563481190e-01
4.070920709453594855e-01 4.250249214003848919e-01
3.943903128623333920e-01 4.279426698292399522e-01
3.818410137793947223e-01 4.304470380799447771e-01
3.694473329154774888e-01 4.325356517146237145e-01
3.572123903134606371e-01 4.342062299964003502e-01
3.451392660547150104e-01 4.354566513978835873e-01
3.332309994837083789e-01 4.362850272987320310e-01
3.214905884428678196e-01 4.366897810237145294e-01
3.099209885178879631e-01 4.366697291905951017e-01
2.985251122936787294e-01 4.362241622774957750e-01
2.873058286211370715e-01 4.353529213777676543e-01
2.762659618949298013e-01 4.340564682789293527e-01
2.654082913424666845e-01 4.323359462699821743e-01
2.547355503242452190e-01 4.301932294348875252e-01
2.442504256457417311e-01 4.276309586137075347e-01
2.339555568810219865e-01 4.246525626898826067e-01
2.238535357082431787e-01 4.212622643745322359e-01
2.139469052572124941e-01 4.174650701883256820e-01
2.042381594691679014e-01 4.132667448704636648e-01
1.947297424689413692e-01 4.086737709553934783e-01
1.854240479496642724e-01 4.036932947350915235e-01
1.763234185701672008e-01 3.983330602536522824e-01
1.674301453652287108e-01 3.926013333491601420e-01
1.587464671688187945e-01 3.865068180551863297e-01
1.502745700504856119e-01 3.800585678931063804e-01
1.420165867650229341e-01 3.732658947216653256e-01
1.339745962155614034e-01 3.661382778594248766e-01
1.261506229302150617e-01 3.586852761591625693e-01
1.185466365524179277e-01 3.509164455937329175e-01
1.111645513450765232e-01 3.428412647155807957e-01
1.040062257086641351e-01 3.344690700844022424e-01
9.707346171337882801e-02 3.258090034287234871e-01
9.036800464548166989e-02 3.168699719283196159e-01
8.389154256793041053e-02 3.076606225876357126e-01
7.764570589541863743e-02 2.981893312287559050e-01
7.163206698392743377e-02 2.884642061795406054e-01
6.585213973489323358e-02 2.784931062820003023e-01
6.030737921409157209e-02 2.682836724110957971e-01
5.499918128533154427e-02 2.578433712876918027e-01
4.992888225905456334e-02 2.471795500029703163e-01
4.509775855592612626e-02 2.362994993556118972e-01
4.050702638550263135e-02 2.252105238461850067e-01
3.615784144005795842e-02 2.139200159824336811e-01
3.205129860364375194e-02 2.024355324293972136e-01
2.818843167645834757e-02 1.907648694924532484e-01
2.457021311459295365e-02 1.789161354500818646e-01
2.119755378522125699e-02 1.668978173550125510e-01
1.807130273729329328e-02 1.547188400938710462e-01
1.519224698779197968e-02 1.423886157310572942e-01
1.256111132360571148e-02 1.299170814550590636e-01
1.017855811906731578e-02 1.173147247859463588e-01
8.045187169204659483e-03 1.045925950812476440e-01
6.161535538745877005e-03 9.176230078267137713e-02
4.528077426915411152e-03 7.883599226633085377e-02
3.145224048057615462e-03 6.582633058214439059e-02
2.013323528115562588e-03 5.274644278160160044e-02
1.132660816992037134e-03 3.960986492533821735e-02
5.034576168149174080e-04 2.643047422164580829e-02
1.258723261249317105e-04 1.322241206390803274e-02
0.000000000000000000e+00 0.000000000000000000e+00
1.258723261249317105e-04 -1.296606282717479436e-02
5.034576168149174080e-04 -2.590783426024008060e-02
1.132660816992037134e-03 -3.880120885127737174e-02
2.013323528115562588e-03 -5.162257295033297749e-02
3.145224048057615462e-03 -6.434903581954780349e-02
4.528077426915411152e-03 -7.695864345013417318e-02
6.161535538745877005e-03 -8.943057005988781782e-02
8.045187169204659483e-03 -1.017452828596285830e-01
1.017855811906731578e-02 -1.138846764079794599e-01
1.256111132360571148e-02 -1.258321737049789280e-01
1.519224698779197968e-02 -1.375727920831155693e-01
1.807130273729329328e-02 -1.490931729141544704e-01
2.119755378522125699e-02 -1.603815751349325358e-01
2.457021311459295365e-02 -1.714278335775246687e-01
2.818843167645834757e-02 -1.822232840413447463e-01
3.205129860364375194e-02 -1.927606579400395481e-01
3.615784144005795842e-02 -2.030339501691685034e-01
4.050702638550263135e-02 -2.130382645485540405e-01
4.509775855592612626e-02 -2.227696417755935521e-01
4.992888225905456334e-02 -2.322248752659391569e-01
5.499918128533154427e-02 -2.414013205429249853e-01
6.030737921409157209e-02 -2.502967039583808284e-01
6.585213973489323358e-02 -2.589089364811055782e-01
7.163206698392743377e-02 -2.672359380760430669e-01
7.764570589541863743e-02 -2.752754778227566868e-01
8.389154256793041053e-02 -2.830250343963497395e-01
9.036800464548166989e-02 -2.904816808722612831e-01
9.707346171337882801e-02 -2.976419970371831369e-01
1.040062257086641351e-01 -3.045020115140534833e-01
1.111645513450765232e-01 -3.110571750651269785e-01
1.185466365524179277e-01 -3.173023654512366343e-01
1.261506229302150617e-01 -3.232319232268781040e-01
1.339745962155614034e-01 -3.288397168697508866e-01
1.420165867650229341e-01 -3.341192347099105064e-01
1.502745700504856119e-01 -3.390637002667195032e-01
1.587464671688187945e-01 -3.436662068486202037e-01
1.674301453652287108e-01 -3.479198666459025757e-01
1.763234185701672008e-01 -3.518179690712868735e-01
1.854240479496642724e-01 -3.553541427942744635e-01
1.947297424689413692e-01 -3.585225157851172351e-01
2.042381594691679014e-01 -3.613178677399762062e-01
2.139469052572124941e-01 -3.637357695018235137e-01
2.238535357082431787e-01 -3.657727045176091263e-01
2.339555568810219865e-01 -3.674261679709694972e-01
2.442504256457417311e-01 -3.686947399854388352e-01
2.547355503242452190e-01 -3.695781301844011102e-01
2.654082913424666845e-01 -3.700771918945701677e-01
2.762659618949298013e-01 -3.701939053588808037e-01
2.873058286211370715e-01 -3.699313304479827091e-01
2.985251122936787294e-01 -3.692935304899442883e-01
3.099209885178879631e-01 -3.682854699364956907e-01
3.214905884428678196e-01 -3.669128896117101468e-01
3.332309994837083789e-01 -3.651821642066026552e-01
3.451392660547150104e-01 -3.631001474535957563e-01
3.572123903134606371e-01 -3.606740110041488645e-01
3.694473329154774888e-01 -3.579110834112386175e-01
3.818410137793947223e-01 -3.548186957614821724e-01
3.943903128623333920e-01 -3.514040403916290911e-01
4.070920709453594855e-01 -3.476740487505935451e-01
4.199430904288018462e-01 -3.436352938291051817e-01
4.329401361372292589e-01 -3.392939216814235825e-01
4.460799361338897429e-01 -3.346556154237565472e-01
4.593591825444023335e-01 -3.297255937381611823e-01
4.727745323894976259e-01 -3.245086443745200944e-01
4.863226084265935834e-01 -3.190091914718217736e-01
5.000000000000001110e-01 -3.132313937674588433e-01
5.138032638995313484e-01 -3.071792689916871821e-01
5.277289252273172915e-01 -3.008568380228698880e-01
5.417734782725895926e-01 -2.942682807824908986e-01
5.559333873942259308e-01 -2.874180944561155471e-01
5.702050879108284676e-01 -2.803112435188792606e-01
5.845849869981135649e-01 -2.729532903034416202e-01
5.990694645933862805e-01 -2.653504945547910387e-01
6.136548743068714895e-01 -2.575098706459647002e-01
6.283375443396724824e-01 -2.494391919516555922e-01
6.431137784081281117e-01 -2.411469333542254345e-01
6.579798566743311206e-01 -2.326421450394177692e-01
6.729320366825783939e-01 -2.239342536645869963e-01
6.879665543015128781e-01 -2.150327906728836946e-01
7.030796246717250231e-01 -2.059470519878495998e-01
7.182674431585703845e-01 -1.966856985408341196e-01
7.335261863099650226e-01 -1.872563130249648988e-01
7.488520128189207758e-01 -1.776649348793465644e-01
7.642410644905727191e-01 -1.679156027091563697e-01
7.796894672134594417e-01 -1.580099410426607787e-01
7.951933319348093443e-01 -1.479468363943551579e-01
8.107487556395898132e-01 -1.377222559026248794e-01
8.263518223330695855e-01 -1.273292701786973291e-01
8.419986040266501659e-01 -1.167583502609132184e-01
8.576851617267149397e-01 -1.059980165179476158e-01
8.734075464262507360e-01 -9.503592477633288071e-02
8.891618000989889303e-01 -8.386048164069641320e-02
9.049439566958173975e-01 -7.246308670164579302e-02
9.207500431432115162e-01 -6.084110385516255937e-02
9.365760803434354242e-01 -4.900166705866859651e-02
9.524180841762578398e-01 -3.696642729810820788e-02
9.682720665019324269e-01 -2.477734712313090643e-02
9.841340361651920166e-01 -1.250364662451740501e-02
9.999999999999998890e-01 -2.500000000000853319e-04
