9.999999999999998890e-01 2.500000000000907529e-04
9.841340361651920166e-01 1.305831010450449192e-02
9.682720665019324269e-01 2.550050334314911057e-02
9.524180841762578398e-01 3.752096566272343503e-02
9.365760803434354242e-01 4.907041422997218683e-02
9.207500431432115162e-01 6.010725370339339846e-02
9.049439566958173975e-01 7.059842991616992192e-02
8.891618000989889303e-01 8.051984328260804180e-02
8.734075464262507360e-01 8.985638422839953288e-02
8.576851617267149397e-01 9.860165187731967373e-02
8.419986040266501659e-01 1.067574152135271071e-01
8.263518223330695855e-01 1.143328730971752971e-01
8.107487556395898132e-01 1.213437659645684730e-01
7.951933319348093443e-01 1.278113879184324120e-01
7.796894672134594417e-01 1.337615433352621896e-01
7.642410644905727191e-01 1.392234872096018150e-01
7.488520128189207758e-01 1.442288833400213466e-01
7.335261863099650226e-01 1.488108092532302307e-01
7.182674431585703845e-01 1.530028315684494322e-01
7.030796246717250231e-01 1.568381704222156503e-01
6.879665543015128781e-01 1.603489666924280688e-01
6.729320366825783939e-01 1.635656611568796215e-01
6.579798566743311206e-01 1.665164904612065622e-01
6.431137784081281117e-01 1.692271009075012878e-01
6.283375443396724824e-01 1.717202776488208349e-01
6.136548743068714895e-01 1.740157839153460839e-01
5.990694645933862805e-01 1.761303024219836311e-01
5.845849869981135649e-01 1.780774691203437510e-01
5.702050879108284676e-01 1.798679879552352867e-01
5.559333873942259308e-01 1.815098142522531266e-01
5.417734782725895926e-01 1.830083937751161571e-01
5.277289252273172915e-01 1.843669443179135892e-01
5.138032638995313484e-01 1.855867669006935616e-01
5.000000000000001110e-01 1.866675741740763950e-01
4.863226084265935834e-01 1.876078244631320391e-01
4.727745323894976259e-01 1.884050509433719822e-01
4.593591825444023335e-01 1.890561766918355258e-01
4.460799361338897429e-01 1.895578077432127917e-01
4.329401361372292589e-01 1.899064977551511157e-01
4.199430904288018462e-01 1.900989794007654221e-01
4.070920709453594855e-01 1.901323591154073511e-01
3.943903128623333920e-01 1.900042732882113727e-01
3.818410137793947223e-01 1.897130053706239106e-01
3.694473329154774888e-01 1.892575646428303338e-01
3.572123903134606371e-01 1.886377285089471667e-01
3.451392660547150104e-01 1.878540511629110121e-01
3.332309994837083789e-01 1.869078422647882931e-01
3.214905884428678196e-01 1.858011198830677724e-01
3.099209885178879631e-01 1.845365423892361412e-01
2.985251122936787294e-01 1.831173242386610889e-01
2.873058286211370715e-01 1.815471406434427393e-01
2.762659618949298013e-01 1.798300260497160963e-01
2.654082913424666845e-01 1.779702710889453643e-01
2.547355503242452190e-01 1.759723222982404189e-01
2.442504256457417311e-01 1.738406884193277324e-01
2.339555568810219865e-01 1.715798565119842078e-01
2.238535357082431787e-01 1.691942204790365389e-01
2.139469052572124941e-01 1.666880239203846481e-01
2.042381594691679014e-01 1.640653185365872901e-01
1.947297424689413692e-01 1.613299386111256006e-01
1.854240479496642724e-01 1.584854914358425626e-01
1.763234185701672008e-01 1.555353629255772085e-01
1.674301453652287108e-01 1.524827371126123987e-01
1.587464671688187945e-01 1.493306277334256194e-01
1.502745700504856119e-01 1.460819197305639749e-01
1.420165867650229341e-01 1.427394181992649447e-01
1.339745962155614034e-01 1.393059021164874123e-01
1.261506229302150617e-01 1.357841801008113358e-01
1.185466365524179277e-01 1.321771454635947141e-01
1.111645513450765232e-01 1.284878279202474327e-01
1.040062257086641351e-01 1.247194395281839147e-01
9.707346171337882801e-02 1.208754126952330393e-01
9.036800464548166989e-02 1.169594284472552786e-01
8.389154256793041053e-02 1.129754335430569051e-01
7.764570589541863743e-02 1.089276454638117841e-01
7.163206698392743377e-02 1.048205447677878766e-01
6.585213973489323358e-02 1.006588547736300826e-01
6.030737921409157209e-02 9.644750900136385419e-02
5.499918128533154427e-02 9.219160724485939151e-02
4.992888225905456334e-02 8.789636155897617709e-02
4.509775855592612626e-02 8.356703380661729963e-02
4.050702638550263135e-02 7.920886671481683350e-02
3.615784144005795842e-02 7.482701062610906673e-02
3.205129860364375194e-02 7.042644829529481898e-02
2.818843167645834757e-02 6.601192016820835173e-02
2.457021311459295365e-02 6.158785258644783323e-02
2.119755378522125699e-02 5.715829129094578132e-02
1.807130273729329328e-02 5.272684245073679110e-02
1.519224698779197968e-02 4.829662322657805179e-02
1.256111132360571148e-02 4.387022359946511629e-02
1.017855811906731578e-02 3.944968086063763146e-02
8.045187169204659483e-03 3.503646778297077324e-02
6.161535538745877005e-03 3.063149508547254735e-02
4.528077426915411152e-03 2.623512837554632313e-02
3.145224048057615462e-03 2.184721932082168278e-02
2.013323528115562588e-03 1.746715037681115593e-02
1.132660816992037134e-03 1.309389199129663839e-02
5.034576168149174080e-04 8.726070833337156926e-03
1.258723261249317105e-04 4.362047265281714103e-03
0.000000000000000000e+00 0.000000000000000000e+00
1.258723261249317105e-04 -4.044172599507078920e-03
5.034576168149174080e-04 -8.074050973837142153e-03
1.132660816992037134e-03 -1.207547921217967841e-02
2.013323528115562588e-03 -1.603469872015215320e-02
3.145224048057615462e-03 -1.993853403461730636e-02
4.528077426915411152e-03 -2.377456363236227568e-02
6.161535538745877005e-03 -2.753127141017250312e-02
8.045187169204659483e-03 -3.119817507110925897e-02
1.017855811906731578e-02 -3.476592831766459057e-02
1.256111132360571148e-02 -3.822639450770205782e-02
1.519224698779197968e-02 -4.157269025184012062e-02
1.807130273729329328e-02 -4.479919829729256397e-02
2.119755378522125699e-02 -4.790154992793072691e-02
2.457021311459295365e-02 -5.087657798755152588e-02
2.818843167645834757e-02 -5.372224247722776763e-02
3.205129860364375194e-02 -5.643753146317468522e-02
3.615784144005795842e-02 -5.902234073532912351e-02
4.050702638550263135e-02 -6.147733625755662235e-02
4.509775855592612626e-02 -6.380380392967700820e-02
4.992888225905456334e-02 -6.600349152432577471e-02
5.499918128533154427e-02 -6.807844785692400424e-02
6.030737921409157209e-02 -7.003086428780894157e-02
6.585213973489323358e-02 -7.186292353948893485e-02
7.163206698392743377e-02 -7.357666054123832011e-02
7.764570589541863743e-02 -7.517383959469775556e-02
8.389154256793041053e-02 -7.665585159914121982e-02
9.036800464548166989e-02 -7.802363439922294086e-02
9.707346171337882801e-02 -7.927761854081616377e-02
1.040062257086641351e-01 -8.041769986486967114e-02
1.111645513450765232e-01 -8.144323946071280185e-02
1.185466365524179277e-01 -8.235309056669998240e-02
1.261506229302150617e-01 -8.314565107661908705e-02
1.339745962155614034e-01 -8.381893941452557562e-02
1.420165867650229341e-01 -8.437069070791029801e-02
1.502745700504856119e-01 -8.479846944746144422e-02
1.587464671688187945e-01 -8.509979419718835536e-02
1.674301453652287108e-01 -8.527226943447534235e-02
1.763234185701672008e-01 -8.531371927524662724e-02
1.854240479496642724e-01 -8.522231768997125256e-02
1.947297424689413692e-01 -8.499670985194457407e-02
2.042381594691679014e-01 -8.463611948492107129e-02
2.139469052572124941e-01 -8.414043749177695097e-02
2.238535357082431787e-01 -8.351028774252458597e-02
2.339555568810219865e-01 -8.274706666577870406e-02
2.442504256457417311e-01 -8.185295420393561006e-02
2.547355503242452190e-01 -8.083089473457119589e-02
2.654082913424666845e-01 -7.968454769952001970e-02
2.762659618949298013e-01 -7.841820888495336372e-02
2.873058286211370715e-01 -7.703670452305684535e-02
2.985251122936787294e-01 -7.554526159842255006e-02
3.099209885178879631e-01 -7.394935889812459529e-02
3.214905884428678196e-01 -7.225456440121663659e-02
3.332309994837083789e-01 -7.046636551932246306e-02
3.451392660547150104e-01 -6.858999943527677168e-02
3.572123903134606371e-01 -6.663029130483151541e-02
3.694473329154774888e-01 -6.459150835517761535e-02
3.818410137793947223e-01 -6.247723790706542768e-02
3.943903128623333920e-01 -6.029029704510213000e-02
4.070920709453594855e-01 -5.803268105170740487e-02
4.199430904288018462e-01 -5.570555680130634402e-02
4.329401361372292589e-01 -5.330930608919355607e-02
4.460799361338897429e-01 -5.084362236061749224e-02
4.593591825444023335e-01 -4.830766253677638150e-02
4.727745323894976259e-01 -4.570025364261152967e-02
4.863226084265935834e-01 -4.302015177362451120e-02
5.000000000000001110e-01 -4.026634865207533859e-02
5.138032638995313484e-01 -3.743841868230089048e-02
5.277289252273172915e-01 -3.453689709373633510e-02
5.417734782725895926e-01 -3.156367753824047828e-02
5.559333873942259308e-01 -2.852241547014300674e-02
5.702050879108284676e-01 -2.541892187087319704e-02
5.845849869981135649e-01 -2.226153047411092920e-02
5.990694645933862805e-01 -1.906142069023894839e-02
6.136548743068714895e-01 -1.583287800540032764e-02
6.283375443396724824e-01 -1.259347382010152575e-02
6.431137784081281117e-01 -9.364147566571157794e-03
6.579798566743311206e-01 -6.169175564248001453e-03
6.729320366825783939e-01 -3.036013487505714349e-03
6.879665543015128781e-01 4.997437049261628820e-06
7.030796246717250231e-01 2.921066297524236091e-03
7.182674431585703845e-01 5.677531288730598008e-03
7.335261863099650226e-01 8.238576534395419468e-03
7.488520128189207758e-01 1.056807550940862608e-02
7.642410644905727191e-01 1.263054238182109018e-02
7.796894672134594417e-01 1.439216471705452756e-02
7.951933319348093443e-01 1.582188259249601991e-02
8.107487556395898132e-01 1.689247039154114643e-02
8.263518223330695855e-01 1.758156853554468033e-02
8.419986040266501659e-01 1.787260334303662074e-02
8.576851617267149397e-01 1.775552426868381301e-02
8.734075464262507360e-01 1.722727917585032548e-02
8.891618000989889303e-01 1.629194025466747936e-02
9.049439566958173975e-01 1.496038593979066161e-02
9.207500431432115162e-01 1.324943794138785068e-02
9.365760803434354242e-01 1.118034751356511251e-02
9.524180841762578398e-01 8.776521577525415313e-03
9.682720665019324269e-01 6.060377515769604581e-03
9.841340361651920166e-01 3.049215569699613090e-03
9.999999999999998890e-01 -2.499999999999758817e-04
