9.999999999999998890e-01 2.500000000001291879e-04
9.841340361651920166e-01 1.868773144138462239e-02
9.682720665019324269e-01 3.698494120344107683e-02
9.524180841762578398e-01 5.504775903544028431e-02
9.365760803434354242e-01 7.281034663209287605e-02
9.207500431432115162e-01 9.022944500101767740e-02
9.049439566958173975e-01 1.072795486624900513e-01
8.891618000989889303e-01 1.239486878042162649e-01
8.734075464262507360e-01 1.402347932277362430e-01
8.576851617267149397e-01 1.561426135474063004e-01
8.419986040266501659e-01 1.716811496443554630e-01
8.263518223330695855e-01 1.868615678297078642e-01
8.107487556395898132e-01 2.016955505146397210e-01
7.951933319348093443e-01 2.161940413889715529e-01
7.796894672134594417e-01 2.303663411340596545e-01
7.642410644905727191e-01 2.442195094896348895e-01
7.488520128189207758e-01 2.577580299998067925e-01
7.335261863099650226e-01 2.709836949159639130e-01
7.182674431585703845e-01 2.838956694636085576e-01
7.030796246717250231e-01 2.964906969121818281e-01
6.879665543015128781e-01 3.087634085448512922e-01
6.729320366825783939e-01 3.207067056309482189e-01
6.579798566743311206e-01 3.323121837789914657e-01
6.431137784081281117e-01 3.435705735159295671e-01
6.283375443396724824e-01 3.544721745234694632e-01
6.136548743068714895e-01 3.650072645934922533e-01
5.990694645933862805e-01 3.751664679741884001e-01
5.845849869981135649e-01 3.849410713042148990e-01
5.702050879108284676e-01 3.943232787172054055e-01
5.559333873942259308e-01 4.033064008929177491e-01
5.417734782725895926e-01 4.118849757905236886e-01
5.277289252273172915e-01 4.200548214874029185e-01
5.138032638995313484e-01 4.278130239339577590e-01
5.000000000000001110e-01 4.351578644993673306e-01
4.863226084265935834e-01 4.420886939101096869e-01
4.727745323894976259e-01 4.486057605648154922e-01
4.593591825444023335e-01 4.547100022447830292e-01
4.460799361338897429e-01 4.604028109348859421e-01
4.329401361372292589e-01 4.656857808363006890e-01
4.199430904288018462e-01 4.705604497075629999e-01
4.070920709453594855e-01 4.750280434358871151e-01
3.943903128623333920e-01 4.790892332426411326e-01
3.818410137793947223e-01 4.827439141950400914e-01
3.694473329154774888e-01 4.859910127630110988e-01
3.572123903134606371e-01 4.888283300603430970e-01
3.451392660547150104e-01 4.912524261785496948e-01
3.332309994837083789e-01 4.932585496968677763e-01
3.214905884428678196e-01 4.948406150688594018e-01
3.099209885178879631e-01 4.959912291808465379e-01
2.985251122936787294e-01 4.967017669841219396e-01
2.873058286211370715e-01 4.969624947538480164e-01
2.762659618949298013e-01 4.967627382525667823e-01
2.654082913424666845e-01 4.960910919021831456e-01
2.547355503242452190e-01 4.949356640187083656e-01
2.442504256457417311e-01 4.932843522588988838e-01
2.339555568810219865e-01 4.911251426832909939e-01
2.238535357082431787e-01 4.884464252681015028e-01
2.139469052572124941e-01 4.852373183070528562e-01
2.042381594691679014e-01 4.814879939373224449e-01
1.947297424689413692e-01 4.771899970014408243e-01
1.854240479496642724e-01 4.723365496151606391e-01
1.763234185701672008e-01 4.669228341424918605e-01
1.674301453652287108e-01 4.609462477723351714e-01
1.587464671688187945e-01 4.544066225323826202e-01
1.502745700504856119e-01 4.473064053485372171e-01
1.420165867650229341e-01 4.396507936429960295e-01
1.339745962155614034e-01 4.314478229405175891e-01
1.261506229302150617e-01 4.227084039979946972e-01
1.185466365524179277e-01 4.134463080640946586e-01
1.111645513450765232e-01 4.036780999897607858e-01
1.040062257086641351e-01 3.934230200231650376e-01
9.707346171337882801e-02 3.827028162110865939e-01
9.036800464548166989e-02 3.715415303703807903e-01
8.389154256793041053e-02 3.599652415672519035e-01
7.764570589541863743e-02 3.480017719291733647e-01
7.163206698392743377e-02 3.356803603972453587e-01
6.585213973489323358e-02 3.230313106906366749e-01
6.030737921409157209e-02 3.100856202871318246e-01
5.499918128533154427e-02 2.968745976150863330e-01
4.992888225905456334e-02 2.834294748955900611e-01
4.509775855592612626e-02 2.697810241655699826e-01
4.050702638550263135e-02 2.559591839522343815e-01
3.615784144005795842e-02 2.419927038589151091e-01
3.205129860364375194e-02 2.279088139671327506e-01
2.818843167645834757e-02 2.137329254675441326e-01
2.457021311459295365e-02 1.994883683138028718e-01
2.119755378522125699e-02 1.851961709611678331e-01
1.807130273729329328e-02 1.708748864208556595e-01
1.519224698779197968e-02 1.565404679484434514e-01
1.256111132360571148e-02 1.422061967082596801e-01
1.017855811906731578e-02 1.278826627350110878e-01
8.045187169204659483e-03 1.135777994689192855e-01
6.161535538745877005e-03 9.929697109182472614e-02
4.528077426915411152e-03 8.504311085941418380e-02
3.145224048057615462e-03 7.081690762900066938e-02
2.013323528115562588e-03 5.661703684223039906e-02
1.132660816992037134e-03 4.244043135590634674e-02
5.034576168149174080e-04 2.828258673834042197e-02
1.258723261249317105e-04 1.413789497814669539e-02
0.000000000000000000e+00 0.000000000000000000e+00
1.258723261249317105e-04 -1.302052104915740575e-02
5.034576168149174080e-04 -2.599416819717858748e-02
1.132660816992037134e-03 -3.887473515438259059e-02
2.013323528115562588e-03 -5.161746053565226949e-02
3.145224048057615462e-03 -6.417971019288945533e-02
4.528077426915411152e-03 -7.652161247290699408e-02
6.161535538745877005e-03 -8.860663247862630987e-02
8.045187169204659483e-03 -1.004020728720226158e-01
1.017855811906731578e-02 -1.118794905144504942e-01
1.256111132360571148e-02 -1.230150202506323787e-01
1.519224698779197968e-02 -1.337895993572824627e-01
1.807130273729329328e-02 -1.441890885415550994e-01
2.119755378522125699e-02 -1.542042878301981834e-01
2.457021311459295365e-02 -1.638308481769505665e-01
2.818843167645834757e-02 -1.730690820722418644e-01
3.205129860364375194e-02 -1.819236788051480924e-01
3.615784144005795842e-02 -1.904033322446546106e-01
4.050702638550263135e-02 -1.985202910210604188e-01
4.509775855592612626e-02 -2.062898427493614073e-01
4.992888225905456334e-02 -2.137297454015167630e-01
5.499918128533154427e-02 -2.208596200678565880e-01
6.030737921409157209e-02 -2.277003201220446915e-01
6.585213973489323358e-02 -2.342732922005431595e-01
7.163206698392743377e-02 -2.405999444174511948e-01
7.764570589541863743e-02 -2.467010368597892522e-01
8.389154256793041053e-02 -2.525961086573563219e-01
9.036800464548166989e-02 -2.583029548154142652e-01
9.707346171337882801e-02 -2.638371645669317922e-01
1.040062257086641351e-01 -2.692117312816456054e-01
1.111645513450765232e-01 -2.744367420069241947e-01
1.185466365524179277e-01 -2.795191525619246109e-01
1.261506229302150617e-01 -2.844626518184164565e-01
1.339745962155614034e-01 -2.892676164392249394e-01
1.420165867650229341e-01 -2.939311549709353599e-01
1.502745700504856119e-01 -2.984472378642378243e-01
1.587464671688187945e-01 -3.028069077849371848e-01
1.674301453652287108e-01 -3.069985625402626428e-01
1.763234185701672008e-01 -3.110083011334865422e-01
1.854240479496642724e-01 -3.148203219239333328e-01
1.947297424689413692e-01 -3.184173606510117827e-01
2.042381594691679014e-01 -3.217811552133451602e-01
2.139469052572124941e-01 -3.248929236014047595e-01
2.238535357082431787e-01 -3.277338412781681809e-01
2.339555568810219865e-01 -3.302855045903975162e-01
2.442504256457417311e-01 -3.325303674654471187e-01
2.547355503242452190e-01 -3.344521396864121310e-01
2.654082913424666845e-01 -3.360361364127179562e-01
2.762659618949298013e-01 -3.372695702847098853e-01
2.873058286211370715e-01 -3.381417793711469777e-01
2.985251122936787294e-01 -3.386443863314852476e-01
3.099209885178879631e-01 -3.387713864076628001e-01
3.214905884428678196e-01 -3.385191641650091010e-01
3.332309994837083789e-01 -3.378864411980169735e-01
3.451392660547150104e-01 -3.368741592318701406e-01
3.572123903134606371e-01 -3.354853051135215369e-01
3.694473329154774888e-01 -3.337246860282791494e-01
3.818410137793947223e-01 -3.315986648358343336e-01
3.943903128623333920e-01 -3.291148666369297926e-01
4.070920709453594855e-01 -3.262818685108719308e-01
4.199430904288018462e-01 -3.231088847679122744e-01
4.329401361372292589e-01 -3.196054600145546432e-01
4.460799361338897429e-01 -3.157811818229482870e-01
4.593591825444023335e-01 -3.116454238312129643e-01
4.727745323894976259e-01 -3.072071286985029182e-01
4.863226084265935834e-01 -3.024746385311434804e-01
5.000000000000001110e-01 -2.974555782340000953e-01
5.138032638995313484e-01 -2.921567947891366424e-01
5.277289252273172915e-01 -2.865843528006248864e-01
5.417734782725895926e-01 -2.807435838617470258e-01
5.559333873942259308e-01 -2.746391845015135891e-01
5.702050879108284676e-01 -2.682753547631727686e-01
5.845849869981135649e-01 -2.616559669765136653e-01
5.990694645933862805e-01 -2.547847521304378859e-01
6.136548743068714895e-01 -2.476654895554414870e-01
6.283375443396724824e-01 -2.403021845079083840e-01
6.431137784081281117e-01 -2.326992178242790477e-01
6.579798566743311206e-01 -2.248614521888784856e-01
6.729320366825783939e-01 -2.167942808274734290e-01
6.879665543015128781e-01 -2.085036066765365570e-01
7.030796246717250231e-01 -1.999957433435609055e-01
7.182674431585703845e-01 -1.912772335023047721e-01
7.335261863099650226e-01 -1.823545857694028327e-01
7.488520128189207758e-01 -1.732339375691341887e-01
7.642410644905727191e-01 -1.639206589661408031e-01
7.796894672134594417e-01 -1.544189208561499715e-01
7.951933319348093443e-01 -1.447312601459700698e-01
8.107487556395898132e-01 -1.348581844888251391e-01
8.263518223330695855e-01 -1.247978696016419226e-01
8.419986040266501659e-01 -1.145460129801266491e-01
8.576851617267149397e-01 -1.040959187210347275e-01
8.734075464262507360e-01 -9.343889890996441572e-02
8.891618000989889303e-01 -8.256508736704566698e-02
9.049439566958173975e-01 -7.146477117446434213e-02
9.207500431432115162e-01 -6.013035403860221562e-02
9.365760803434354242e-01 -4.855907285785872329e-02
9.524180841762578398e-01 -3.675659456524101726e-02
9.682720665019324269e-01 -2.474162408696725657e-02
9.841340361651920166e-01 -1.255165580954378107e-02
9.999999999999998890e-01 -2.500000000000862535e-04
