9.999999999999998890e-01 2.500000000001639908e-04
9.841340361651920166e-01 2.350695274040746560e-02
9.682720665019324269e-01 4.612652253065879782e-02
9.524180841762578398e-01 6.779316941896461335e-02
9.365760803434354242e-01 8.830866324338826345e-02
9.207500431432115162e-01 1.075680035134500140e-01
9.049439566958173975e-01 1.255384312765462085e-01
8.891618000989889303e-01 1.422413578213411467e-01
8.734075464262507360e-01 1.577370158285893165e-01
8.576851617267149397e-01 1.721116243411982272e-01
8.419986040266501659e-01 1.854668494273266910e-01
8.263518223330695855e-01 1.979113373377610618e-01
8.107487556395898132e-01 2.095540959527484315e-01
7.951933319348093443e-01 2.204995029803723527e-01
7.796894672134594417e-01 2.308437252893769942e-01
7.642410644905727191e-01 2.406723424985297566e-01
7.488520128189207758e-01 2.500589790586220662e-01
7.335261863099650226e-01 2.590647621087975305e-01
7.182674431585703845e-01 2.677384369305996770e-01
7.030796246717250231e-01 2.761169874402957802e-01
6.879665543015128781e-01 2.842266254529057790e-01
6.729320366825783939e-01 2.920840290465920863e-01
6.579798566743311206e-01 2.996977269110718267e-01
6.431137784081281117e-01 3.070695417704923380e-01
6.283375443396724824e-01 3.141960215589485461e-01
6.136548743068714895e-01 3.210698017638147217e-01
5.990694645933862805e-01 3.276808560467360798e-01
5.845849869981135649e-01 3.340176047531026038e-01
5.702050879108284676e-01 3.400678621164519022e-01
5.559333873942259308e-01 3.458196127811181686e-01
5.417734782725895926e-01 3.512616166675778806e-01
5.277289252273172915e-01 3.563838481871108299e-01
5.138032638995313484e-01 3.611777814032535727e-01
5.000000000000001110e-01 3.656365369920652753e-01
4.863226084265935834e-01 3.697549098502604381e-01
4.727745323894976259e-01 3.735292980383738692e-01
4.593591825444023335e-01 3.769575545397961802e-01
4.460799361338897429e-01 3.800387831920560844e-01
4.329401361372292589e-01 3.827730992383468478e-01
4.199430904288018462e-01 3.851613733933026418e-01
4.070920709453594855e-01 3.872049762562512210e-01
3.943903128623333920e-01 3.889055374736137272e-01
3.818410137793947223e-01 3.902647313800292062e-01
3.694473329154774888e-01 3.912840980569714522e-01
3.572123903134606371e-01 3.919649059493249266e-01
3.451392660547150104e-01 3.923080594733887039e-01
3.332309994837083789e-01 3.923140525191685102e-01
3.214905884428678196e-01 3.919829664659407187e-01
3.099209885178879631e-01 3.913145093481791292e-01
2.985251122936787294e-01 3.903080911689696397e-01
2.873058286211370715e-01 3.889629290850512566e-01
2.762659618949298013e-01 3.872781752923420417e-01
2.654082913424666845e-01 3.852530599206866468e-01
2.547355503242452190e-01 3.828870410869271712e-01
2.442504256457417311e-01 3.801799544310158763e-01
2.339555568810219865e-01 3.771321549364882730e-01
2.238535357082431787e-01 3.737446445727133360e-01
2.139469052572124941e-01 3.700191802450595313e-01
2.042381594691679014e-01 3.659583576499592095e-01
1.947297424689413692e-01 3.615656678525969170e-01
1.854240479496642724e-01 3.568455246833287520e-01
1.763234185701672008e-01 3.518032623342624565e-01
1.674301453652287108e-01 3.464451037821105195e-01
1.587464671688187945e-01 3.407781018241810012e-01
1.502745700504856119e-01 3.348100555534122558e-01
1.420165867650229341e-01 3.285494059841484460e-01
1.339745962155614034e-01 3.220051152483442425e-01
1.261506229302150617e-01 3.151865342948275139e-01
1.185466365524179277e-01 3.081032643323812215e-01
1.111645513450765232e-01 3.007650173583982234e-01
1.040062257086641351e-01 2.931814810134747429e-01
9.707346171337882801e-02 2.853621927099843081e-01
9.036800464548166989e-02 2.773164275167590564e-01
8.389154256793041053e-02 2.690531036650868901e-01
7.764570589541863743e-02 2.605807088000300920e-01
7.163206698392743377e-02 2.519072492656054818e-01
6.585213973489323358e-02 2.430402238146915639e-01
6.030737921409157209e-02 2.339866222077944813e-01
5.499918128533154427e-02 2.247529482420494440e-01
4.992888225905456334e-02 2.153452658650084062e-01
4.509775855592612626e-02 2.057692662066783473e-01
4.050702638550263135e-02 1.960303526347758341e-01
3.615784144005795842e-02 1.861337403253383038e-01
3.205129860364375194e-02 1.760845663623244184e-01
2.818843167645834757e-02 1.658880060494745401e-01
2.457021311459295365e-02 1.555493909440500422e-01
2.119755378522125699e-02 1.450743241083745083e-01
1.807130273729329328e-02 1.344687882192193429e-01
1.519224698779197968e-02 1.237392424697480037e-01
1.256111132360571148e-02 1.128927046317741156e-01
1.017855811906731578e-02 1.019368152010242112e-01
8.045187169204659483e-03 9.087988120458725949e-02
6.161535538745877005e-03 7.973089798444910059e-02
4.528077426915411152e-03 6.849954805822718040e-02
3.145224048057615462e-03 5.719617697090257497e-02
2.013323528115562588e-03 4.583174686170568557e-02
1.132660816992037134e-03 3.441776925108235019e-02
5.034576168149174080e-04 2.296621927760145176e-02
1.258723261249317105e-04 1.148943425960962696e-02
0.000000000000000000e+00 0.000000000000000000e+00
1.258723261249317105e-04 -1.114258962294743978e-02
5.034576168149174080e-04 -2.226445186296224441e-02
1.132660816992037134e-03 -3.334496400171441804e-02
2.013323528115562588e-03 -4.436383553167005250e-02
3.145224048057615462e-03 -5.530126680815619644e-02
4.528077426915411152e-03 -6.613809890197629160e-02
6.161535538745877005e-03 -7.685595197372920018e-02
8.045187169204659483e-03 -8.743734970424275887e-02
1.017855811906731578e-02 -9.786582757616782424e-02
1.256111132360571148e-02 -1.081260231059010674e-01
1.519224698779197968e-02 -1.182037464679927125e-01
1.807130273729329328e-02 -1.280860303306345094e-01
2.119755378522125699e-02 -1.377611581247827621e-01
2.457021311459295365e-02 -1.472186703942138242e-01
2.818843167645834757e-02 -1.564493493121852929e-01
3.205129860364375194e-02 -1.654451818946465758e-01
3.615784144005795842e-02 -1.741993028820205125e-01
4.050702638550263135e-02 -1.827059186930411194e-01
4.509775855592612626e-02 -1.909602142663961721e-01
4.992888225905456334e-02 -1.989582449903238570e-01
5.499918128533154427e-02 -2.066968162683043841e-01
6.030737921409157209e-02 -2.141733535722512849e-01
6.585213973489323358e-02 -2.213857660852702747e-01
7.163206698392743377e-02 -2.283323072268060583e-01
7.764570589541863743e-02 -2.350114354773707448e-01
8.389154256793041053e-02 -2.414216789724813461e-01
9.036800464548166989e-02 -2.475615073115698117e-01
9.707346171337882801e-02 -2.534292139244349595e-01
1.040062257086641351e-01 -2.590228121537280215e-01
1.111645513450765232e-01 -2.643399479471270075e-01
1.185466365524179277e-01 -2.693778317091441998e-01
1.261506229302150617e-01 -2.741331914436919703e-01
1.339745962155614034e-01 -2.786022488303044886e-01
1.420165867650229341e-01 -2.827807193269579189e-01
1.502745700504856119e-01 -2.866638367903655560e-01
1.587464671688187945e-01 -2.902464024619730298e-01
1.674301453652287108e-01 -2.935228574979403260e-01
1.763234185701672008e-01 -2.964873775390736710e-01
1.854240479496642724e-01 -2.991339871383005278e-01
1.947297424689413692e-01 -3.014566912063035842e-01
2.042381594691679014e-01 -3.034496200186128090e-01
2.139469052572124941e-01 -3.051071837685258026e-01
2.238535357082431787e-01 -3.064242321684265136e-01
2.339555568810219865e-01 -3.073962142157536936e-01
2.442504256457417311e-01 -3.080193329664732693e-01
2.547355503242452190e-01 -3.082906900144899986e-01
2.654082913424666845e-01 -3.082084143741178894e-01
2.762659618949298013e-01 -3.077717706162308997e-01
2.873058286211370715e-01 -3.069812414257667710e-01
2.985251122936787294e-01 -3.058385802341875848e-01
3.099209885178879631e-01 -3.043468302367263734e-01
3.214905884428678196e-01 -3.025103069278800016e-01
3.332309994837083789e-01 -3.003345422721326319e-01
3.451392660547150104e-01 -2.978261897578398099e-01
3.572123903134606371e-01 -2.949928908430298202e-01
3.694473329154774888e-01 -2.918431046698015119e-01
3.818410137793947223e-01 -2.883859043711076708e-01
3.943903128623333920e-01 -2.846307447869870777e-01
4.070920709453594855e-01 -2.805872079090159787e-01
4.199430904288018462e-01 -2.762647338396735375e-01
4.329401361372292589e-01 -2.716723464414469991e-01
4.460799361338897429e-01 -2.668183841095158604e-01
4.593591825444023335e-01 -2.617102471800251129e-01
4.727745323894976259e-01 -2.563541743299753151e-01
4.863226084265935834e-01 -2.507550608807652681e-01
5.000000000000001110e-01 -2.449163321321264630e-01
5.138032638995313484e-01 -2.388398846750778015e-01
5.277289252273172915e-01 -2.325261080130825442e-01
5.417734782725895926e-01 -2.259739977157026181e-01
5.559333873942259308e-01 -2.191813697002435168e-01
5.702050879108284676e-01 -2.121451830528032767e-01
5.845849869981135649e-01 -2.048619760377548560e-01
5.990694645933862805e-01 -1.973284165906364074e-01
6.136548743068714895e-01 -1.895419646411897197e-01
6.283375443396724824e-01 -1.815016390802807189e-01
6.431137784081281117e-01 -1.732088770889449181e-01
6.579798566743311206e-01 -1.646684679257954531e-01
6.729320366825783939e-01 -1.558895371706885968e-01
6.879665543015128781e-01 -1.468865509127078861e-01
7.030796246717250231e-01 -1.376803025287476057e-01
7.182674431585703845e-01 -1.282988376194486302e-01
7.335261863099650226e-01 -1.187782654603262711e-01
7.488520128189207758e-01 -1.091633981095205541e-01
7.642410644905727191e-01 -9.950815122407657976e-02
7.796894672134594417e-01 -8.987563381958343922e-02
7.951933319348093443e-01 -8.033784781855998758e-02
8.107487556395898132e-01 -7.097491243403157568e-02
8.263518223330695855e-01 -6.187372339472391181e-02
8.419986040266501659e-01 -5.312595290871066633e-02
8.576851617267149397e-01 -4.482529325516693836e-02
8.734075464262507360e-01 -3.706384515862210655e-02
8.891618000989889303e-01 -2.992755180086398292e-02
9.049439566958173975e-01 -2.349058061785235310e-02
9.207500431432115162e-01 -1.780855805624340094e-02
9.365760803434354242e-01 -1.291056735481973042e-02
9.524180841762578398e-01 -8.789826280276585510e-03
9.682720665019324269e-01 -5.392970672825273329e-03
9.841340361651920166e-01 -2.607880708689686283e-03
9.999999999999998890e-01 -2.500000000000155635e-04
