9.999999999999998890e-01 2.500000000000739478e-04
9.841340361651920166e-01 9.647228244304799361e-03
9.682720665019324269e-01 1.734336202887016426e-02
9.524180841762578398e-01 2.409721804185923147e-02
9.365760803434354242e-01 3.042112482489225944e-02
9.207500431432115162e-01 3.663685332331103467e-02
9.049439566958173975e-01 4.292304310764220171e-02
8.891618000989889303e-01 4.935479311022970134e-02
8.734075464262507360e-01 5.593611906636840325e-02
8.576851617267149397e-01 6.262599792001759258e-02
8.419986040266501659e-01 6.935872344287452584e-02
8.263518223330695855e-01 7.605928855228341612e-02
8.107487556395898132e-01 8.265448973295677626e-02
7.951933319348093443e-01 8.908041907699935924e-02
7.796894672134594417e-01 9.528697130419085115e-02
7.642410644905727191e-01 1.012399482682925789e-01
7.488520128189207758e-01 1.069212934355505823e-01
7.335261863099650226e-01 1.123279351343682425e-01
7.182674431585703845e-01 1.174696614477744872e-01
7.030796246717250231e-01 1.223663927909591220e-01
6.879665543015128781e-01 1.270451617155822499e-01
6.729320366825783939e-01 1.315370544195236246e-01
6.579798566743311206e-01 1.358743157903162802e-01
6.431137784081281117e-01 1.400877704060472517e-01
6.283375443396724824e-01 1.442046664456271832e-01
6.136548743068714895e-01 1.482470084591833159e-01
5.990694645933862805e-01 1.522304088099167008e-01
5.845849869981135649e-01 1.561634565689492549e-01
5.702050879108284676e-01 1.600475768359197193e-01
5.559333873942259308e-01 1.638773328542969254e-01
5.417734782725895926e-01 1.676411077589231580e-01
5.277289252273172915e-01 1.713220920974783679e-01
5.138032638995313484e-01 1.748994970804838289e-01
5.000000000000001110e-01 1.783499114338198688e-01
4.863226084265935834e-01 1.816487212910778970e-01
4.727745323894976259e-01 1.847715172634502301e-01
4.593591825444023335e-01 1.876954201261754884e-01
4.460799361338897429e-01 1.904002659126131647e-01
4.329401361372292589e-01 1.928696020597693850e-01
4.199430904288018462e-01 1.950914580658884845e-01
4.070920709453594855e-01 1.970588663904300208e-01
3.943903128623333920e-01 1.987701215743104266e-01
3.818410137793947223e-01 2.002287773538586613e-01
3.694473329154774888e-01 2.014433925082493304e-01
3.572123903134606371e-01 2.024270459982275838e-01
3.451392660547150104e-01 2.031966503668251323e-01
3.332309994837083789e-01 2.037720991878763377e-01
3.214905884428678196e-01 2.041752894374909699e-01
3.099209885178879631e-01 2.044290629627529277e-01
2.985251122936787294e-01 2.045561127270105195e-01
2.873058286211370715e-01 2.045778992751440539e-01
2.762659618949298013e-01 2.045136209894367618e-01
2.654082913424666845e-01 2.043792783466139018e-01
2.547355503242452190e-01 2.041868677267412169e-01
2.442504256457417311e-01 2.039437345829543669e-01
2.339555568810219865e-01 2.036521091977079034e-01
2.238535357082431787e-01 2.033088410809316959e-01
2.139469052572124941e-01 2.029053405687566425e-01
2.042381594691679014e-01 2.024277286171165535e-01
1.947297424689413692e-01 2.018571884021471419e-01
1.854240479496642724e-01 2.011705053723896464e-01
1.763234185701672008e-01 2.003407760577731456e-01
1.674301453652287108e-01 1.993382604112531598e-01
1.587464671688187945e-01 1.981313478933235117e-01
1.502745700504856119e-01 1.966876040251420710e-01
1.420165867650229341e-01 1.949748618135914990e-01
1.339745962155614034e-01 1.929623213342333554e-01
1.261506229302150617e-01 1.906216208509628196e-01
1.185466365524179277e-01 1.879278441226837071e-01
1.111645513450765232e-01 1.848604309312790739e-01
1.040062257086641351e-01 1.814039612636375032e-01
9.707346171337882801e-02 1.775487878676720588e-01
9.036800464548166989e-02 1.732914969286899753e-01
8.389154256793041053e-02 1.686351822101274101e-01
7.764570589541863743e-02 1.635895239901527520e-01
7.163206698392743377e-02 1.581706703137940317e-01
6.585213973489323358e-02 1.524009242776822592e-01
6.030737921409157209e-02 1.463082470831550685e-01
5.499918128533154427e-02 1.399255922539193175e-01
4.992888225905456334e-02 1.332900915508950235e-01
4.509775855592612626e-02 1.264421175814663678e-01
4.050702638550263135e-02 1.194242517673344828e-01
3.615784144005795842e-02 1.122801891038252148e-01
3.205129860364375194e-02 1.050536129407801250e-01
2.818843167645834757e-02 9.778707379727193116e-02
2.457021311459295365e-02 9.052090597560914775e-02
2.119755378522125699e-02 8.329221448079855705e-02
1.807130273729329328e-02 7.613396252538240372e-02
1.519224698779197968e-02 6.907418677952849306e-02
1.256111132360571148e-02 6.213536361077229980e-02
1.017855811906731578e-02 5.533394496741615015e-02
8.045187169204659483e-03 4.868007743333409298e-02
6.161535538745877005e-03 4.217751247333034748e-02
4.528077426915411152e-03 3.582371016074018671e-02
3.145224048057615462e-03 2.961013290150310909e-02
2.013323528115562588e-03 2.352272001075908850e-02
1.132660816992037134e-03 1.754252862425371637e-02
5.034576168149174080e-04 1.164652149363726123e-02
1.258723261249317105e-04 5.808477865056951676e-03
0.000000000000000000e+00 0.000000000000000000e+00
1.258723261249317105e-04 -3.244369602549460833e-03
5.034576168149174080e-04 -6.445898300008635375e-03
1.132660816992037134e-03 -9.562904911428898175e-03
2.013323528115562588e-03 -1.255611750006031813e-02
3.145224048057615462e-03 -1.538978883330952355e-02
4.528077426915411152e-03 -1.803270777789625287e-02
6.161535538745877005e-03 -2.045907675027488007e-02
8.045187169204659483e-03 -2.264922928555759135e-02
1.017855811906731578e-02 -2.459016650009392818e-02
1.256111132360571148e-02 -2.627589656768674828e-02
1.519224698779197968e-02 -2.770756715269386689e-02
1.807130273729329328e-02 -2.889338687616490806e-02
2.119755378522125699e-02 -2.984833815527884390e-02
2.457021311459295365e-02 -3.059368996859368126e-02
2.818843167645834757e-02 -3.115632507745582161e-02
3.205129860364375194e-02 -3.156790180048259231e-02
3.615784144005795842e-02 -3.186387542722762117e-02
4.050702638550263135e-02 -3.208240861842454050e-02
4.509775855592612626e-02 -3.226320354301442928e-02
4.992888225905456334e-02 -3.244629093982435986e-02
5.499918128533154427e-02 -3.267081268477897704e-02
6.030737921409157209e-02 -3.297383474314677376e-02
6.585213973489323358e-02 -3.338922657232999691e-02
7.163206698392743377e-02 -3.394664112833165742e-02
7.764570589541863743e-02 -3.467062666498817863e-02
8.389154256793041053e-02 -3.557989757766472083e-02
9.036800464548166989e-02 -3.668678674052237854e-02
9.707346171337882801e-02 -3.799689625403375459e-02
1.040062257086641351e-01 -3.950895741623659807e-02
1.111645513450765232e-01 -4.121490423592778091e-02
1.185466365524179277e-01 -4.310015811201524383e-02
1.261506229302150617e-01 -4.514411461337104747e-02
1.339745962155614034e-01 -4.732081681426937581e-02
1.420165867650229341e-01 -4.959979357608795825e-02
1.502745700504856119e-01 -5.194703571233212636e-02
1.587464671688187945e-01 -5.432607831287933342e-02
1.674301453652287108e-01 -5.669915379632000513e-02
1.763234185701672008e-01 -5.902837764278670574e-02
1.854240479496642724e-01 -6.127692734005629749e-02
1.947297424689413692e-01 -6.341017492524374244e-02
2.042381594691679014e-01 -6.539673465804352048e-02
2.139469052572124941e-01 -6.720938981463797646e-02
2.238535357082431787e-01 -6.882586629876730200e-02
2.339555568810219865e-01 -7.022942564189207926e-02
2.442504256457417311e-01 -7.140925588199081853e-02
2.547355503242452190e-01 -7.236064560693446224e-02
2.654082913424666845e-01 -7.308493392611861705e-02
2.762659618949298013e-01 -7.358923706612345572e-02
2.873058286211370715e-01 -7.388596042168503464e-02
2.985251122936787294e-01 -7.399211296385045655e-02
3.099209885178879631e-01 -7.392844863442267489e-02
3.214905884428678196e-01 -7.371846645917531915e-02
3.332309994837083789e-01 -7.338730731769782523e-02
3.451392660547150104e-01 -7.296059035612599553e-02
3.572123903134606371e-01 -7.246323568535854853e-02
3.694473329154774888e-01 -7.191832206917543602e-02
3.818410137793947223e-01 -7.134602861230135429e-02
3.943903128623333920e-01 -7.076270789468261380e-02
4.070920709453594855e-01 -7.018013450705770651e-02
4.199430904288018462e-01 -6.960496752716721636e-02
4.329401361372292589e-01 -6.903845820384875431e-02
4.460799361338897429e-01 -6.847642512417419225e-02
4.593591825444023335e-01 -6.790950863268502280e-02
4.727745323894976259e-01 -6.732370452674280026e-02
4.863226084265935834e-01 -6.670116441000335794e-02
5.000000000000001110e-01 -6.602123695171897844e-02
5.138032638995313484e-01 -6.526171113430986881e-02
5.277289252273172915e-01 -6.440020988547065506e-02
5.417734782725895926e-01 -6.341567083302385166e-02
5.559333873942259308e-01 -6.228984086736957110e-02
5.702050879108284676e-01 -6.100870333889950314e-02
5.845849869981135649e-01 -5.956375164765666946e-02
5.990694645933862805e-01 -5.795302127636565992e-02
6.136548743068714895e-01 -5.618179452113605116e-02
6.283375443396724824e-01 -5.426289878435438391e-02
6.431137784081281117e-01 -5.221653074478627837e-02
6.579798566743311206e-01 -5.006955536302335613e-02
6.729320366825783939e-01 -4.785425077162678426e-02
6.879665543015128781e-01 -4.560649778241391422e-02
7.030796246717250231e-01 -4.336344603684558902e-02
7.182674431585703845e-01 -4.116072761096153942e-02
7.335261863099650226e-01 -3.902933289871077238e-02
7.488520128189207758e-01 -3.699231241795693237e-02
7.642410644905727191e-01 -3.506152123482571270e-02
7.796894672134594417e-01 -3.323467924767659065e-02
7.951933319348093443e-01 -3.149307971736038658e-02
8.107487556395898132e-01 -2.980033912858373601e-02
8.263518223330695855e-01 -2.810264252743708419e-02
8.419986040266501659e-01 -2.633099858035806151e-02
8.576851617267149397e-01 -2.440607630238188913e-02
8.734075464262507360e-01 -2.224624917364305052e-02
8.891618000989889303e-01 -1.977952059527332898e-02
9.049439566958173975e-01 -1.696004567359905499e-02
9.207500431432115162e-01 -1.378999648969200624e-02
9.365760803434354242e-01 -1.034753964568205925e-02
9.524180841762578398e-01 -6.821704359181752532e-03
9.682720665019324269e-01 -3.554915159660081668e-03
9.841340361651920166e-01 -1.093943895027462516e-03
9.999999999999998890e-01 -2.499999999999977826e-04
