9.999999999999998890e-01 2.500000000000403917e-04
9.841340361651920166e-01 5.976911582979168962e-03
9.682720665019324269e-01 1.152922077529699996e-02
9.524180841762578398e-01 1.682145205886638809e-02
9.365760803434354242e-01 2.180004438705895886e-02
9.207500431432115162e-01 2.643684255048565912e-02
9.049439566958173975e-01 3.072341536632967191e-02
8.891618000989889303e-01 3.466615512285356471e-02
8.734075464262507360e-01 3.828210742836878760e-02
8.576851617267149397e-01 4.159547665959260204e-02
8.419986040266501659e-01 4.463474951102781862e-02
8.263518223330695855e-01 4.743037763371329291e-02
8.107487556395898132e-01 5.001295992551057362e-02
7.951933319348093443e-01 5.241186559370239473e-02
7.796894672134594417e-01 5.465424054473418808e-02
7.642410644905727191e-01 5.676434185141334549e-02
7.488520128189207758e-01 5.876314788835734770e-02
7.335261863099650226e-01 6.066819509527924398e-02
7.182674431585703845e-01 6.249359610989651398e-02
7.030796246717250231e-01 6.425019809654124170e-02
6.879665543015128781e-01 6.594584437687414646e-02
6.729320366825783939e-01 6.758570684610581969e-02
6.579798566743311206e-01 6.917266104034851260e-02
6.431137784081281117e-01 7.070768002561393650e-02
6.283375443396724824e-01 7.219022743363637251e-02
6.136548743068714895e-01 7.361863391141164337e-02
5.990694645933862805e-01 7.499044492784966154e-02
5.845849869981135649e-01 7.630273125053432803e-02
5.702050879108284676e-01 7.755235643698338288e-02
5.559333873942259308e-01 7.873619835681794354e-02
5.417734782725895926e-01 7.985132406231962299e-02
5.277289252273172915e-01 8.089511925237970191e-02
5.138032638995313484e-01 8.186537513444878955e-02
5.000000000000001110e-01 8.276033669374381618e-02
4.863226084265935834e-01 8.357871724801253788e-02
4.727745323894976259e-01 8.431968472434139827e-02
4.593591825444023335e-01 8.498282537091363109e-02
4.460799361338897429e-01 8.556809064367990048e-02
4.329401361372292589e-01 8.607573282026967365e-02
4.199430904288018462e-01 8.650623452709654826e-02
4.070920709453594855e-01 8.686023685677669859e-02
3.943903128623333920e-01 8.713847013742301306e-02
3.818410137793947223e-01 8.734169072749610463e-02
3.694473329154774888e-01 8.747062648204780022e-02
3.572123903134606371e-01 8.752593279811081428e-02
3.451392660547150104e-01 8.750816042527449767e-02
3.332309994837083789e-01 8.741773554525755774e-02
3.214905884428678196e-01 8.725495200089412873e-02
3.099209885178879631e-01 8.701997500584368606e-02
2.985251122936787294e-01 8.671285520301212635e-02
2.873058286211370715e-01 8.633355156974296951e-02
2.762659618949298013e-01 8.588196139516317273e-02
2.654082913424666845e-01 8.535795538000648386e-02
2.547355503242452190e-01 8.476141582894031190e-02
2.442504256457417311e-01 8.409227591419823900e-02
2.339555568810219865e-01 8.335055807905544789e-02
2.238535357082431787e-01 8.253640981027325629e-02
2.139469052572124941e-01 8.165013522846389926e-02
2.042381594691679014e-01 8.069222121171414075e-02
1.947297424689413692e-01 7.966335706751108414e-02
1.854240479496642724e-01 7.856444708765508711e-02
1.763234185701672008e-01 7.739661564733360533e-02
1.674301453652287108e-01 7.616120483046408263e-02
1.587464671688187945e-01 7.485976486740034130e-02
1.502745700504856119e-01 7.349403794806351475e-02
1.420165867650229341e-01 7.206593621496799884e-02
1.339745962155614034e-01 7.057751493965934431e-02
1.261506229302150617e-01 6.903094203777694615e-02
1.185466365524179277e-01 6.742846517921786964e-02
1.111645513450765232e-01 6.577237779949256236e-02
1.040062257086641351e-01 6.406498531694460041e-02
9.707346171337882801e-02 6.230857281037548850e-02
9.036800464548166989e-02 6.050537531664112317e-02
8.389154256793041053e-02 5.865755177319605801e-02
7.764570589541863743e-02 5.676716346269997798e-02
7.163206698392743377e-02 5.483615762288989587e-02
6.585213973489323358e-02 5.286635667277997386e-02
6.030737921409157209e-02 5.085945328402491361e-02
5.499918128533154427e-02 4.881701130216897083e-02
4.992888225905456334e-02 4.674047230448048068e-02
4.509775855592612626e-02 4.463116737665402678e-02
4.050702638550263135e-02 4.249033350666350795e-02
3.615784144005795842e-02 4.031913383640222531e-02
3.205129860364375194e-02 3.811868088530571269e-02
2.818843167645834757e-02 3.589006176861106456e-02
2.457021311459295365e-02 3.363436437866216405e-02
2.119755378522125699e-02 3.135270348181785210e-02
1.807130273729329328e-02 2.904624570582245088e-02
1.519224698779197968e-02 2.671623245144029782e-02
1.256111132360571148e-02 2.436399985500927942e-02
1.017855811906731578e-02 2.199099505151141595e-02
8.045187169204659483e-03 1.959878813601650602e-02
6.161535538745877005e-03 1.718907938937609334e-02
4.528077426915411152e-03 1.476370151568128994e-02
3.145224048057615462e-03 1.232461682774013689e-02
2.013323528115562588e-03 9.873909505976845649e-03
1.132660816992037134e-03 7.413773239097381888e-03
5.034576168149174080e-04 4.946494725238746726e-03
1.258723261249317105e-04 2.474433664246609380e-03
0.000000000000000000e+00 0.000000000000000000e+00
1.258723261249317105e-04 -2.375335174311475530e-03
5.034576168149174080e-04 -4.745989705858663123e-03
1.132660816992037134e-03 -7.107257390042091144e-03
2.013323528115562588e-03 -9.454506188016697371e-03
3.145224048057615462e-03 -1.178321382914736953e-02
4.528077426915411152e-03 -1.408900165135410637e-02
6.161535538745877005e-03 -1.636766613172032855e-02
8.045187169204659483e-03 -1.861520759363946217e-02
1.017855811906731578e-02 -2.082785561889960446e-02
1.256111132360571148e-02 -2.300209074324614106e-02
1.519224698779197968e-02 -2.513466207182422571e-02
1.807130273729329328e-02 -2.722260051607116454e-02
2.119755378522125699e-02 -2.926322742559421194e-02
2.457021311459295365e-02 -3.125415846663984198e-02
2.818843167645834757e-02 -3.319330268211422713e-02
3.205129860364375194e-02 -3.507885675573637480e-02
3.615784144005795842e-02 -3.690929459360534071e-02
4.050702638550263135e-02 -3.868335242886294933e-02
4.509775855592612626e-02 -4.040000974767560260e-02
4.992888225905456334e-02 -4.205846642571096222e-02
5.499918128533154427e-02 -4.365811655177369993e-02
6.030737921409157209e-02 -4.519851949728063978e-02
6.585213973489323358e-02 -4.667936886472164731e-02
7.163206698392743377e-02 -4.810046001302961671e-02
7.764570589541863743e-02 -4.946165691076309656e-02
8.389154256793041053e-02 -5.076285910713169286e-02
9.036800464548166989e-02 -5.200396963425310548e-02
9.707346171337882801e-02 -5.318486465990434481e-02
1.040062257086641351e-01 -5.430536569696683274e-02
1.111645513450765232e-01 -5.536521514265267674e-02
1.185466365524179277e-01 -5.636405586673270962e-02
1.261506229302150617e-01 -5.730141549312019883e-02
1.339745962155614034e-01 -5.817669592357811031e-02
1.420165867650229341e-01 -5.898916853686338169e-02
1.502745700504856119e-01 -5.973797536274350756e-02
1.587464671688187945e-01 -6.042213638010020954e-02
1.674301453652287108e-01 -6.104056292446857074e-02
1.763234185701672008e-01 -6.159207701617502168e-02
1.854240479496642724e-01 -6.207543623963879265e-02
1.947297424689413692e-01 -6.248936362183730997e-02
2.042381594691679014e-01 -6.283258177832266866e-02
2.139469052572124941e-01 -6.310385042380747822e-02
2.238535357082431787e-01 -6.330200618677939151e-02
2.339555568810219865e-01 -6.342600352956885568e-02
2.442504256457417311e-01 -6.347495546249171117e-02
2.547355503242452190e-01 -6.344817265867849776e-02
2.654082913424666845e-01 -6.334519953021741645e-02
2.762659618949298013e-01 -6.316584582101424095e-02
2.873058286211370715e-01 -6.291021231136245673e-02
2.985251122936787294e-01 -6.257870931681645821e-02
3.099209885178879631e-01 -6.217206680172712024e-02
3.214905884428678196e-01 -6.169133511668588310e-02
3.332309994837083789e-01 -6.113787560873196886e-02
3.451392660547150104e-01 -6.051334064161503767e-02
3.572123903134606371e-01 -5.981964289718780942e-02
3.694473329154774888e-01 -5.905891420295940331e-02
3.818410137793947223e-01 -5.823345453807985544e-02
3.943903128623333920e-01 -5.734567230191719989e-02
4.070920709453594855e-01 -5.639801737559603512e-02
4.199430904288018462e-01 -5.539290895541645193e-02
4.329401361372292589e-01 -5.433266057448347952e-02
4.460799361338897429e-01 -5.321940514030962244e-02
4.593591825444023335e-01 -5.205502318563677566e-02
4.727745323894976259e-01 -5.084107784039965799e-02
4.863226084265935834e-01 -4.957876026718735507e-02
5.000000000000001110e-01 -4.826884944307887476e-02
5.138032638995313484e-01 -4.691169019979823940e-02
5.277289252273172915e-01 -4.550719333477584033e-02
5.417734782725895926e-01 -4.405486136192107022e-02
5.559333873942259308e-01 -4.255384306815794548e-02
5.702050879108284676e-01 -4.100301946740898817e-02
5.845849869981135649e-01 -3.940112298746923508e-02
5.990694645933862805e-01 -3.774689077966213169e-02
6.136548743068714895e-01 -3.603925190216101387e-02
6.283375443396724824e-01 -3.427754679493349999e-02
6.431137784081281117e-01 -3.246177594102964831e-02
6.579798566743311206e-01 -3.059287290339049101e-02
6.729320366825783939e-01 -2.867299505116349331e-02
6.879665543015128781e-01 -2.670582326220734964e-02
7.030796246717250231e-01 -2.469685973155666750e-02
7.182674431585703845e-01 -2.265371075663741990e-02
7.335261863099650226e-01 -2.058633904147073174e-02
7.488520128189207758e-01 -1.850726770129245552e-02
7.642410644905727191e-01 -1.643171579781788072e-02
7.796894672134594417e-01 -1.437764293985723495e-02
7.951933319348093443e-01 -1.236567829393760316e-02
8.107487556395898132e-01 -1.041890731795845453e-02
8.263518223330695855e-01 -8.562487713144342760e-03
8.419986040266501659e-01 -6.823064542811102702e-03
8.576851617267149397e-01 -5.227953248748633264e-03
8.734075464262507360e-01 -3.804058465277461443e-03
8.891618000989889303e-01 -2.576496144109767256e-03
9.049439566958173975e-01 -1.566886614737884919e-03
9.207500431432115162e-01 -7.912868666366096836e-04
9.365760803434354242e-01 -2.577315981697595230e-04
9.524180841762578398e-01 3.664552570617737371e-05
9.682720665019324269e-01 1.089363941291797747e-04
9.841340361651920166e-01 -5.748534832179926987e-06
9.999999999999998890e-01 -2.499999999999979994e-04
