9.999999999999998890e-01 2.500000000000978545e-04
9.841340361651920166e-01 1.396755288596343049e-02
9.682720665019324269e-01 2.719048241604160934e-02
9.524180841762578398e-01 3.997957691142484810e-02
9.365760803434354242e-01 5.237652355767792589e-02
9.207500431432115162e-01 6.440796420347359719e-02
9.049439566958173975e-01 7.608901504455724274e-02
8.891618000989889303e-01 8.742628062134638611e-02
8.734075464262507360e-01 9.842039599277592477e-02
8.576851617267149397e-01 1.090681335164737920e-01
8.419986040266501659e-01 1.193641124084953153e-01
8.263518223330695855e-01 1.293021502263927980e-01
8.107487556395898132e-01 1.388762956768689605e-01
7.951933319348093443e-01 1.480815817594857975e-01
7.796894672134594417e-01 1.569145372914204639e-01
7.642410644905727191e-01 1.653734933888660052e-01
7.488520128189207758e-01 1.734587195838959428e-01
7.335261863099650226e-01 1.811724220073543112e-01
7.182674431585703845e-01 1.885186335435449501e-01
7.030796246717250231e-01 1.955030231339844049e-01
6.879665543015128781e-01 2.021326485448191601e-01
6.729320366825783939e-01 2.084156739810978931e-01
6.579798566743311206e-01 2.143610709913336965e-01
6.431137784081281117e-01 2.199783182124655234e-01
6.283375443396724824e-01 2.252771127070383461e-01
6.136548743068714895e-01 2.302671029832382421e-01
5.990694645933862805e-01 2.349576512997146038e-01
5.845849869981135649e-01 2.393576305693803086e-01
5.702050879108284676e-01 2.434752591114063003e-01
5.559333873942259308e-01 2.473179746735492401e-01
5.417734782725895926e-01 2.508923475666825498e-01
5.277289252273172915e-01 2.542040314228817821e-01
5.138032638995313484e-01 2.572577490051820015e-01
5.000000000000001110e-01 2.600573096538107976e-01
4.863226084265935834e-01 2.626056543386366404e-01
4.727745323894976259e-01 2.649049238854196409e-01
4.593591825444023335e-01 2.669565457358926142e-01
4.460799361338897429e-01 2.687613345680421872e-01
4.329401361372292589e-01 2.703196022208815275e-01
4.199430904288018462e-01 2.716312726141205114e-01
4.070920709453594855e-01 2.726959977036794713e-01
3.943903128623333920e-01 2.735132709453236832e-01
3.818410137793947223e-01 2.740825352279012694e-01
3.694473329154774888e-01 2.744032827629420135e-01
3.572123903134606371e-01 2.744751449585121628e-01
3.451392660547150104e-01 2.742979708438459951e-01
3.332309994837083789e-01 2.738718931312328353e-01
3.214905884428678196e-01 2.731973814890372165e-01
3.099209885178879631e-01 2.722752830432155213e-01
2.985251122936787294e-01 2.711068505153677033e-01
2.873058286211370715e-01 2.696937587368872236e-01
2.762659618949298013e-01 2.680381105471796310e-01
2.654082913424666845e-01 2.661424332876258791e-01
2.547355503242452190e-01 2.640096672424280255e-01
2.442504256457417311e-01 2.616431474551683678e-01
2.339555568810219865e-01 2.590465803698981939e-01
2.238535357082431787e-01 2.562240167133732482e-01
2.139469052572124941e-01 2.531798219572982678e-01
2.042381594691679014e-01 2.499186455835620269e-01
1.947297424689413692e-01 2.464453902294409804e-01
1.854240479496642724e-01 2.427651816218500402e-01
1.763234185701672008e-01 2.388833400281289154e-01
1.674301453652287108e-01 2.348053537635206023e-01
1.587464671688187945e-01 2.305368551098745389e-01
1.502745700504856119e-01 2.260835988229328575e-01
1.420165867650229341e-01 2.214514432427621971e-01
1.339745962155614034e-01 2.166463338783987669e-01
1.261506229302150617e-01 2.116742892174560409e-01
1.185466365524179277e-01 2.065413884170679559e-01
1.111645513450765232e-01 2.012537604657327062e-01
1.040062257086641351e-01 1.958175743669161029e-01
9.707346171337882801e-02 1.902390298841404592e-01
9.036800464548166989e-02 1.845243484022218161e-01
8.389154256793041053e-02 1.786797634979668536e-01
7.764570589541863743e-02 1.727115108728946857e-01
7.163206698392743377e-02 1.666258173767121709e-01
6.585213973489323358e-02 1.604288889392156692e-01
6.030737921409157209e-02 1.541268973256002539e-01
5.499918128533154427e-02 1.477259657313111096e-01
4.992888225905456334e-02 1.412321533330943568e-01
4.509775855592612626e-02 1.346514390085093438e-01
4.050702638550263135e-02 1.279897045229082819e-01
3.615784144005795842e-02 1.212527175572928051e-01
3.205129860364375194e-02 1.144461150095759244e-01
2.818843167645834757e-02 1.075753870433528159e-01
2.457021311459295365e-02 1.006458623807170577e-01
2.119755378522125699e-02 9.366269533811948100e-02
1.807130273729329328e-02 8.663085508665142875e-02
1.519224698779197968e-02 7.955511758108595177e-02
1.256111132360571148e-02 7.244006054685234175e-02
1.017855811906731578e-02 6.529006184282205860e-02
8.045187169204659483e-03 5.810930143286078403e-02
6.161535538745877005e-03 5.090176710354762935e-02
4.528077426915411152e-03 4.367126396258638049e-02
3.145224048057615462e-03 3.642142764585046266e-02
2.013323528115562588e-03 2.915574105432948079e-02
1.132660816992037134e-03 2.187755433921451109e-02
5.034576168149174080e-04 1.459010775745770740e-02
1.258723261249317105e-04 7.296556934660074212e-03
0.000000000000000000e+00 0.000000000000000000e+00
1.258723261249317105e-04 -6.929310062787840188e-03
5.034576168149174080e-04 -1.384069339001543775e-02
1.132660816992037134e-03 -2.071637416410097854e-02
2.013323528115562588e-03 -2.753899906074082013e-02
3.145224048057615462e-03 -3.429183557362831813e-02
4.528077426915411152e-03 -4.095895523171710212e-02
6.161535538745877005e-03 -4.752539734120603265e-02
8.045187169204659483e-03 -5.397730943227792982e-02
1.017855811906731578e-02 -6.030206124532910134e-02
1.256111132360571148e-02 -6.648832983416291809e-02
1.519224698779197968e-02 -7.252615417301550016e-02
1.807130273729329328e-02 -7.840695850694204272e-02
2.119755378522125699e-02 -8.412354455642352680e-02
2.457021311459295365e-02 -8.967005355173150727e-02
2.818843167645834757e-02 -9.504189990551595302e-02
3.205129860364375194e-02 -1.002356791089130117e-01
3.615784144005795842e-02 -1.052490531344586200e-01
4.050702638550263135e-02 -1.100806172276586059e-01
4.509775855592612626e-02 -1.147297524504706234e-01
4.992888225905456334e-02 -1.191964686897828002e-01
5.499918128533154427e-02 -1.234812430516431109e-01
6.030737921409157209e-02 -1.275848586210277247e-01
6.585213973489323358e-02 -1.315082484752674030e-01
7.163206698392743377e-02 -1.352523495992577207e-01
7.764570589541863743e-02 -1.388179709691449160e-01
8.389154256793041053e-02 -1.422056795594824063e-01
9.036800464548166989e-02 -1.454157074021353024e-01
9.707346171337882801e-02 -1.484478821023886841e-01
1.040062257086641351e-01 -1.513015824208386317e-01
1.111645513450765232e-01 -1.539757196833465291e-01
1.185466365524179277e-01 -1.564687449120989726e-01
1.261506229302150617e-01 -1.587786807062357974e-01
1.339745962155614034e-01 -1.609031760684781487e-01
1.420165867650229341e-01 -1.628395816020686560e-01
1.502745700504856119e-01 -1.645850418161039774e-01
1.587464671688187945e-01 -1.661366007007664680e-01
1.674301453652287108e-01 -1.674913162878393924e-01
1.763234185701672008e-01 -1.686463796132876558e-01
1.854240479496642724e-01 -1.695992333603433266e-01
1.947297424689413692e-01 -1.703476854913140992e-01
2.042381594691679014e-01 -1.708900133768242180e-01
2.139469052572124941e-01 -1.712250542994542823e-01
2.238535357082431787e-01 -1.713522787361778654e-01
2.339555568810219865e-01 -1.712718434964140557e-01
2.442504256457417311e-01 -1.709846225903644823e-01
2.547355503242452190e-01 -1.704922146010341699e-01
2.654082913424666845e-01 -1.697969263039639520e-01
2.762659618949298013e-01 -1.689017332885183464e-01
2.873058286211370715e-01 -1.678102193479860671e-01
2.985251122936787294e-01 -1.665264973852882413e-01
3.099209885178879631e-01 -1.650551154884674077e-01
3.214905884428678196e-01 -1.634009526274253499e-01
3.332309994837083789e-01 -1.615691090742992775e-01
3.451392660547150104e-01 -1.595647971209304128e-01
3.572123903134606371e-01 -1.573932379287679983e-01
3.694473329154774888e-01 -1.550595703752299659e-01
3.818410137793947223e-01 -1.525687775384639566e-01
3.943903128623333920e-01 -1.499256359795746452e-01
4.070920709453594855e-01 -1.471346922360615705e-01
4.199430904288018462e-01 -1.442002699399284049e-01
4.329401361372292589e-01 -1.411265097358388731e-01
4.460799361338897429e-01 -1.379174427259010072e-01
4.593591825444023335e-01 -1.345770965453037538e-01
4.727745323894976259e-01 -1.311096314240496052e-01
4.863226084265935834e-01 -1.275195017707135836e-01
5.000000000000001110e-01 -1.238116369893748486e-01
5.138032638995313484e-01 -1.199916334830228165e-01
5.277289252273172915e-01 -1.160659481844635160e-01
5.417734782725895926e-01 -1.120420825723496411e-01
5.559333873942259308e-01 -1.079287450615603744e-01
5.702050879108284676e-01 -1.037359789907509044e-01
5.845849869981135649e-01 -9.947524325106968379e-02
5.990694645933862805e-01 -9.515943299069169747e-02
6.136548743068714895e-01 -9.080282886567715706e-02
6.283375443396724824e-01 -8.642096505582610999e-02
6.431137784081281117e-01 -8.203040878063939945e-02
6.579798566743311206e-01 -7.764844737764892146e-02
6.729320366825783939e-01 -7.329268316981897569e-02
6.879665543015128781e-01 -6.898054135905970496e-02
7.030796246717250231e-01 -6.472870202784465621e-02
7.182674431585703845e-01 -6.055247397773169671e-02
7.335261863099650226e-01 -5.646513552670842651e-02
7.488520128189207758e-01 -5.247727544756367046e-02
7.642410644905727191e-01 -4.859617585366202142e-02
7.796894672134594417e-01 -4.482528789925028373e-02
7.951933319348093443e-01 -4.116386050790390994e-02
8.107487556395898132e-01 -3.760679180158151697e-02
8.263518223330695855e-01 -3.414478227976118496e-02
8.419986040266501659e-01 -3.076487788025955572e-02
8.576851617267149397e-01 -2.745149961145014125e-02
8.734075464262507360e-01 -2.418806423760075722e-02
8.891618000989889303e-01 -2.095930727355183737e-02
9.049439566958173975e-01 -1.775442504534630039e-02
9.207500431432115162e-01 -1.457115654237841132e-02
9.365760803434354242e-01 -1.142092797092590477e-02
9.524180841762578398e-01 -8.335183074529415106e-03
9.682720665019324269e-01 -5.373020183990375939e-03
9.841340361651920166e-01 -2.630252389000438656e-03
9.999999999999998890e-01 -2.500000000000149130e-04
