9.999999999999998890e-01 2.500000000000781220e-04
9.841340361651920166e-01 1.007516154663670380e-02
9.682720665019324269e-01 1.796371817690421008e-02
9.524180841762578398e-01 2.478756813335478842e-02
9.365760803434354242e-01 3.113530595672629742e-02
9.207500431432115162e-01 3.737651458335988774e-02
9.049439566958173975e-01 4.371628160009499026e-02
8.891618000989889303e-01 5.024070852414811578e-02
8.734075464262507360e-01 5.695422029981452722e-02
8.576851617267149397e-01 6.380950296997389692e-02
8.419986040266501659e-01 7.073090205934984276e-02
8.263518223330695855e-01 7.763210412729265597e-02
8.107487556395898132e-01 8.442890085997610539e-02
7.951933319348093443e-01 9.104780070796930636e-02
7.796894672134594417e-01 9.743120921461992379e-02
7.642410644905727191e-01 1.035398476150117958e-01
7.488520128189207758e-01 1.093530217850210984e-01
7.335261863099650226e-01 1.148672919046401231e-01
7.182674431585703845e-01 1.200940289101522090e-01
7.030796246717250231e-01 1.250562784841015573e-01
6.879665543015128781e-01 1.297852883851008943e-01
6.729320366825783939e-01 1.343169916257837271e-01
6.579798566743311206e-01 1.386886774874694639e-01
6.431137784081281117e-01 1.429360255722029183e-01
6.283375443396724824e-01 1.470906258259438160e-01
6.136548743068714895e-01 1.511780603393279021e-01
5.990694645933862805e-01 1.552165811939371087e-01
5.845849869981135649e-01 1.592163829572230960e-01
5.702050879108284676e-01 1.631794387661130163e-01
5.559333873942259308e-01 1.670998452593076000e-01
5.417734782725895926e-01 1.709646037687656273e-01
5.277289252273172915e-01 1.747547528896765956e-01
5.138032638995313484e-01 1.784467604394861795e-01
5.000000000000001110e-01 1.820140804277116664e-01
4.863226084265935834e-01 1.854287824577089405e-01
4.727745323894976259e-01 1.886631663864247743e-01
4.593591825444023335e-01 1.916912834621856965e-01
4.460799361338897429e-01 1.944902959112570495e-01
4.329401361372292589e-01 1.970416194189511250e-01
4.199430904288018462e-01 1.993318065336023570e-01
4.070920709453594855e-01 2.013531431242110981e-01
3.943903128623333920e-01 2.031039440989535205e-01
3.818410137793947223e-01 2.045885481479848556e-01
3.694473329154774888e-01 2.058170238764397142e-01
3.572123903134606371e-01 2.068046109755928563e-01
3.451392660547150104e-01 2.075709297466042380e-01
3.332309994837083789e-01 2.081390001207667484e-01
3.214905884428678196e-01 2.085341171657322246e-01
3.099209885178879631e-01 2.087826338547494054e-01
2.985251122936787294e-01 2.089107036013113372e-01
2.873058286211370715e-01 2.089430347856948422e-01
2.762659618949298013e-01 2.089017073427053006e-01
2.654082913424666845e-01 2.088050976134133430e-01
2.547355503242452190e-01 2.086669523034136164e-01
2.442504256457417311e-01 2.084956457867684354e-01
2.339555568810219865e-01 2.082936474246087355e-01
2.238535357082431787e-01 2.080572173230091637e-01
2.139469052572124941e-01 2.077763403358202643e-01
2.042381594691679014e-01 2.074348994221708042e-01
1.947297424689413692e-01 2.070110809822485742e-01
1.854240479496642724e-01 2.064779967871737121e-01
1.763234185701672008e-01 2.058044998322709485e-01
1.674301453652287108e-01 2.049561650893875209e-01
1.587464671688187945e-01 2.038964008883465684e-01
1.502745700504856119e-01 2.025876526554572510e-01
1.420165867650229341e-01 2.009926580711360045e-01
1.339745962155614034e-01 1.990757114284664731e-01
1.261506229302150617e-01 1.968038950857796399e-01
1.185466365524179277e-01 1.941482373727159150e-01
1.111645513450765232e-01 1.910847590545129981e-01
1.040062257086641351e-01 1.875953743707940158e-01
9.707346171337882801e-02 1.836686175981523950e-01
9.036800464548166989e-02 1.793001718684589796e-01
8.389154256793041053e-02 1.744931834138100379e-01
7.764570589541863743e-02 1.692583512957926140e-01
7.163206698392743377e-02 1.636137897937174346e-01
6.585213973489323358e-02 1.575846677535883422e-01
6.030737921409157209e-02 1.512026361206004477e-01
5.499918128533154427e-02 1.445050613865802025e-01
4.992888225905456334e-02 1.375340885893401310e-01
4.509775855592612626e-02 1.303355626335062911e-01
4.050702638550263135e-02 1.229578409173422288e-01
3.615784144005795842e-02 1.154505334317246917e-01
3.205129860364375194e-02 1.078632085617317188e-01
2.818843167645834757e-02 1.002441037179941097e-01
2.457021311459295365e-02 9.263887963830425010e-02
2.119755378522125699e-02 8.508945574883983176e-02
1.807130273729329328e-02 7.763296141119774285e-02
1.519224698779197968e-02 7.030083429042524590e-02
1.256111132360571148e-02 6.311809257352542224e-02
1.017855811906731578e-02 5.610280248614141207e-02
8.045187169204659483e-03 4.926575665722818242e-02
6.161535538745877005e-03 4.261037254407982339e-02
4.528077426915411152e-03 3.613281354112519994e-02
3.145224048057615462e-03 2.982232874964088620e-02
2.013323528115562588e-03 2.366180087665135240e-02
1.132660816992037134e-03 1.762848554970429873e-02
5.034576168149174080e-04 1.169491965951033850e-02
1.258723261249317105e-04 5.829971339023120973e-03
0.000000000000000000e+00 0.000000000000000000e+00
1.258723261249317105e-04 -2.899562210966902861e-03
5.034576168149174080e-04 -5.751350912848075467e-03
1.132660816992037134e-03 -8.508916488544139220e-03
2.013323528115562588e-03 -1.112854200507716433e-02
3.145224048057615462e-03 -1.357050829835712742e-02
4.528077426915411152e-03 -1.580024087874925404e-02
6.161535538745877005e-03 -1.778930472670134030e-02
8.045187169204659483e-03 -1.951621752714222460e-02
1.017855811906731578e-02 -2.096705724406976862e-02
1.256111132360571148e-02 -2.213584600836769264e-02
1.519224698779197968e-02 -2.302469890692095469e-02
1.807130273729329328e-02 -2.364373322774400085e-02
2.119755378522125699e-02 -2.401074083137482926e-02
2.457021311459295365e-02 -2.415063337521347608e-02
2.818843167645834757e-02 -2.409467690740134393e-02
3.205129860364375194e-02 -2.387953866931422434e-02
3.615784144005795842e-02 -2.354617461207394319e-02
4.050702638550263135e-02 -2.313859097164897363e-02
4.509775855592612626e-02 -2.270251711079306761e-02
4.992888225905456334e-02 -2.228402960309435951e-02
5.499918128533154427e-02 -2.192816911448460318e-02
6.030737921409157209e-02 -2.167759197420954242e-02
6.585213973489323358e-02 -2.157129739982916947e-02
7.163206698392743377e-02 -2.164346916552165392e-02
7.764570589541863743e-02 -2.192246713292898830e-02
8.389154256793041053e-02 -2.242999958805060035e-02
9.036800464548166989e-02 -2.318050186919585684e-02
9.707346171337882801e-02 -2.418074048358316228e-02
1.040062257086641351e-01 -2.542965497463099342e-02
1.111645513450765232e-01 -2.691844242135734561e-02
1.185466365524179277e-01 -2.863088184536875108e-02
1.261506229302150617e-01 -3.054388820014534295e-02
1.339745962155614034e-01 -3.262827825636833295e-02
1.420165867650229341e-01 -3.484972380795999664e-02
1.502745700504856119e-01 -3.716986142894197764e-02
1.587464671688187945e-01 -3.954752271756555720e-02
1.674301453652287108e-01 -4.194004475512118357e-02
1.763234185701672008e-01 -4.430461753732693048e-02
1.854240479496642724e-01 -4.659962352701145505e-02
1.947297424689413692e-01 -4.878592430999054846e-02
2.042381594691679014e-01 -5.082805065124087335e-02
2.139469052572124941e-01 -5.269525504041730479e-02
2.238535357082431787e-01 -5.436239003286030824e-02
2.339555568810219865e-01 -5.581058123650923380e-02
2.442504256457417311e-01 -5.702767052343493681e-02
2.547355503242452190e-01 -5.800841277127272155e-02
2.654082913424666845e-01 -5.875441794021642877e-02
2.762659618949298013e-01 -5.927383930739971163e-02
2.873058286211370715e-01 -5.958081792722454140e-02
2.985251122936787294e-01 -5.969470255849192164e-02
3.099209885178879631e-01 -5.963907308058704476e-02
3.214905884428678196e-01 -5.944060349267740739e-02
3.332309994837083789e-01 -5.912780764034705761e-02
3.451392660547150104e-01 -5.872971654899587779e-02
3.572123903134606371e-01 -5.827454039555732268e-02
3.694473329154774888e-01 -5.778837048956715627e-02
3.818410137793947223e-01 -5.729397697768796871e-02
3.943903128623333920e-01 -5.680975620385453340e-02
4.070920709453594855e-01 -5.634887768442890105e-02
4.199430904288018462e-01 -5.591867449747965624e-02
4.329401361372292589e-01 -5.552031261512841570e-02
4.460799361338897429e-01 -5.514876448294752515e-02
4.593591825444023335e-01 -5.479310020484898930e-02
4.727745323894976259e-01 -5.443709633852860524e-02
4.863226084265935834e-01 -5.406014793409457536e-02
5.000000000000001110e-01 -5.363845451704336853e-02
5.138032638995313484e-01 -5.314643575069339515e-02
5.277289252273172915e-01 -5.255831809231898549e-02
5.417734782725895926e-01 -5.184982050564194977e-02
5.559333873942259308e-01 -5.099985586539326071e-02
5.702050879108284676e-01 -4.999215575934147504e-02
5.845849869981135649e-01 -4.881672063180764187e-02
5.990694645933862805e-01 -4.747099527554966836e-02
6.136548743068714895e-01 -4.596067218587758518e-02
6.283375443396724824e-01 -4.430003280761977968e-02
6.431137784081281117e-01 -4.251174972447175487e-02
6.579798566743311206e-01 -4.062609176171868425e-02
6.729320366825783939e-01 -3.867949908762845918e-02
6.879665543015128781e-01 -3.671252686929762227e-02
7.030796246717250231e-01 -3.476719388635390873e-02
7.182674431585703845e-01 -3.288381659595369239e-02
7.335261863099650226e-01 -3.109745917354752448e-02
7.488520128189207758e-01 -2.943418554970762477e-02
7.642410644905727191e-01 -2.790735976786568040e-02
7.796894672134594417e-01 -2.651430526360011933e-02
7.951933319348093443e-01 -2.523370089635428720e-02
8.107487556395898132e-01 -2.402416055902328526e-02
8.263518223330695855e-01 -2.282451259623162823e-02
8.419986040266501659e-01 -2.155636357552103907e-02
8.576851617267149397e-01 -2.012959654297092477e-02
8.734075464262507360e-01 -1.845151501252685622e-02
8.891618000989889303e-01 -1.644039875938672901e-02
9.049439566958173975e-01 -1.404428413048423516e-02
9.207500431432115162e-01 -1.126581814535117243e-02
9.365760803434354242e-01 -8.194060246876721729e-03
9.524180841762578398e-01 -5.044116331710249944e-03
9.682720665019324269e-01 -2.205484890458853965e-03
9.841340361651920166e-01 -2.999730924107580103e-04
9.999999999999998890e-01 -2.499999999999910605e-04
