9.999999999999998890e-01 2.500000000000557332e-04
9.841340361651920166e-01 8.203209450229587488e-03
9.682720665019324269e-01 1.609786765430857094e-02
9.524180841762578398e-01 2.389355051554154646e-02
9.365760803434354242e-01 3.156110369805519011e-02
9.207500431432115162e-01 3.908068319499821003e-02
9.049439566958173975e-01 4.643996692366013368e-02
8.891618000989889303e-01 5.363254299732742730e-02
8.734075464262507360e-01 6.065647723450900974e-02
8.576851617267149397e-01 6.751305955029052175e-02
8.419986040266501659e-01 7.420572616764879725e-02
8.263518223330695855e-01 8.073915211945215109e-02
8.107487556395898132e-01 8.711850631034408210e-02
7.951933319348093443e-01 9.334885949217738843e-02
7.796894672134594417e-01 9.943473389203349999e-02
7.642410644905727191e-01 1.053797819274736036e-01
7.488520128189207758e-01 1.111865804533251623e-01
7.335261863099650226e-01 1.168565263064175463e-01
7.182674431585703845e-01 1.223898185424550505e-01
7.030796246717250231e-01 1.277855126809782915e-01
6.879665543015128781e-01 1.330416324739084055e-01
6.729320366825783939e-01 1.381553251702192231e-01
6.579798566743311206e-01 1.431230469399562832e-01
6.431137784081281117e-01 1.479407660182313622e-01
6.283375443396724824e-01 1.526041722045804461e-01
6.136548743068714895e-01 1.571088825739807293e-01
5.990694645933862805e-01 1.614506345904443696e-01
5.845849869981135649e-01 1.656254592294035266e-01
5.702050879108284676e-01 1.696298281780831696e-01
5.559333873942259308e-01 1.734607706613364442e-01
5.417734782725895926e-01 1.771159569028404601e-01
5.277289252273172915e-01 1.805937466486727538e-01
5.138032638995313484e-01 1.838932025249137014e-01
5.000000000000001110e-01 1.870140692485133260e-01
4.863226084265935834e-01 1.899567208396986395e-01
4.727745323894976259e-01 1.927220789765283215e-01
4.593591825444023335e-01 1.953115064732146022e-01
4.460799361338897429e-01 1.977266805426634577e-01
4.329401361372292589e-01 1.999694510132905556e-01
4.199430904288018462e-01 2.020416890073230554e-01
4.070920709453594855e-01 2.039451317530349972e-01
3.943903128623333920e-01 2.056812292008638188e-01
3.818410137793947223e-01 2.072509979507028977e-01
3.694473329154774888e-01 2.086548876856321733e-01
3.572123903134606371e-01 2.098926648595359490e-01
3.451392660547150104e-01 2.109633178185675306e-01
3.332309994837083789e-01 2.118649868674191139e-01
3.214905884428678196e-01 2.125949220406599116e-01
3.099209885178879631e-01 2.131494705280138346e-01
2.985251122936787294e-01 2.135240948520798765e-01
2.873058286211370715e-01 2.137134220295967280e-01
2.762659618949298013e-01 2.137113230846527934e-01
2.654082913424666845e-01 2.135110214452908550e-01
2.547355503242452190e-01 2.131052279636742597e-01
2.442504256457417311e-01 2.124862995728150072e-01
2.339555568810219865e-01 2.116464179463641571e-01
2.238535357082431787e-01 2.105777839765100301e-01
2.139469052572124941e-01 2.092728234405772936e-01
2.042381594691679014e-01 2.077243988987426404e-01
1.947297424689413692e-01 2.059260226598884080e-01
1.854240479496642724e-01 2.038720655736089293e-01
1.763234185701672008e-01 2.015579564544610347e-01
1.674301453652287108e-01 1.989803671175301991e-01
1.587464671688187945e-01 1.961373782972948843e-01
1.502745700504856119e-01 1.930286221270172964e-01
1.420165867650229341e-01 1.896553973634190482e-01
1.339745962155614034e-01 1.860207541390082320e-01
1.261506229302150617e-01 1.821295456979845906e-01
1.185466365524179277e-01 1.779884453054936810e-01
1.111645513450765232e-01 1.736059272972441669e-01
1.040062257086641351e-01 1.689922120394329319e-01
9.707346171337882801e-02 1.641591753793920916e-01
9.036800464548166989e-02 1.591202239671820340e-01
8.389154256793041053e-02 1.538901385996678528e-01
7.764570589541863743e-02 1.484848884643083788e-01
7.163206698392743377e-02 1.429214198239397438e-01
6.585213973489323358e-02 1.372174232716471820e-01
6.030737921409157209e-02 1.313910841835261578e-01
5.499918128533154427e-02 1.254608213958476326e-01
4.992888225905456334e-02 1.194450194232261064e-01
4.509775855592612626e-02 1.133617597095345486e-01
4.050702638550263135e-02 1.072285564597703772e-01
3.615784144005795842e-02 1.010621025376471221e-01
3.205129860364375194e-02 9.487803073174443103e-02
2.818843167645834757e-02 8.869069539654772516e-02
2.457021311459295365e-02 8.251297907001371723e-02
2.119755378522125699e-02 7.635612816511047618e-02
1.807130273729329328e-02 7.022962123989449912e-02
1.519224698779197968e-02 6.414107268178595445e-02
1.256111132360571148e-02 5.809617391106432910e-02
1.017855811906731578e-02 5.209867343180218935e-02
8.045187169204659483e-03 4.615039625202706913e-02
6.161535538745877005e-03 4.025130237599618827e-02
4.528077426915411152e-03 3.439958325747138890e-02
3.145224048057615462e-03 2.859179431109136818e-02
2.013323528115562588e-03 2.282302082610030217e-02
1.132660816992037134e-03 1.708707392880258469e-02
5.034576168149174080e-04 1.137671261191953304e-02
1.258723261249317105e-04 5.683887303827518146e-03
0.000000000000000000e+00 0.000000000000000000e+00
1.258723261249317105e-04 -4.985528661528521553e-03
5.034576168149174080e-04 -9.946451148163186831e-03
1.132660816992037134e-03 -1.485851398420745886e-02
2.013323528115562588e-03 -1.969828586652288063e-02
3.145224048057615462e-03 -2.444354618828775000e-02
4.528077426915411152e-03 -2.907364707399702486e-02
6.161535538745877005e-03 -3.356984107362489395e-02
8.045187169204659483e-03 -3.791556747131472754e-02
1.017855811906731578e-02 -4.209669113607319296e-02
1.256111132360571148e-02 -4.610168895526681881e-02
1.519224698779197968e-02 -4.992178011937907500e-02
1.807130273729329328e-02 -5.355099783881680370e-02
2.119755378522125699e-02 -5.698620143890189421e-02
2.457021311459295365e-02 -6.022702916453755856e-02
2.818843167645834757e-02 -6.327579339796808588e-02
3.205129860364375194e-02 -6.613732131841525141e-02
3.615784144005795842e-02 -6.881874527919357165e-02
4.050702638550263135e-02 -7.132924831610289174e-02
4.509775855592612626e-02 -7.367977120306408445e-02
4.992888225905456334e-02 -7.588268831301095418e-02
5.499918128533154427e-02 -7.795146020383569851e-02
6.030737921409157209e-02 -7.990027131498216029e-02
6.585213973489323358e-02 -8.174366141921042550e-02
7.163206698392743377e-02 -8.349615952034405986e-02
7.764570589541863743e-02 -8.517192872096673861e-02
8.389154256793041053e-02 -8.678443020886343617e-02
9.036800464548166989e-02 -8.834611393751683195e-02
9.707346171337882801e-02 -8.986814281916780112e-02
1.040062257086641351e-01 -9.136015632843626222e-02
1.111645513450765232e-01 -9.283007835405603092e-02
1.185466365524179277e-01 -9.428397296323877408e-02
1.261506229302150617e-01 -9.572595048782360505e-02
1.339745962155614034e-01 -9.715812503608856066e-02
1.420165867650229341e-01 -9.858062321268926120e-02
1.502745700504856119e-01 -9.999164252590447832e-02
1.587464671688187945e-01 -1.013875567101236164e-01
1.674301453652287108e-01 -1.027630640249536653e-01
1.763234185701672008e-01 -1.041113735410277991e-01
1.854240479496642724e-01 -1.054244235142107050e-01
1.947297424689413692e-01 -1.066931252084300646e-01
2.042381594691679014e-01 -1.079076249725079983e-01
2.139469052572124941e-01 -1.090575770229227498e-01
2.238535357082431787e-01 -1.101324192418870751e-01
2.339555568810219865e-01 -1.111216443723093278e-01
2.442504256457417311e-01 -1.120150592761140207e-01
2.547355503242452190e-01 -1.128030254121758225e-01
2.654082913424666845e-01 -1.134766743711760340e-01
2.762659618949298013e-01 -1.140280931579392421e-01
2.873058286211370715e-01 -1.144504749131390470e-01
2.985251122936787294e-01 -1.147382318870496937e-01
3.099209885178879631e-01 -1.148870686858555340e-01
3.214905884428678196e-01 -1.148940150704973046e-01
3.332309994837083789e-01 -1.147574188616540120e-01
3.451392660547150104e-01 -1.144769007536427519e-01
3.572123903134606371e-01 -1.140532740261611527e-01
3.694473329154774888e-01 -1.134884332283175173e-01
3.818410137793947223e-01 -1.127852168588758391e-01
3.943903128623333920e-01 -1.119472498478641109e-01
4.070920709453594855e-01 -1.109787722297049806e-01
4.199430904288018462e-01 -1.098844607640679788e-01
4.329401361372292589e-01 -1.086692503910387103e-01
4.460799361338897429e-01 -1.073381622920761280e-01
4.593591825444023335e-01 -1.058961449651180942e-01
4.727745323894976259e-01 -1.043479341164584989e-01
4.863226084265935834e-01 -1.026979363370843917e-01
5.000000000000001110e-01 -1.009501404885796150e-01
5.138032638995313484e-01 -9.910805950298123834e-02
5.277289252273172915e-01 -9.717470393920604743e-02
5.417734782725895926e-01 -9.515258717994402871e-02
5.559333873942259308e-01 -9.304376064754767139e-02
5.702050879108284676e-01 -9.084987592095243591e-02
5.845849869981135649e-01 -8.857226920760905009e-02
5.990694645933862805e-01 -8.621206232705370953e-02
6.136548743068714895e-01 -8.377027325955990755e-02
6.283375443396724824e-01 -8.124792846738589092e-02
6.431137784081281117e-01 -7.864616866844516274e-02
6.579798566743311206e-01 -7.596633958996606983e-02
6.729320366825783939e-01 -7.321005950444653410e-02
6.879665543015128781e-01 -7.037925609624449963e-02
7.030796246717250231e-01 -6.747616645975519634e-02
7.182674431585703845e-01 -6.450329581407264479e-02
7.335261863099650226e-01 -6.146333284707835437e-02
7.488520128189207758e-01 -5.835902247362328987e-02
7.642410644905727191e-01 -5.519300019319640926e-02
7.796894672134594417e-01 -5.196759613253659760e-02
7.951933319348093443e-01 -4.868462121289235389e-02
8.107487556395898132e-01 -4.534515262923049378e-02
8.263518223330695855e-01 -4.194934089329983157e-02
8.419986040266501659e-01 -3.849626598268032079e-02
8.576851617267149397e-01 -3.498387554822689899e-02
8.734075464262507360e-01 -3.140904354407453997e-02
8.891618000989889303e-01 -2.776779292758759302e-02
9.049439566958173975e-01 -2.405573109169773655e-02
9.207500431432115162e-01 -2.026875129198922598e-02
9.365760803434354242e-01 -1.640405736374524193e-02
9.524180841762578398e-01 -1.246157233588735501e-02
9.682720665019324269e-01 -8.445793986009260401e-03
9.841340361651920166e-01 -4.368161794120135714e-03
9.999999999999998890e-01 -2.500000000000288450e-04
