9.999999999999998890e-01 2.500000000001105396e-04
9.841340361651920166e-01 1.452952492696727230e-02
9.682720665019324269e-01 2.660391040705664678e-02
9.524180841762578398e-01 3.743755127252856169e-02
9.365760803434354242e-01 4.768177504731043598e-02
9.207500431432115162e-01 5.774586133874985011e-02
9.049439566958173975e-01 6.785726292881416599e-02
8.891618000989889303e-01 7.811187776996482424e-02
8.734075464262507360e-01 8.851526344687189740e-02
8.576851617267149397e-01 9.901570862580663657e-02
8.419986040266501659e-01 1.095300810928718782e-01
8.263518223330695855e-01 1.199633608687042108e-01
8.107487556395898132e-01 1.302227414024720864e-01
7.951933319348093443e-01 1.402271439054375013e-01
7.796894672134594417e-01 1.499129414493458046e-01
7.642410644905727191e-01 1.592366325060715349e-01
7.488520128189207758e-01 1.681751400979248912e-01
7.335261863099650226e-01 1.767243445620343689e-01
7.182674431585703845e-01 1.848963869197959853e-01
7.030796246717250231e-01 1.927162076826486603e-01
6.879665543015128781e-01 2.002177141813113737e-01
6.729320366825783939e-01 2.074398995850286753e-01
6.579798566743311206e-01 2.144231699186259776e-01
6.431137784081281117e-01 2.212060726466074101e-01
6.283375443396724824e-01 2.278225626471936660e-01
6.136548743068714895e-01 2.342998893286791506e-01
5.990694645933862805e-01 2.406571427425135412e-01
5.845849869981135649e-01 2.469044571370871688e-01
5.702050879108284676e-01 2.530428376151210301e-01
5.559333873942259308e-01 2.590645493856856829e-01
5.417734782725895926e-01 2.649539893710539662e-01
5.277289252273172915e-01 2.706889463385227512e-01
5.138032638995313484e-01 2.762421478631964522e-01
5.000000000000001110e-01 2.815829897788520442e-01
4.863226084265935834e-01 2.866793457534201339e-01
4.727745323894976259e-01 2.914993605897308049e-01
4.593591825444023335e-01 2.960131401204009194e-01
4.460799361338897429e-01 3.001942624395322889e-01
4.329401361372292589e-01 3.040210489948506623e-01
4.199430904288018462e-01 3.074775490706510017e-01
4.070920709453594855e-01 3.105542067753400137e-01
3.943903128623333920e-01 3.132481952042216466e-01
3.818410137793947223e-01 3.155634174325238073e-01
3.694473329154774888e-01 3.175101879263559912e-01
3.572123903134606371e-01 3.191046204350510562e-01
3.451392660547150104e-01 3.203677591208111131e-01
3.332309994837083789e-01 3.213244983459317416e-01
3.214905884428678196e-01 3.220023430113977958e-01
3.099209885178879631e-01 3.224300655411980188e-01
2.985251122936787294e-01 3.226363175292675800e-01
2.873058286211370715e-01 3.226482537774833514e-01
2.762659618949298013e-01 3.224902240858265601e-01
2.654082913424666845e-01 3.221825838992302127e-01
2.547355503242452190e-01 3.217406690076269338e-01
2.442504256457417311e-01 3.211739722128502117e-01
2.339555568810219865e-01 3.204855515232752916e-01
2.238535357082431787e-01 3.196716903374640095e-01
2.139469052572124941e-01 3.187218205624038903e-01
2.042381594691679014e-01 3.176187100087187187e-01
1.947297424689413692e-01 3.163389060313813173e-01
1.854240479496642724e-01 3.148534185364599836e-01
1.763234185701672008e-01 3.131286174207475459e-01
1.674301453652287108e-01 3.111273124855354899e-01
1.587464671688187945e-01 3.088099780620374712e-01
1.502745700504856119e-01 3.061360801536894272e-01
1.420165867650229341e-01 3.030654609425985080e-01
1.339745962155614034e-01 2.995597340785743912e-01
1.261506229302150617e-01 2.955836442762080907e-01
1.185466365524179277e-01 2.911063463485307756e-01
1.111645513450765232e-01 2.861025618210338850e-01
1.040062257086641351e-01 2.805535755732114223e-01
9.707346171337882801e-02 2.744480403867158858e-01
9.036800464548166989e-02 2.677825636502298434e-01
8.389154256793041053e-02 2.605620575681167339e-01
7.764570589541863743e-02 2.527998418127425651e-01
7.163206698392743377e-02 2.445174954090401920e-01
6.585213973489323358e-02 2.357444625016230089e-01
6.030737921409157209e-02 2.265174242908814806e-01
5.499918128533154427e-02 2.168794566073614372e-01
4.992888225905456334e-02 2.068789991128305306e-01
4.509775855592612626e-02 1.965686677842262420e-01
4.050702638550263135e-02 1.860039469934018919e-01
3.615784144005795842e-02 1.752418010134280946e-01
3.205129860364375194e-02 1.643392470683212592e-01
2.818843167645834757e-02 1.533519330418182669e-01
2.457021311459295365e-02 1.423327626546387059e-01
2.119755378522125699e-02 1.313306093292372356e-01
1.807130273729329328e-02 1.203891571440268843e-01
1.519224698779197968e-02 1.095459033281686728e-01
1.256111132360571148e-02 9.883135178793682474e-02
1.017855811906731578e-02 8.826842133919120259e-02
8.045187169204659483e-03 7.787208582393757850e-02
6.161535538745877005e-03 6.764925630701976167e-02
4.528077426915411152e-03 5.759890828899348614e-02
3.145224048057615462e-03 4.771244954735264637e-02
2.013323528115562588e-03 3.797431704520162765e-02
1.132660816992037134e-03 2.836278453366287977e-02
5.034576168149174080e-04 1.885095621982492073e-02
1.258723261249317105e-04 9.407916357204873861e-03
0.000000000000000000e+00 0.000000000000000000e+00
1.258723261249317105e-04 -6.111205809118176735e-03
5.034576168149174080e-04 -1.216444083052800433e-02
1.132660816992037134e-03 -1.810326853745826067e-02
2.013323528115562588e-03 -2.387439978419236830e-02
3.145224048057615462e-03 -2.942915031303161913e-02
4.528077426915411152e-03 -3.472476265881327406e-02
6.161535538745877005e-03 -3.972555351130325346e-02
8.045187169204659483e-03 -4.440385273044561432e-02
1.017855811906731578e-02 -4.874070634525239781e-02
1.256111132360571148e-02 -5.272632282724178110e-02
1.519224698779197968e-02 -5.636024951271561417e-02
1.807130273729329328e-02 -5.965127403505164627e-02
2.119755378522125699e-02 -6.261705378633329599e-02
2.457021311459295365e-02 -6.528348451869647739e-02
2.818843167645834757e-02 -6.768382698211378168e-02
3.205129860364375194e-02 -6.985761774670137814e-02
3.615784144005795842e-02 -7.184939685777361196e-02
4.050702638550263135e-02 -7.370729052476718279e-02
4.509775855592612626e-02 -7.548149148079344450e-02
4.992888225905456334e-02 -7.722268282901466330e-02
5.499918128533154427e-02 -7.898045301171434385e-02
6.030737921409157209e-02 -8.080174993297929709e-02
6.585213973489323358e-02 -8.272942121251862513e-02
7.163206698392743377e-02 -8.480088506470954968e-02
7.764570589541863743e-02 -8.704697244417906876e-02
8.389154256793041053e-02 -8.949097597891808586e-02
9.036800464548166989e-02 -9.214793496474639467e-02
9.707346171337882801e-02 -9.502417849695699026e-02
1.040062257086641351e-01 -9.811714087314249433e-02
1.111645513450765232e-01 -1.014154549479866219e-01
1.185466365524179277e-01 -1.048993204078470798e-01
1.261506229302150617e-01 -1.085411352241766048e-01
1.339745962155614034e-01 -1.123063701089732497e-01
1.420165867650229341e-01 -1.161546578983403549e-01
1.502745700504856119e-01 -1.200410626868971820e-01
1.587464671688187945e-01 -1.239174874627193557e-01
1.674301453652287108e-01 -1.277341741602039948e-01
1.763234185701672008e-01 -1.314412466343734820e-01
1.854240479496642724e-01 -1.349902452031911115e-01
1.947297424689413692e-01 -1.383356011986567324e-01
2.042381594691679014e-01 -1.414360014584745973e-01
2.139469052572124941e-01 -1.442555958721684628e-01
2.238535357082431787e-01 -1.467650059099101234e-01
2.339555568810219865e-01 -1.489420983971271872e-01
2.442504256457417311e-01 -1.507724964895673925e-01
2.547355503242452190e-01 -1.522498086395181471e-01
2.654082913424666845e-01 -1.533755660675810151e-01
2.762659618949298013e-01 -1.541588695705928269e-01
2.873058286211370715e-01 -1.546157570786268753e-01
2.985251122936787294e-01 -1.547683138734466668e-01
3.099209885178879631e-01 -1.546435574351447961e-01
3.214905884428678196e-01 -1.542721381280582615e-01
3.332309994837083789e-01 -1.536869050147502413e-01
3.451392660547150104e-01 -1.529213926608997132e-01
3.572123903134606371e-01 -1.520082895584424221e-01
3.694473329154774888e-01 -1.509779514857235994e-01
3.818410137793947223e-01 -1.498570235312973731e-01
3.943903128623333920e-01 -1.486672324848618831e-01
4.070920709453594855e-01 -1.474244067689901017e-01
4.199430904288018462e-01 -1.461377740522886159e-01
4.329401361372292589e-01 -1.448095772368388767e-01
4.460799361338897429e-01 -1.434350378274111271e-01
4.593591825444023335e-01 -1.420026820346461660e-01
4.727745323894976259e-01 -1.404950296967693024e-01
4.863226084265935834e-01 -1.388896296690070586e-01
5.000000000000001110e-01 -1.371604082528953827e-01
5.138032638995313484e-01 -1.352792801189940386e-01
5.277289252273172915e-01 -1.332179546794302338e-01
5.417734782725895926e-01 -1.309498557051984313e-01
5.559333873942259308e-01 -1.284520589071141139e-01
5.702050879108284676e-01 -1.257071419776645271e-01
5.845849869981135649e-01 -1.227048349930961041e-01
5.990694645933862805e-01 -1.194433568508506682e-01
6.136548743068714895e-01 -1.159303262763761583e-01
6.283375443396724824e-01 -1.121831445228670815e-01
6.431137784081281117e-01 -1.082287617712865829e-01
6.579798566743311206e-01 -1.041027608745347804e-01
6.729320366825783939e-01 -9.984772081136111810e-02
6.879665543015128781e-01 -9.551085820982102570e-02
7.030796246717250231e-01 -9.114098859110711381e-02
7.182674431585703845e-01 -8.678489941867423285e-02
7.335261863099650226e-01 -8.248328427022351417e-02
7.488520128189207758e-01 -7.826645093680358045e-02
7.642410644905727191e-01 -7.415008524370834964e-02
7.796894672134594417e-01 -7.013142592405323394e-02
7.951933319348093443e-01 -6.618628279477242748e-02
8.107487556395898132e-01 -6.226740942476729351e-02
8.263518223330695855e-01 -5.830482089758310532e-02
8.419986040266501659e-01 -5.420872543689390227e-02
8.576851617267149397e-01 -4.987581371255607465e-02
8.734075464262507360e-01 -4.519971958318277916e-02
8.891618000989889303e-01 -4.008652876742978266e-02
9.049439566958173975e-01 -3.447626531727961824e-02
9.207500431432115162e-01 -2.837132761373570983e-02
9.365760803434354242e-01 -2.187287375390290986e-02
9.524180841762578398e-01 -1.522616854048724523e-02
9.682720665019324269e-01 -8.875898813191458736e-03
9.841340361651920166e-01 -3.532438715409483548e-03
9.999999999999998890e-01 -2.500000000000125277e-04
