9.999999999999998890e-01 2.500000000001128164e-04
9.841340361651920166e-01 1.568423323893941915e-02
9.682720665019324269e-01 3.006384282769901731e-02
9.524180841762578398e-01 4.377098051328846828e-02
9.365760803434354242e-01 5.706457634121453459e-02
9.207500431432115162e-01 7.010821358052990449e-02
9.049439566958173975e-01 8.299376663907340190e-02
8.891618000989889303e-01 9.576113495299133638e-02
8.734075464262507360e-01 1.084144225208868301e-01
8.576851617267149397e-01 1.209349218270484028e-01
8.419986040266501659e-01 1.332912629527590043e-01
8.263518223330695855e-01 1.454470843709335937e-01
8.107487556395898132e-01 1.573665719708700894e-01
7.951933319348093443e-01 1.690181980166079456e-01
7.796894672134594417e-01 1.803769727746280249e-01
7.642410644905727191e-01 1.914254992302048264e-01
7.488520128189207758e-01 2.021540964136024077e-01
7.335261863099650226e-01 2.125602301225568980e-01
7.182674431585703845e-01 2.226474619673270150e-01
7.030796246717250231e-01 2.324240993459732174e-01
6.879665543015128781e-01 2.419017007940988118e-01
6.729320366825783939e-01 2.510935636980907160e-01
6.579798566743311206e-01 2.600132951005514337e-01
6.431137784081281117e-01 2.686735416772594309e-01
6.283375443396724824e-01 2.770849322697894190e-01
6.136548743068714895e-01 2.852552658861479129e-01
5.990694645933862805e-01 2.931889600294830256e-01
5.845849869981135649e-01 3.008867587068525529e-01
5.702050879108284676e-01 3.083456865630056498e-01
5.559333873942259308e-01 3.155592252713834700e-01
5.417734782725895926e-01 3.225176805312167660e-01
5.277289252273172915e-01 3.292087026488957902e-01
5.138032638995313484e-01 3.356179205618928796e-01
5.000000000000001110e-01 3.417296480949122417e-01
4.863226084265935834e-01 3.475276219910244380e-01
4.727745323894976259e-01 3.529957335833613929e-01
4.593591825444023335e-01 3.581187195988990157e-01
4.460799361338897429e-01 3.628827822411044290e-01
4.329401361372292589e-01 3.672761141088632386e-01
4.199430904288018462e-01 3.712893094077142631e-01
4.070920709453594855e-01 3.749156490411072462e-01
3.943903128623333920e-01 3.781512532971064156e-01
3.818410137793947223e-01 3.809951017549659258e-01
3.694473329154774888e-01 3.834489255376615779e-01
3.572123903134606371e-01 3.855169819710142498e-01
3.451392660547150104e-01 3.872057259485514602e-01
3.332309994837083789e-01 3.885233957467770782e-01
3.214905884428678196e-01 3.894795336231627325e-01
3.099209885178879631e-01 3.900844632257420286e-01
2.985251122936787294e-01 3.903487466456125876e-01
2.873058286211370715e-01 3.902826438772178386e-01
2.762659618949298013e-01 3.898955965668054469e-01
2.654082913424666845e-01 3.891957563004246889e-01
2.547355503242452190e-01 3.881895754016205791e-01
2.442504256457417311e-01 3.868814753833819120e-01
2.339555568810219865e-01 3.852736049478217017e-01
2.238535357082431787e-01 3.833656958767511780e-01
2.139469052572124941e-01 3.811550214360614475e-01
2.042381594691679014e-01 3.786364581553127162e-01
1.947297424689413692e-01 3.758026481652926853e-01
1.854240479496642724e-01 3.726442557969282254e-01
1.763234185701672008e-01 3.691503089702583007e-01
1.674301453652287108e-01 3.653086131242773149e-01
1.587464671688187945e-01 3.611062231337436867e-01
1.502745700504856119e-01 3.565299568868386393e-01
1.420165867650229341e-01 3.515669329988717617e-01
1.339745962155614034e-01 3.462051145343563174e-01
1.261506229302150617e-01 3.404338406062507039e-01
1.185466365524179277e-01 3.342443283022895617e-01
1.111645513450765232e-01 3.276301285222031345e-01
1.040062257086641351e-01 3.205875209486033772e-01
9.707346171337882801e-02 3.131158354568073787e-01
9.036800464548166989e-02 3.052176897215558293e-01
8.389154256793041053e-02 2.968991355188215775e-01
7.764570589541863743e-02 2.881697091593438120e-01
7.163206698392743377e-02 2.790423845338473319e-01
6.585213973489323358e-02 2.695334303036206469e-01
6.030737921409157209e-02 2.596621757412306275e-01
5.499918128533154427e-02 2.494506925258805630e-01
4.992888225905456334e-02 2.389234023440705013e-01
4.509775855592612626e-02 2.281066223654861225e-01
4.050702638550263135e-02 2.170280624938515646e-01
3.615784144005795842e-02 2.057162896826795206e-01
3.205129860364375194e-02 1.942001755198246027e-01
2.818843167645834757e-02 1.825083437003539866e-01
2.457021311459295365e-02 1.706686339171541444e-01
2.119755378522125699e-02 1.587075981104257849e-01
1.807130273729329328e-02 1.466500439527083088e-01
1.519224698779197968e-02 1.345186389409199768e-01
1.256111132360571148e-02 1.223335865691100449e-01
1.017855811906731578e-02 1.101123838242198116e-01
8.045187169204659483e-03 9.786966675030499274e-02
6.161535538745877005e-03 8.561714813975267180e-02
4.528077426915411152e-03 7.336364861332339560e-02
3.145224048057615462e-03 6.111521952740710251e-02
2.013323528115562588e-03 4.887535337987933964e-02
1.132660816992037134e-03 3.664527475669767526e-02
5.034576168149174080e-04 2.442430244667740530e-02
1.258723261249317105e-04 1.221027122211560366e-02
0.000000000000000000e+00 0.000000000000000000e+00
1.258723261249317105e-04 -1.074506649758597172e-02
5.034576168149174080e-04 -2.145251773809691426e-02
1.132660816992037134e-03 -3.208548968827910214e-02
2.013323528115562588e-03 -4.260872316350311495e-02
3.145224048057615462e-03 -5.298930822778700339e-02
4.528077426915411152e-03 -6.319736085598512410e-02
6.161535538745877005e-03 -7.320661238853345965e-02
8.045187169204659483e-03 -8.299489485970945601e-02
1.017855811906731578e-02 -9.254450832865700194e-02
1.256111132360571148e-02 -1.018424598008933757e-01
1.519224698779197968e-02 -1.108805670970795104e-01
1.807130273729329328e-02 -1.196554249965995215e-01
2.119755378522125699e-02 -1.281682350409629190e-01
2.457021311459295365e-02 -1.364245044080326097e-01
2.818843167645834757e-02 -1.444336231448502816e-01
3.205129860364375194e-02 -1.522083326601754993e-01
3.615784144005795842e-02 -1.597641016205096909e-01
4.050702638550263135e-02 -1.671184281680292150e-01
4.509775855592612626e-02 -1.742900896010395329e-01
4.992888225905456334e-02 -1.812983622581454402e-01
5.499918128533154427e-02 -1.881622352746719629e-01
6.030737921409157209e-02 -1.948996421014236591e-01
6.585213973489323358e-02 -2.015267331794211858e-01
7.163206698392743377e-02 -2.080572119584124802e-01
7.764570589541863743e-02 -2.145017545613192300e-01
8.389154256793041053e-02 -2.208675308812370341e-01
9.036800464548166989e-02 -2.271578418213178185e-01
9.707346171337882801e-02 -2.333718838375284377e-01
1.040062257086641351e-01 -2.395046480219072682e-01
1.111645513450765232e-01 -2.455469567842218648e-01
1.185466365524179277e-01 -2.514856368771031248e-01
1.261506229302150617e-01 -2.573038231941795484e-01
1.339745962155614034e-01 -2.629813835853085924e-01
1.420165867650229341e-01 -2.684954510092043556e-01
1.502745700504856119e-01 -2.738210458078415566e-01
1.587464671688187945e-01 -2.789317678561806235e-01
1.674301453652287108e-01 -2.838005359194393229e-01
1.763234185701672008e-01 -2.884003498266252685e-01
1.854240479496642724e-01 -2.927050501123950044e-01
1.947297424689413692e-01 -2.966900496367421147e-01
2.042381594691679014e-01 -3.003330123868729884e-01
2.139469052572124941e-01 -3.036144561958533106e-01
2.238535357082431787e-01 -3.065182584500396601e-01
2.339555568810219865e-01 -3.090320469475277831e-01
2.442504256457417311e-01 -3.111474618329317932e-01
2.547355503242452190e-01 -3.128602788656927314e-01
2.654082913424666845e-01 -3.141703890538268262e-01
2.762659618949298013e-01 -3.150816347575413068e-01
2.873058286211370715e-01 -3.156015075769842970e-01
2.985251122936787294e-01 -3.157407185137803829e-01
3.099209885178879631e-01 -3.155126558585625851e-01
3.214905884428678196e-01 -3.149327508265921116e-01
3.332309994837083789e-01 -3.140177749648647709e-01
3.451392660547150104e-01 -3.127850966204914207e-01
3.572123903134606371e-01 -3.112519261404604332e-01
3.694473329154774888e-01 -3.094345808367473527e-01
3.818410137793947223e-01 -3.073478009937695155e-01
3.943903128623333920e-01 -3.050041472439563028e-01
4.070920709453594855e-01 -3.024135074535720391e-01
4.199430904288018462e-01 -2.995827378456493717e-01
4.329401361372292589e-01 -2.965154584825464013e-01
4.460799361338897429e-01 -2.932120175234245174e-01
4.593591825444023335e-01 -2.896696319926618246e-01
4.727745323894976259e-01 -2.858827053189240686e-01
4.863226084265935834e-01 -2.818433138492605350e-01
5.000000000000001110e-01 -2.775418461663415881e-01
5.138032638995313484e-01 -2.729677706343568433e-01
5.277289252273172915e-01 -2.681104984959796211e-01
5.417734782725895926e-01 -2.629603023901183056e-01
5.559333873942259308e-01 -2.575092437266032208e-01
5.702050879108284676e-01 -2.517520573177451371e-01
5.845849869981135649e-01 -2.456869384064054584e-01
5.990694645933862805e-01 -2.393161761150419675e-01
6.136548743068714895e-01 -2.326465787195193813e-01
6.283375443396724824e-01 -2.256896403443728882e-01
6.431137784081281117e-01 -2.184614059606140302e-01
6.579798566743311206e-01 -2.109820021693947223e-01
6.729320366825783939e-01 -2.032748153393386381e-01
6.879665543015128781e-01 -1.953653163252078162e-01
7.030796246717250231e-01 -1.872795522438113758e-01
7.182674431585703845e-01 -1.790423505451338160e-01
7.335261863099650226e-01 -1.706753087242048050e-01
7.488520128189207758e-01 -1.621946742055076773e-01
7.642410644905727191e-01 -1.536092528287366366e-01
7.796894672134594417e-01 -1.449185205022692768e-01
7.951933319348093443e-01 -1.361111503976583093e-01
8.107487556395898132e-01 -1.271642068658832836e-01
8.263518223330695855e-01 -1.180432963031312205e-01
8.419986040266501659e-01 -1.087040036353301570e-01
8.576851617267149397e-01 -9.909498000735550427e-02
8.734075464262507360e-01 -8.916308167380475325e-02
8.891618000989889303e-01 -7.886099096526803798e-02
9.049439566958173975e-01 -6.815777648792693821e-02
9.207500431432115162e-01 -5.705287033314114520e-02
9.365760803434354242e-01 -4.559395396227904768e-02
9.524180841762578398e-01 -3.389925055296799661e-02
9.682720665019324269e-01 -2.218471895814142295e-02
9.841340361651920166e-01 -1.079663212247626743e-02
9.999999999999998890e-01 -2.500000000000692857e-04
