9.999999999999998890e-01 2.500000000000300376e-04
9.841340361651920166e-01 4.460198735250271544e-03
9.682720665019324269e-01 8.515232708721530430e-03
9.524180841762578398e-01 1.243557308653931749e-02
9.365760803434354242e-01 1.623508400818664613e-02
9.207500431432115162e-01 1.992253393903276049e-02
9.049439566958173975e-01 2.350287524892072724e-02
8.891618000989889303e-01 2.697831063330409507e-02
8.734075464262507360e-01 3.034916584609470905e-02
8.576851617267149397e-01 3.361458864751953879e-02
8.419986040266501659e-01 3.677309391982426512e-02
8.263518223330695855e-01 3.982297460622655216e-02
8.107487556395898132e-01 4.276259752448279688e-02
7.951933319348093443e-01 4.559060223802575279e-02
7.796894672134594417e-01 4.830602007806049369e-02
7.642410644905727191e-01 5.090832914261953640e-02
7.488520128189207758e-01 5.339745969605698417e-02
7.335261863099650226e-01 5.577376289611851723e-02
7.182674431585703845e-01 5.803795422482655592e-02
7.030796246717250231e-01 6.019104143064108597e-02
6.879665543015128781e-01 6.223424523626198968e-02
6.729320366825783939e-01 6.416891955912022716e-02
6.579798566743311206e-01 6.599647655634928445e-02
6.431137784081281117e-01 6.771832046512803183e-02
6.283375443396724824e-01 6.933579298091137322e-02
6.136548743068714895e-01 7.085013181422933348e-02
5.990694645933862805e-01 7.226244310136627214e-02
5.845849869981135649e-01 7.357368752128054523e-02
5.702050879108284676e-01 7.478467929278688475e-02
5.559333873942259308e-01 7.589609669099434131e-02
5.417734782725895926e-01 7.690850232579078682e-02
5.277289252273172915e-01 7.782237116048958125e-02
5.138032638995313484e-01 7.863812410589124391e-02
5.000000000000001110e-01 7.935616499224375231e-02
4.863226084265935834e-01 7.997691878563396861e-02
4.727745323894976259e-01 8.050086906179865220e-02
4.593591825444023335e-01 8.092859296411518411e-02
4.460799361338897429e-01 8.126079213823939051e-02
4.329401361372292589e-01 8.149831843825222633e-02
4.199430904288018462e-01 8.164219352348965619e-02
4.070920709453594855e-01 8.169362179751028796e-02
3.943903128623333920e-01 8.165399646805533707e-02
3.818410137793947223e-01 8.152489881787408632e-02
3.694473329154774888e-01 8.130809106096711925e-02
3.572123903134606371e-01 8.100550340886394918e-02
3.451392660547150104e-01 8.061921618050736649e-02
3.332309994837083789e-01 8.015143795249937697e-02
3.214905884428678196e-01 7.960448086101924725e-02
3.099209885178879631e-01 7.898073423158458173e-02
2.985251122936787294e-01 7.828263772859077319e-02
2.873058286211370715e-01 7.751265518539854349e-02
2.762659618949298013e-01 7.667325020118685719e-02
2.654082913424666845e-01 7.576686447761114829e-02
2.547355503242452190e-01 7.479589972224837124e-02
2.442504256457417311e-01 7.376270377339570750e-02
2.339555568810219865e-01 7.266956140907741835e-02
2.238535357082431787e-01 7.151869009946462685e-02
2.139469052572124941e-01 7.031224075376586724e-02
2.042381594691679014e-01 6.905230330727861465e-02
1.947297424689413692e-01 6.774091679863374071e-02
1.854240479496642724e-01 6.638008340768755677e-02
1.763234185701672008e-01 6.497178576668002914e-02
1.674301453652287108e-01 6.351800672598942321e-02
1.587464671688187945e-01 6.202075065490520595e-02
1.502745700504856119e-01 6.048206529010993759e-02
1.420165867650229341e-01 5.890406311169047587e-02
1.339745962155614034e-01 5.728894122907977199e-02
1.261506229302150617e-01 5.563899879683396194e-02
1.185466365524179277e-01 5.395665105100395931e-02
1.111645513450765232e-01 5.224443915850798120e-02
1.040062257086641351e-01 5.050503520089944659e-02
9.707346171337882801e-02 4.874124176604460734e-02
9.036800464548166989e-02 4.695598579162175296e-02
8.389154256793041053e-02 4.515230648770462291e-02
7.764570589541863743e-02 4.333333735634553596e-02
7.163206698392743377e-02 4.150228251822361131e-02
6.585213973489323358e-02 3.966238774428052644e-02
6.030737921409157209e-02 3.781690676821270608e-02
5.499918128533154427e-02 3.596906361843858063e-02
4.992888225905456334e-02 3.412201185090685956e-02
4.509775855592612626e-02 3.227879168264623927e-02
4.050702638550263135e-02 3.044228611678890389e-02
3.615784144005795842e-02 2.861517721024813346e-02
3.205129860364375194e-02 2.679990366346831840e-02
2.818843167645834757e-02 2.499862090680338156e-02
2.457021311459295365e-02 2.321316482013626240e-02
2.119755378522125699e-02 2.144502015228640784e-02
1.807130273729329328e-02 1.969529460640137217e-02
1.519224698779197968e-02 1.796469942957407834e-02
1.256111132360571148e-02 1.625353719279831050e-02
1.017855811906731578e-02 1.456169727516709242e-02
8.045187169204659483e-03 1.288865937856647700e-02
6.161535538745877005e-03 1.123350520107729150e-02
4.528077426915411152e-03 9.594938194197112288e-03
3.145224048057615462e-03 7.971311126307939823e-03
2.013323528115562588e-03 6.360660977979953716e-03
1.132660816992037134e-03 4.760750509021628891e-03
5.034576168149174080e-04 3.169115667639576996e-03
1.258723261249317105e-04 1.583117863211689399e-03
0.000000000000000000e+00 0.000000000000000000e+00
1.258723261249317105e-04 -1.326768637194525096e-03
5.034576168149174080e-04 -2.646475727282760187e-03
1.132660816992037134e-03 -3.952094465589611749e-03
2.013323528115562588e-03 -5.236791185824107159e-03
3.145224048057615462e-03 -6.494016409907956561e-03
4.528077426915411152e-03 -7.717589429626162296e-03
6.161535538745877005e-03 -8.901774533498121866e-03
8.045187169204659483e-03 -1.004134721375011911e-02
1.017855811906731578e-02 -1.113164895356161255e-02
1.256111132360571148e-02 -1.216862949661227065e-02
1.519224698779197968e-02 -1.314887583111975719e-02
1.807130273729329328e-02 -1.406962746998233899e-02
2.119755378522125699e-02 -1.492877796775205455e-02
2.457021311459295365e-02 -1.572486297408867001e-02
2.818843167645834757e-02 -1.645703547221005411e-02
3.205129860364375194e-02 -1.712502918003415073e-02
3.615784144005795842e-02 -1.772911139210244652e-02
4.050702638550263135e-02 -1.827002680365514414e-02
4.509775855592612626e-02 -1.874893407707400178e-02
4.992888225905456334e-02 -1.916733707921232724e-02
5.499918128533154427e-02 -1.952701283117881312e-02
6.030737921409157209e-02 -1.982993826674840990e-02
6.585213973489323358e-02 -2.007821789019021905e-02
7.163206698392743377e-02 -2.027401435906560009e-02
7.764570589541863743e-02 -2.041948389430225941e-02
8.389154256793041053e-02 -2.051671824209407025e-02
9.036800464548166989e-02 -2.056769468500599385e-02
9.707346171337882801e-02 -2.057423532962772764e-02
1.040062257086641351e-01 -2.053797659306251175e-02
1.111645513450765232e-01 -2.046034947938857318e-02
1.185466365524179277e-01 -2.034257088976851660e-02
1.261506229302150617e-01 -2.018564585646416207e-02
1.339745962155614034e-01 -1.999038024229405491e-02
1.420165867650229341e-01 -1.975740311369209024e-02
1.502745700504856119e-01 -1.948719768781631903e-02
1.587464671688187945e-01 -1.918013948182708747e-02
1.674301453652287108e-01 -1.883654006429297256e-02
1.763234185701672008e-01 -1.845669463229539231e-02
1.854240479496642724e-01 -1.804093151934521577e-02
1.947297424689413692e-01 -1.758966168320165793e-02
2.042381594691679014e-01 -1.710342623176308585e-02
2.139469052572124941e-01 -1.658294012009270402e-02
2.238535357082431787e-01 -1.602913029102040823e-02
2.339555568810219865e-01 -1.544316673223975790e-02
2.442504256457417311e-01 -1.482648517898753175e-02
2.547355503242452190e-01 -1.418080049591714277e-02
2.654082913424666845e-01 -1.350811011554873230e-02
2.762659618949298013e-01 -1.281068728302627892e-02
2.873058286211370715e-01 -1.209106424586576384e-02
2.985251122936787294e-01 -1.135200591998178181e-02
3.099209885178879631e-01 -1.059647494594185765e-02
3.214905884428678196e-01 -9.827589408283815900e-03
3.332309994837083789e-01 -9.048574812178031626e-03
3.451392660547150104e-01 -8.262712182657750218e-03
3.572123903134606371e-01 -7.473284360051775897e-03
3.694473329154774888e-01 -6.683522700573965927e-03
3.818410137793947223e-01 -5.896556444577378230e-03
3.943903128623333920e-01 -5.115366980355517783e-03
4.070920709453594855e-01 -4.342749104774307201e-03
4.199430904288018462e-01 -3.581281162554530561e-03
4.329401361372292589e-01 -2.833305635951585601e-03
4.460799361338897429e-01 -2.100921361453611351e-03
4.593591825444023335e-01 -1.385988078894949708e-03
4.727745323894976259e-01 -6.901434834005287485e-04
4.863226084265935834e-01 -1.483236748945287271e-05
5.000000000000001110e-01 6.386531717580432119e-04
5.138032638995313484e-01 1.269124105704244783e-03
5.277289252273172915e-01 1.875437676316734368e-03
5.417734782725895926e-01 2.456436237722048853e-03
5.559333873942259308e-01 3.010885038509654270e-03
5.702050879108284676e-01 3.537412638682403167e-03
5.845849869981135649e-01 4.034457920442396754e-03
5.990694645933862805e-01 4.500227761951441918e-03
6.136548743068714895e-01 4.932669371052956359e-03
6.283375443396724824e-01 5.329460997069920825e-03
6.431137784081281117e-01 5.688024231543773596e-03
6.579798566743311206e-01 6.005560355260683783e-03
6.729320366825783939e-01 6.279112175783374723e-03
6.879665543015128781e-01 6.505651518909764432e-03
7.030796246717250231e-01 6.682190986914739346e-03
7.182674431585703845e-01 6.805916780542151275e-03
7.335261863099650226e-01 6.874337311980989115e-03
7.488520128189207758e-01 6.885440031368031920e-03
7.642410644905727191e-01 6.837846376239391059e-03
7.796894672134594417e-01 6.730952066074897405e-03
7.951933319348093443e-01 6.565037144586551195e-03
8.107487556395898132e-01 6.341327270085917074e-03
8.263518223330695855e-01 6.061984825565107891e-03
8.419986040266501659e-01 5.730005527954982504e-03
8.576851617267149397e-01 5.348993429027115720e-03
8.734075464262507360e-01 4.922784592043671394e-03
8.891618000989889303e-01 4.454887375736243590e-03
9.049439566958173975e-01 3.947705240234284860e-03
9.207500431432115162e-01 3.401506389051874371e-03
9.365760803434354242e-01 2.813103457749834956e-03
9.524180841762578398e-01 2.174205932106760501e-03
9.682720665019324269e-01 1.469408101716988303e-03
9.841340361651920166e-01 6.737761988320498455e-04
9.999999999999998890e-01 -2.499999999999929579e-04
