9.999999999999998890e-01 2.500000000000558416e-04
9.841340361651920166e-01 8.116553142106427629e-03
9.682720665019324269e-01 1.572278087436232430e-02
9.524180841762578398e-01 2.303586118439116329e-02
9.365760803434354242e-01 3.002467551342287086e-02
9.207500431432115162e-01 3.666153161979109759e-02
9.049439566958173975e-01 4.292340195946462572e-02
8.891618000989889303e-01 4.879273281823417324e-02
8.734075464262507360e-01 5.425787983019304123e-02
8.576851617267149397e-01 5.931322493263434248e-02
8.419986040266501659e-01 6.395902833621672223e-02
8.263518223330695855e-01 6.820106683658420932e-02
8.107487556395898132e-01 7.205010687016968896e-02
7.951933319348093443e-01 7.552125723627449438e-02
7.796894672134594417e-01 7.863324248410660799e-02
7.642410644905727191e-01 8.140763371041914720e-02
7.488520128189207758e-01 8.386806904065965962e-02
7.335261863099650226e-01 8.603949147911804651e-02
7.182674431585703845e-01 8.794742720993313501e-02
7.030796246717250231e-01 8.961732290162006953e-02
6.879665543015128781e-01 9.107395619467223424e-02
6.729320366825783939e-01 9.234092940658183979e-02
6.579798566743311206e-01 9.344025263260309633e-02
6.431137784081281117e-01 9.439201890414737617e-02
6.283375443396724824e-01 9.521417092913514457e-02
6.136548743068714895e-01 9.592235620819015984e-02
5.990694645933862805e-01 9.652986501470310621e-02
5.845849869981135649e-01 9.704764385263378590e-02
5.702050879108284676e-01 9.748437556086074485e-02
5.559333873942259308e-01 9.784661620538763482e-02
5.417734782725895926e-01 9.813897827119218154e-02
5.277289252273172915e-01 9.836434940735525045e-02
5.138032638995313484e-01 9.852413605978212197e-02
5.000000000000001110e-01 9.861852170797996697e-02
4.863226084265935834e-01 9.864673006499778685e-02
4.727745323894976259e-01 9.860728445931556119e-02
4.593591825444023335e-01 9.849825564941080969e-02
4.460799361338897429e-01 9.831749148092917834e-02
4.329401361372292589e-01 9.806282303864868877e-02
4.199430904288018462e-01 9.773224322831945698e-02
4.070920709453594855e-01 9.732405500715816948e-02
3.943903128623333920e-01 9.683698772980592340e-02
3.818410137793947223e-01 9.627028125641234890e-02
3.694473329154774888e-01 9.562373855314623694e-02
3.572123903134606371e-01 9.489774847962002824e-02
3.451392660547150104e-01 9.409328128426795723e-02
3.332309994837083789e-01 9.321186000458886456e-02
3.214905884428678196e-01 9.225551148641038257e-02
3.099209885178879631e-01 9.122670109196957811e-02
2.985251122936787294e-01 9.012825536235015422e-02
2.873058286211370715e-01 8.896327694173121470e-02
2.762659618949298013e-01 8.773505596894363989e-02
2.654082913424666845e-01 8.644698190936390969e-02
2.547355503242452190e-01 8.510245945338038021e-02
2.442504256457417311e-01 8.370483166496352212e-02
2.339555568810219865e-01 8.225731304527304777e-02
2.238535357082431787e-01 8.076293460272732094e-02
2.139469052572124941e-01 7.922450241387538061e-02
2.042381594691679014e-01 7.764457053982828927e-02
1.947297424689413692e-01 7.602542855118896159e-02
1.854240479496642724e-01 7.436910332929734524e-02
1.763234185701672008e-01 7.267737427032926190e-02
1.674301453652287108e-01 7.095180053633122486e-02
1.587464671688187945e-01 6.919375858612286656e-02
1.502745700504856119e-01 6.740448788893629861e-02
1.420165867650229341e-01 6.558514248158221760e-02
1.339745962155614034e-01 6.373684587981104377e-02
1.261506229302150617e-01 6.186074679740721088e-02
1.185466365524179277e-01 5.995807316062589515e-02
1.111645513450765232e-01 5.803018202638229872e-02
1.040062257086641351e-01 5.607860321321901653e-02
9.707346171337882801e-02 5.410507472543636676e-02
9.036800464548166989e-02 5.211156838196740609e-02
8.389154256793041053e-02 5.010030444026570412e-02
7.764570589541863743e-02 4.807375441824020268e-02
7.163206698392743377e-02 4.603463175007317665e-02
6.585213973489323358e-02 4.398587035033513226e-02
6.030737921409157209e-02 4.193059159110185119e-02
5.499918128533154427e-02 3.987206060531630486e-02
4.992888225905456334e-02 3.781363320392829019e-02
4.509775855592612626e-02 3.575869502318761856e-02
4.050702638550263135e-02 3.371059479226324457e-02
3.615784144005795842e-02 3.167257382234921897e-02
3.205129860364375194e-02 2.964769396084439984e-02
2.818843167645834757e-02 2.763876632446812462e-02
2.457021311459295365e-02 2.564828312189711482e-02
2.119755378522125699e-02 2.367835480051057317e-02
1.807130273729329328e-02 2.173065460607703087e-02
1.519224698779197968e-02 1.980637243371960107e-02
1.256111132360571148e-02 1.790617958012309663e-02
1.017855811906731578e-02 1.603020568920755437e-02
8.045187169204659483e-03 1.417802882627245548e-02
6.161535538745877005e-03 1.234867922988259342e-02
4.528077426915411152e-03 1.054065688823070668e-02
3.145224048057615462e-03 8.751962679511660764e-03
2.013323528115562588e-03 6.980142416151493417e-03
1.132660816992037134e-03 5.222342752464307486e-03
5.034576168149174080e-04 3.475377565721757614e-03
1.258723261249317105e-04 1.735803112039399415e-03
0.000000000000000000e+00 0.000000000000000000e+00
1.258723261249317105e-04 -1.497397085582864501e-03
5.034576168149174080e-04 -2.986362617769165468e-03
1.132660816992037134e-03 -4.458533090411785464e-03
2.013323528115562588e-03 -5.905803574197888289e-03
3.145224048057615462e-03 -7.320448597032657052e-03
4.528077426915411152e-03 -8.695233198646196843e-03
6.161535538745877005e-03 -1.002351133131362815e-02
8.045187169204659483e-03 -1.129930914517944182e-02
1.017855811906731578e-02 -1.251739113462588780e-02
1.256111132360571148e-02 -1.367330761872200331e-02
1.519224698779197968e-02 -1.476342256959617925e-02
1.807130273729329328e-02 -1.578492137181023228e-02
2.119755378522125699e-02 -1.673579867681807345e-02
2.457021311459295365e-02 -1.761482709226567037e-02
2.818843167645834757e-02 -1.842150799920634976e-02
3.205129860364375194e-02 -1.915600630477790750e-02
3.615784144005795842e-02 -1.981907139805620666e-02
4.050702638550263135e-02 -2.041194696867553587e-02
4.509775855592612626e-02 -2.093627265929184911e-02
4.992888225905456334e-02 -2.139398074422186810e-02
5.499918128533154427e-02 -2.178719115034684004e-02
6.030737921409157209e-02 -2.211810815816075970e-02
6.585213973489323358e-02 -2.238892203918379717e-02
7.163206698392743377e-02 -2.260171870242677974e-02
7.764570589541863743e-02 -2.275840014182583040e-02
8.389154256793041053e-02 -2.286061810618841839e-02
9.036800464548166989e-02 -2.290972296364249955e-02
9.707346171337882801e-02 -2.290672921685894467e-02
1.040062257086641351e-01 -2.285229855866075313e-02
1.111645513450765232e-01 -2.274674075711660692e-02
1.185466365524179277e-01 -2.259003204329943990e-02
1.261506229302150617e-01 -2.238185006290298318e-02
1.339745962155614034e-01 -2.212162386451257956e-02
1.420165867650229341e-01 -2.180859685194263750e-02
1.502745700504856119e-01 -2.144190014428805358e-02
1.587464671688187945e-01 -2.102063338240991661e-02
1.674301453652287108e-01 -2.054394970977042531e-02
1.763234185701672008e-01 -2.001114145168435624e-02
1.854240479496642724e-01 -1.942172293009226947e-02
1.947297424689413692e-01 -1.877550688751311939e-02
2.042381594691679014e-01 -1.807267115691052820e-02
2.139469052572124941e-01 -1.731381250297940252e-02
2.238535357082431787e-01 -1.649998497002911832e-02
2.339555568810219865e-01 -1.563272059342245279e-02
2.442504256457417311e-01 -1.471403095274080933e-02
2.547355503242452190e-01 -1.374638874911147425e-02
2.654082913424666845e-01 -1.273268935669165033e-02
2.762659618949298013e-01 -1.167619310644304152e-02
2.873058286211370715e-01 -1.058044988389962061e-02
2.985251122936787294e-01 -9.449208434665455278e-03
3.099209885178879631e-01 -8.286313543790712124e-03
3.214905884428678196e-01 -7.095594959520501455e-03
3.332309994837083789e-01 -5.880752540205367793e-03
3.451392660547150104e-01 -4.645242588715509449e-03
3.572123903134606371e-01 -3.392170676983002117e-03
3.694473329154774888e-01 -2.124196432774391047e-03
3.818410137793947223e-01 -8.434557437565424727e-04
3.943903128623333920e-01 4.484943827819555659e-04
4.070920709453594855e-01 1.750703490428981652e-03
4.199430904288018462e-01 3.062823694050861162e-03
4.329401361372292589e-01 4.385070708864867439e-03
4.460799361338897429e-01 5.718147580356621948e-03
4.593591825444023335e-01 7.063130017136340887e-03
4.727745323894976259e-01 8.421313590577718389e-03
4.863226084265935834e-01 9.794024547236001438e-03
5.000000000000001110e-01 1.118239754476376552e-02
5.138032638995313484e-01 1.258712522558168290e-02
5.277289252273172915e-01 1.400818613594468146e-02
5.417734782725895926e-01 1.544455902791612260e-02
5.559333873942259308e-01 1.689393299142744401e-02
5.702050879108284676e-01 1.835242409417118387e-02
5.845849869981135649e-01 1.981431019879502375e-02
5.990694645933862805e-01 2.127179632051009670e-02
6.136548743068714895e-01 2.271482322661897563e-02
6.283375443396724824e-01 2.413093190902376728e-02
6.431137784081281117e-01 2.550519603309899311e-02
6.579798566743311206e-01 2.682023343977476063e-02
6.729320366825783939e-01 2.805630621895605081e-02
6.879665543015128781e-01 2.919151675794734099e-02
7.030796246717250231e-01 3.020210448593597941e-02
7.182674431585703845e-01 3.106284478471077470e-02
7.335261863099650226e-01 3.174754772991169455e-02
7.488520128189207758e-01 3.222964999364068273e-02
7.642410644905727191e-01 3.248288842036273910e-02
7.796894672134594417e-01 3.248203854087561987e-02
7.951933319348093443e-01 3.220369568594848297e-02
8.107487556395898132e-01 3.162707048898832224e-02
8.263518223330695855e-01 3.073476452687698424e-02
8.419986040266501659e-01 2.951348575419071585e-02
8.576851617267149397e-01 2.795465736453619371e-02
8.734075464262507360e-01 2.605486790018346141e-02
8.891618000989889303e-01 2.381610497243150798e-02
9.049439566958173975e-01 2.124571000129873641e-02
9.207500431432115162e-01 1.835598708904563267e-02
9.365760803434354242e-01 1.516339566363283584e-02
9.524180841762578398e-01 1.168725401960865259e-02
9.682720665019324269e-01 7.947879494364422370e-03
9.841340361651920166e-01 3.964090888469949496e-03
9.999999999999998890e-01 -2.499999999999697018e-04
