9.999999999999998890e-01 2.500000000001286458e-04
9.841340361651920166e-01 1.857047512507248657e-02
9.682720665019324269e-01 3.669561628337700276e-02
9.524180841762578398e-01 5.454963479870889725e-02
9.365760803434354242e-01 7.208362868345649654e-02
9.207500431432115162e-01 8.926917498719157129e-02
9.049439566958173975e-01 1.060929237818085263e-01
8.891618000989889303e-01 1.225521119386740743e-01
8.734075464262507360e-01 1.386509112937221178e-01
8.576851617267149397e-01 1.543975240557595441e-01
8.419986040266501659e-01 1.698019382427633783e-01
8.263518223330695855e-01 1.848742573660319133e-01
8.107487556395898132e-01 1.996235213460682001e-01
7.951933319348093443e-01 2.140569395523883867e-01
7.796894672134594417e-01 2.281794617231784894e-01
7.642410644905727191e-01 2.419936181504877548e-01
7.488520128189207758e-01 2.554995667258944669e-01
7.335261863099650226e-01 2.686952910498757174e-01
7.182674431585703845e-01 2.815769006438746391e-01
7.030796246717250231e-01 2.941389912071490920e-01
6.879665543015128781e-01 3.063750296842631671e-01
6.729320366825783939e-01 3.182777355221881876e-01
6.579798566743311206e-01 3.298394357836250124e-01
6.431137784081281117e-01 3.410523776480797742e-01
6.283375443396724824e-01 3.519089871951858739e-01
6.136548743068714895e-01 3.624020681646883957e-01
5.990694645933862805e-01 3.725249385813158565e-01
5.845849869981135649e-01 3.822715066946703044e-01
5.702050879108284676e-01 3.916362906051013004e-01
5.559333873942259308e-01 4.006143882323472960e-01
5.417734782725895926e-01 4.092014059546779103e-01
5.277289252273172915e-01 4.173933553347807801e-01
5.138032638995313484e-01 4.251865278978707030e-01
5.000000000000001110e-01 4.325773579893960052e-01
4.863226084265935834e-01 4.395622833731799850e-01
4.727745323894976259e-01 4.461376124997356030e-01
4.593591825444023335e-01 4.522994063458618541e-01
4.460799361338897429e-01 4.580433814687469574e-01
4.329401361372292589e-01 4.633648394985134256e-01
4.199430904288018462e-01 4.682586267782180567e-01
4.070920709453594855e-01 4.727191263120190112e-01
3.943903128623333920e-01 4.767402826580203756e-01
3.818410137793947223e-01 4.803156589537825871e-01
3.694473329154774888e-01 4.834385239345216356e-01
3.572123903134606371e-01 4.861019656340546113e-01
3.451392660547150104e-01 4.882990274762300520e-01
3.332309994837083789e-01 4.900228616915057178e-01
3.214905884428678196e-01 4.912668944430376161e-01
3.099209885178879631e-01 4.920249967248122580e-01
2.985251122936787294e-01 4.922916549992037982e-01
2.873058286211370715e-01 4.920621356641285971e-01
2.762659618949298013e-01 4.913326377657156185e-01
2.654082913424666845e-01 4.901004288806981024e-01
2.547355503242452190e-01 4.883639597585531789e-01
2.442504256457417311e-01 4.861229541082612848e-01
2.339555568810219865e-01 4.833784708072409453e-01
2.238535357082431787e-01 4.801329367679449400e-01
2.139469052572124941e-01 4.763901496875209696e-01
2.042381594691679014e-01 4.721552508951419314e-01
1.947297424689413692e-01 4.674346694686938863e-01
1.854240479496642724e-01 4.622360396883169464e-01
1.763234185701672008e-01 4.565680947025954617e-01
1.674301453652287108e-01 4.504405399813622424e-01
1.587464671688187945e-01 4.438639106985579619e-01
1.502745700504856119e-01 4.368494176153160380e-01
1.420165867650229341e-01 4.294087863080393586e-01
1.339745962155614034e-01 4.215540947041681030e-01
1.261506229302150617e-01 4.132976138498478114e-01
1.185466365524179277e-01 4.046516566436435536e-01
1.111645513450765232e-01 3.956284389380586020e-01
1.040062257086641351e-01 3.862399569490447271e-01
9.707346171337882801e-02 3.764978843396161734e-01
9.036800464548166989e-02 3.664134916766322858e-01
8.389154256793041053e-02 3.559975902216372945e-01
7.764570589541863743e-02 3.452605012307748966e-01
7.163206698392743377e-02 3.342120511295524343e-01
6.585213973489323358e-02 3.228615921201627992e-01
6.030737921409157209e-02 3.112180469961648432e-01
5.499918128533154427e-02 2.992899762044686773e-01
4.992888225905456334e-02 2.870856645287782061e-01
4.509775855592612626e-02 2.746132241906498739e-01
4.050702638550263135e-02 2.618807106899489479e-01
3.615784144005795842e-02 2.488962473484043203e-01
3.205129860364375194e-02 2.356681542872107737e-01
2.818843167645834757e-02 2.222050774675929097e-01
2.457021311459295365e-02 2.085161134534236349e-01
2.119755378522125699e-02 1.946109257150788474e-01
1.807130273729329328e-02 1.804998485776792283e-01
1.519224698779197968e-02 1.661939753152275323e-01
1.256111132360571148e-02 1.517052273921713768e-01
1.017855811906731578e-02 1.370464024401195358e-01
8.045187169204659483e-03 1.222311992119726604e-01
6.161535538745877005e-03 1.072742184589607906e-01
4.528077426915411152e-03 9.219093940707424883e-02
3.145224048057615462e-03 7.699767224665361731e-02
2.013323528115562588e-03 6.171148777075307484e-02
1.132660816992037134e-03 4.635012598339485063e-02
5.034576168149174080e-04 3.093188612801144391e-02
1.258723261249317105e-04 1.547550114105892237e-02
0.000000000000000000e+00 0.000000000000000000e+00
1.258723261249317105e-04 -1.523936595433664221e-02
5.034576168149174080e-04 -3.045250626573792196e-02
1.132660816992037134e-03 -4.561338122059858252e-02
2.013323528115562588e-03 -6.069644316220528663e-02
3.145224048057615462e-03 -7.567686845292381781e-02
4.528077426915411152e-03 -9.053077296555502029e-02
6.161535538745877005e-03 -1.052354062982682886e-01
8.045187169204659483e-03 -1.197693204704165792e-01
1.017855811906731578e-02 -1.341125095308508819e-01
1.256111132360571148e-02 -1.482465172777517048e-01
1.519224698779197968e-02 -1.621545111285899454e-01
1.807130273729329328e-02 -1.758213210676404514e-01
2.119755378522125699e-02 -1.892334435123414482e-01
2.457021311459295365e-02 -2.023790108536115684e-01
2.818843167645834757e-02 -2.152477283140452613e-01
3.205129860364375194e-02 -2.278307806072809860e-01
3.615784144005795842e-02 -2.401207116487130699e-01
4.050702638550263135e-02 -2.521112812409637693e-01
4.509775855592612626e-02 -2.637973032185824129e-01
4.992888225905456334e-02 -2.751744699697464269e-01
5.499918128533154427e-02 -2.862391685463376301e-01
6.030737921409157209e-02 -2.969882937194928685e-01
6.585213973489323358e-02 -3.074190633315949106e-01
7.163206698392743377e-02 -3.175288411379016407e-01
7.764570589541863743e-02 -3.273149720261940843e-01
8.389154256793041053e-02 -3.367746340596712851e-01
9.036800464548166989e-02 -3.459047112196180218e-01
9.707346171337882801e-02 -3.547016900465412848e-01
1.040062257086641351e-01 -3.631615826112174483e-01
1.111645513450765232e-01 -3.712798774128489576e-01
1.185466365524179277e-01 -3.790515189248782058e-01
1.261506229302150617e-01 -3.864709156159841230e-01
1.339745962155614034e-01 -3.935319753911658558e-01
1.420165867650229341e-01 -4.002281665523608756e-01
1.502745700504856119e-01 -4.065526015957073303e-01
1.587464671688187945e-01 -4.124981404677242058e-01
1.674301453652287108e-01 -4.180575093174649925e-01
1.763234185701672008e-01 -4.232234303251342089e-01
1.854240479496642724e-01 -4.279887578752556432e-01
1.947297424689413692e-01 -4.323466161854884193e-01
2.042381594691679014e-01 -4.362905335073239965e-01
2.139469052572124941e-01 -4.398145681838822596e-01
2.238535357082431787e-01 -4.429134221795691939e-01
2.339555568810219865e-01 -4.455825381778905081e-01
2.442504256457417311e-01 -4.478181769637193943e-01
2.547355503242452190e-01 -4.496174725463907840e-01
2.654082913424666845e-01 -4.509784633173456458e-01
2.762659618949298013e-01 -4.519000984440076363e-01
2.873058286211370715e-01 -4.523822196502467752e-01
2.985251122936787294e-01 -4.524255194908692324e-01
3.099209885178879631e-01 -4.520314781592575382e-01
3.214905884428678196e-01 -4.512022817391719287e-01
3.332309994837083789e-01 -4.499407255900161329e-01
3.451392660547150104e-01 -4.482501072072526682e-01
3.572123903134606371e-01 -4.461341133966005290e-01
3.694473329154774888e-01 -4.435967069163632703e-01
3.818410137793947223e-01 -4.406420178557297063e-01
3.943903128623333920e-01 -4.372742449129831122e-01
4.070920709453594855e-01 -4.334975714076880760e-01
4.199430904288018462e-01 -4.293161003038678536e-01
4.329401361372292589e-01 -4.247338117437515215e-01
4.460799361338897429e-01 -4.197545456088681015e-01
4.593591825444023335e-01 -4.143820104607671140e-01
4.727745323894976259e-01 -4.086198188995355807e-01
4.863226084265935834e-01 -4.024715479549719754e-01
5.000000000000001110e-01 -3.959408216408950021e-01
5.138032638995313484e-01 -3.890314113128670592e-01
5.277289252273172915e-01 -3.817473480348787529e-01
5.417734782725895926e-01 -3.740930398475264540e-01
5.559333873942259308e-01 -3.660733857086804210e-01
5.702050879108284676e-01 -3.576938770192865658e-01
5.845849869981135649e-01 -3.489606771236690164e-01
5.990694645933862805e-01 -3.398806690557166221e-01
6.136548743068714895e-01 -3.304614621561424159e-01
6.283375443396724824e-01 -3.207113490724277649e-01
6.431137784081281117e-01 -3.106392061250419778e-01
6.579798566743311206e-01 -3.002543321242588936e-01
6.729320366825783939e-01 -2.895662234826423265e-01
6.879665543015128781e-01 -2.785842869067314265e-01
7.030796246717250231e-01 -2.673174950698894992e-01
7.182674431585703845e-01 -2.557739954521690007e-01
7.335261863099650226e-01 -2.439606879498082137e-01
7.488520128189207758e-01 -2.318827928551049078e-01
7.642410644905727191e-01 -2.195434373159099450e-01
7.796894672134594417e-01 -2.069432953121092267e-01
7.951933319348093443e-01 -1.940803234240582320e-01
8.107487556395898132e-01 -1.809496420859287302e-01
8.263518223330695855e-01 -1.675436194685329117e-01
8.419986040266501659e-01 -1.538522224583011022e-01
8.576851617267149397e-01 -1.398637062143456566e-01
8.734075464262507360e-01 -1.255657203046032788e-01
8.891618000989889303e-01 -1.109469152464921671e-01
9.049439566958173975e-01 -9.599913820290037481e-02
9.207500431432115162e-01 -8.072031040378026268e-02
9.365760803434354242e-01 -6.511808137160988996e-02
9.524180841762578398e-01 -4.921435602535826487e-02
9.682720665019324269e-01 -3.305079003178438418e-02
9.841340361651920166e-01 -1.669534618830975994e-02
9.999999999999998890e-01 -2.500000000001150391e-04
