9.999999999999998890e-01 2.500000000000813746e-04
9.841340361651920166e-01 1.179977253956391442e-02
9.682720665019324269e-01 2.316695776407072874e-02
9.524180841762578398e-01 3.433132136204446183e-02
9.365760803434354242e-01 4.528021882019858668e-02
9.207500431432115162e-01 5.600674075361049969e-02
9.049439566958173975e-01 6.650815415370490979e-02
8.891618000989889303e-01 7.678461405568971776e-02
8.734075464262507360e-01 8.683811927856853463e-02
8.576851617267149397e-01 9.667168558770863895e-02
8.419986040266501659e-01 1.062887098231871941e-01
8.263518223330695855e-01 1.156924991733093849e-01
8.107487556395898132e-01 1.248859407950551198e-01
7.951933319348093443e-01 1.338712883330719361e-01
7.796894672134594417e-01 1.426500435066659633e-01
7.642410644905727191e-01 1.512229127608947232e-01
7.488520128189207758e-01 1.595898209555374481e-01
7.335261863099650226e-01 1.677499661390117747e-01
7.182674431585703845e-01 1.757019015710087062e-01
7.030796246717250231e-01 1.834436332695113803e-01
6.879665543015128781e-01 1.909727234212853786e-01
6.729320366825783939e-01 1.982863919713283574e-01
6.579798566743311206e-01 2.053816105629948097e-01
6.431137784081281117e-01 2.122551847091447286e-01
6.283375443396724824e-01 2.189038216140128945e-01
6.136548743068714895e-01 2.253241824196683674e-01
5.990694645933862805e-01 2.315129188096848034e-01
5.845849869981135649e-01 2.374666948610993089e-01
5.702050879108284676e-01 2.431821957941507628e-01
5.559333873942259308e-01 2.486561258325276080e-01
5.417734782725895926e-01 2.538851977640218527e-01
5.277289252273172915e-01 2.588661169952810037e-01
5.138032638995313484e-01 2.635955629405848932e-01
5.000000000000001110e-01 2.680701704914857375e-01
4.863226084265935834e-01 2.722865141018517288e-01
4.727745323894976259e-01 2.762410967126346373e-01
4.593591825444023335e-01 2.799303453545044507e-01
4.460799361338897429e-01 2.833506148262889823e-01
4.329401361372292589e-01 2.864982003744123151e-01
4.199430904288018462e-01 2.893693598136763967e-01
4.070920709453594855e-01 2.919603450517877508e-01
3.943903128623333920e-01 2.942674425261801452e-01
3.818410137793947223e-01 2.962870216469641882e-01
3.694473329154774888e-01 2.980155899769029171e-01
3.572123903134606371e-01 2.994498535782966209e-01
3.451392660547150104e-01 3.005867807249901213e-01
3.332309994837083789e-01 3.014236670202199986e-01
3.214905884428678196e-01 3.019581998798019362e-01
3.099209885178879631e-01 3.021885203348740889e-01
2.985251122936787294e-01 3.021132801762927422e-01
2.873058286211370715e-01 3.017316925989102505e-01
2.762659618949298013e-01 3.010435747015676178e-01
2.654082913424666845e-01 3.000493804492682104e-01
2.547355503242452190e-01 2.987502229979805413e-01
2.442504256457417311e-01 2.971478856092009124e-01
2.339555568810219865e-01 2.952448207295315097e-01
2.238535357082431787e-01 2.930441371685865715e-01
2.139469052572124941e-01 2.905495756651290673e-01
2.042381594691679014e-01 2.877654734753972154e-01
1.947297424689413692e-01 2.846967189388265318e-01
1.854240479496642724e-01 2.813486972654323792e-01
1.763234185701672008e-01 2.777272290378392516e-01
1.674301453652287108e-01 2.738385031225823996e-01
1.587464671688187945e-01 2.696890058346216312e-01
1.502745700504856119e-01 2.652854482924440482e-01
1.420165867650229341e-01 2.606346939367793492e-01
1.339745962155614034e-01 2.557436881636546699e-01
1.261506229302150617e-01 2.506193919437433859e-01
1.185466365524179277e-01 2.452687211677953838e-01
1.111645513450765232e-01 2.396984932768939369e-01
1.040062257086641351e-01 2.339153825122189112e-01
9.707346171337882801e-02 2.279258848588500419e-01
9.036800464548166989e-02 2.217362934697794385e-01
8.389154256793041053e-02 2.153526850482454236e-01
7.764570589541863743e-02 2.087809173477037095e-01
7.163206698392743377e-02 2.020266376283369469e-01
6.585213973489323358e-02 1.950953015960247838e-01
6.030737921409157209e-02 1.879922020528573268e-01
5.499918128533154427e-02 1.807225062157590822e-01
4.992888225905456334e-02 1.732913004189790274e-01
4.509775855592612626e-02 1.657036407135387968e-01
4.050702638550263135e-02 1.579646077175187457e-01
3.615784144005795842e-02 1.500793639593850926e-01
3.205129860364375194e-02 1.420532118951116085e-01
2.818843167645834757e-02 1.338916507699692005e-01
2.457021311459295365e-02 1.256004305374157082e-01
2.119755378522125699e-02 1.171856011390189772e-01
1.807130273729329328e-02 1.086535555879045017e-01
1.519224698779197968e-02 1.000110654797193160e-01
1.256111132360571148e-02 9.126530777426186680e-02
1.017855811906731578e-02 8.242388194148232705e-02
8.045187169204659483e-03 7.349481684042329099e-02
6.161535538745877005e-03 6.448656699115486168e-02
4.528077426915411152e-03 5.540799819971391205e-02
3.145224048057615462e-03 4.626836279623307985e-02
2.013323528115562588e-03 3.707726503847970367e-02
1.132660816992037134e-03 2.784461750897630067e-02
5.034576168149174080e-04 1.858058958612536504e-02
1.258723261249317105e-04 9.295549291434591910e-03
0.000000000000000000e+00 0.000000000000000000e+00
1.258723261249317105e-04 -9.133396117138103260e-03
5.034576168149174080e-04 -1.825014649627899888e-02
1.132660816992037134e-03 -2.733371327972466264e-02
2.013323528115562588e-03 -3.636789610219374330e-02
3.145224048057615462e-03 -4.533699056980512732e-02
4.528077426915411152e-03 -5.422593472993388758e-02
6.161535538745877005e-03 -6.302044005422306749e-02
8.045187169204659483e-03 -7.170710388824129422e-02
1.017855811906731578e-02 -8.027350083700243721e-02
1.256111132360571148e-02 -8.870825114125842348e-02
1.519224698779197968e-02 -9.700106473858603751e-02
1.807130273729329328e-02 -1.051427603776454445e-01
2.119755378522125699e-02 -1.131252598445067759e-01
2.457021311459295365e-02 -1.209415580468669593e-01
2.818843167645834757e-02 -1.285856703657247135e-01
3.205129860364375194e-02 -1.360525593055549320e-01
3.615784144005795842e-02 -1.433380430353166646e-01
4.050702638550263135e-02 -1.504386888974303671e-01
4.509775855592612626e-02 -1.573516953560040454e-01
4.992888225905456334e-02 -1.640747661473937191e-01
5.499918128533154427e-02 -1.706059805769018778e-01
6.030737921409157209e-02 -1.769436639693922897e-01
6.585213973489323358e-02 -1.830862622265871653e-01
7.163206698392743377e-02 -1.890322242709453204e-01
7.764570589541863743e-02 -1.947798958699591410e-01
8.389154256793041053e-02 -2.003274279434059668e-01
9.036800464548166989e-02 -2.056727019707295101e-01
9.707346171337882801e-02 -2.108132745503708549e-01
1.040062257086641351e-01 -2.157463425341158703e-01
1.111645513450765232e-01 -2.204687294860747382e-01
1.185466365524179277e-01 -2.249768935180607998e-01
1.261506229302150617e-01 -2.292669558521893136e-01
1.339745962155614034e-01 -2.333347487792188646e-01
1.420165867650229341e-01 -2.371758810390357797e-01
1.502745700504856119e-01 -2.407858180684141480e-01
1.587464671688187945e-01 -2.441599740599869617e-01
1.674301453652287108e-01 -2.472938123723505410e-01
1.763234185701672008e-01 -2.501829505388999952e-01
1.854240479496642724e-01 -2.528232659536773785e-01
1.947297424689413692e-01 -2.552109982740009553e-01
2.042381594691679014e-01 -2.573428446757781707e-01
2.139469052572124941e-01 -2.592160443279122317e-01
2.238535357082431787e-01 -2.608284488125318101e-01
2.339555568810219865e-01 -2.621785756990686611e-01
2.442504256457417311e-01 -2.632656430694734206e-01
2.547355503242452190e-01 -2.640895834721576629e-01
2.654082913424666845e-01 -2.646510365330853598e-01
2.762659618949298013e-01 -2.649513202502285503e-01
2.873058286211370715e-01 -2.649923818162443490e-01
2.985251122936787294e-01 -2.647767296258715097e-01
3.099209885178879631e-01 -2.643073489002279453e-01
3.214905884428678196e-01 -2.635876040708304280e-01
3.332309994837083789e-01 -2.626211316833412246e-01
3.451392660547150104e-01 -2.614117280779997277e-01
3.572123903134606371e-01 -2.599632364561916820e-01
3.694473329154774888e-01 -2.582794381298924580e-01
3.818410137793947223e-01 -2.563639527563543741e-01
3.943903128623333920e-01 -2.542201521730937386e-01
4.070920709453594855e-01 -2.518510920625008920e-01
4.199430904288018462e-01 -2.492594650921974853e-01
4.329401361372292589e-01 -2.464475784044637130e-01
4.460799361338897429e-01 -2.434173573806436564e-01
4.593591825444023335e-01 -2.401703765067905727e-01
4.727745323894976259e-01 -2.367079169444889775e-01
4.863226084265935834e-01 -2.330310491024184805e-01
5.000000000000001110e-01 -2.291407371529252945e-01
5.138032638995313484e-01 -2.250379610927099316e-01
5.277289252273172915e-01 -2.207238506617933693e-01
5.417734782725895926e-01 -2.161998242682935667e-01
5.559333873942259308e-01 -2.114677250790903684e-01
5.702050879108284676e-01 -2.065299456904492736e-01
5.845849869981135649e-01 -2.013895323502675194e-01
5.990694645933862805e-01 -1.960502596251885721e-01
6.136548743068714895e-01 -1.905166667483457477e-01
6.283375443396724824e-01 -1.847940476986467129e-01
6.431137784081281117e-01 -1.788883883950155851e-01
6.579798566743311206e-01 -1.728062462748412298e-01
6.729320366825783939e-01 -1.665545699905871813e-01
6.879665543015128781e-01 -1.601404600156746960e-01
7.030796246717250231e-01 -1.535708746004949832e-01
7.182674431585703845e-01 -1.468522897472715749e-01
7.335261863099650226e-01 -1.399903266483299158e-01
7.488520128189207758e-01 -1.329893653096313189e-01
7.642410644905727191e-01 -1.258521687968456593e-01
7.796894672134594417e-01 -1.185795486144652217e-01
7.951933319348093443e-01 -1.111701080624799692e-01
8.107487556395898132e-01 -1.036201068967711886e-01
8.263518223330695855e-01 -9.592349712030090458e-02
8.419986040266501659e-01 -8.807218611019204668e-02
8.576851617267149397e-01 -8.005658938662771340e-02
8.734075464262507360e-01 -7.186654098880873587e-02
8.891618000989889303e-01 -6.349263446907893460e-02
9.049439566958173975e-01 -5.492807177195785373e-02
9.207500431432115162e-01 -4.617110055162330223e-02
9.365760803434354242e-01 -3.722812262222198465e-02
9.524180841762578398e-01 -2.811755705809323991e-02
9.682720665019324269e-01 -1.887454080197208464e-02
9.841340361651920166e-01 -9.556547347230333334e-03
9.999999999999998890e-01 -2.500000000000647863e-04
