9.999999999999998890e-01 2.500000000001597082e-04
9.841340361651920166e-01 2.285957310622824257e-02
9.682720665019324269e-01 4.501230918496418321e-02
9.524180841762578398e-01 6.668713701985851117e-02
9.365760803434354242e-01 8.787111711227192645e-02
9.207500431432115162e-01 1.085575126259352707e-01
9.049439566958173975e-01 1.287441510615967566e-01
8.891618000989889303e-01 1.484320543487325228e-01
8.734075464262507360e-01 1.676243138704199553e-01
8.576851617267149397e-01 1.863251862809233161e-01
8.419986040266501659e-01 2.045393857938559712e-01
8.263518223330695855e-01 2.222715488677486084e-01
8.107487556395898132e-01 2.395258478476418318e-01
7.951933319348093443e-01 2.563057310856550197e-01
7.796894672134594417e-01 2.726137683086296559e-01
7.642410644905727191e-01 2.884515814747952711e-01
7.488520128189207758e-01 3.038198430123429938e-01
7.335261863099650226e-01 3.187183251107038595e-01
7.182674431585703845e-01 3.331459855922666580e-01
7.030796246717250231e-01 3.471010777833050120e-01
6.879665543015128781e-01 3.605812736865596779e-01
6.729320366825783939e-01 3.735837915969194567e-01
6.579798566743311206e-01 3.861055210630071066e-01
6.431137784081281117e-01 3.981431397530433847e-01
6.283375443396724824e-01 4.096932183098259683e-01
6.136548743068714895e-01 4.207523106586700812e-01
5.990694645933862805e-01 4.313170284503395346e-01
5.845849869981135649e-01 4.413840993696949710e-01
5.702050879108284676e-01 4.509504099159911683e-01
5.559333873942259308e-01 4.600130339626885556e-01
5.417734782725895926e-01 4.685692489374855829e-01
5.277289252273172915e-01 4.766165418346908211e-01
5.138032638995313484e-01 4.841526074927527401e-01
5.000000000000001110e-01 4.911753416530211247e-01
4.863226084265935834e-01 4.976828312769525642e-01
4.727745323894976259e-01 5.036733444548059380e-01
4.593591825444023335e-01 5.091453220072775787e-01
4.460799361338897429e-01 5.140973725808173356e-01
4.329401361372292589e-01 5.185282726859601343e-01
4.199430904288018462e-01 5.224369727438173960e-01
4.070920709453594855e-01 5.258226098060799769e-01
3.943903128623333920e-01 5.286845272143878560e-01
3.818410137793947223e-01 5.310223010802287424e-01
3.694473329154774888e-01 5.328357731093221750e-01
3.572123903134606371e-01 5.341250889755164710e-01
3.451392660547150104e-01 5.348907411773018428e-01
3.332309994837083789e-01 5.351336150916595757e-01
3.214905884428678196e-01 5.348550367795653626e-01
3.099209885178879631e-01 5.340568209972922364e-01
2.985251122936787294e-01 5.327413178279485351e-01
2.873058286211370715e-01 5.309114563668119180e-01
2.762659618949298013e-01 5.285707839684942178e-01
2.654082913424666845e-01 5.257234996889466050e-01
2.547355503242452190e-01 5.223744807244670163e-01
2.442504256457417311e-01 5.185293008560108996e-01
2.339555568810219865e-01 5.141942401421110143e-01
2.238535357082431787e-01 5.093762853590764195e-01
2.139469052572124941e-01 5.040831209540591606e-01
2.042381594691679014e-01 4.983231105463058475e-01
1.947297424689413692e-01 4.921052692759747549e-01
1.854240479496642724e-01 4.854392275503464638e-01
1.763234185701672008e-01 4.783351869668446832e-01
1.674301453652287108e-01 4.708038693946584030e-01
1.587464671688187945e-01 4.628564603666190380e-01
1.502745700504856119e-01 4.545045480661731307e-01
1.420165867650229341e-01 4.457600592878475654e-01
1.339745962155614034e-01 4.366351938018901424e-01
1.261506229302150617e-01 4.271423585643212562e-01
1.185466365524179277e-01 4.172941031833162784e-01
1.111645513450765232e-01 4.071030579836111829e-01
1.040062257086641351e-01 3.965818759055371734e-01
9.707346171337882801e-02 3.857431793383934160e-01
9.036800464548166989e-02 3.745995128239124616e-01
8.389154256793041053e-02 3.631633023800947546e-01
7.764570589541863743e-02 3.514468219945752758e-01
7.163206698392743377e-02 3.394621676261962984e-01
6.585213973489323358e-02 3.272212388399343141e-01
6.030737921409157209e-02 3.147357279900255267e-01
5.499918128533154427e-02 3.020171166650717498e-01
4.992888225905456334e-02 2.890766789227017242e-01
4.509775855592612626e-02 2.759254906750313041e-01
4.050702638550263135e-02 2.625744444440532011e-01
3.615784144005795842e-02 2.490342685917640020e-01
3.205129860364375194e-02 2.353155500458953275e-01
2.818843167645834757e-02 2.214287594903320278e-01
2.457021311459295365e-02 2.073842779703539974e-01
2.119755378522125699e-02 1.931924238765145574e-01
1.807130273729329328e-02 1.788634793160495673e-01
1.519224698779197968e-02 1.644077149551131378e-01
1.256111132360571148e-02 1.498354125159089278e-01
1.017855811906731578e-02 1.351568842362833311e-01
8.045187169204659483e-03 1.203824887412740935e-01
6.161535538745877005e-03 1.055226429317231290e-01
4.528077426915411152e-03 9.058782965922090868e-02
3.145224048057615462e-03 7.558860112412849053e-02
2.013323528115562588e-03 6.053557809878187812e-02
1.132660816992037134e-03 4.543944523612739733e-02
5.034576168149174080e-04 3.031094286994889114e-02
1.258723261249317105e-04 1.516085584202170669e-02
0.000000000000000000e+00 0.000000000000000000e+00
1.258723261249317105e-04 -1.458407004749042932e-02
5.034576168149174080e-04 -2.913500293353680354e-02
1.132660816992037134e-03 -4.361996903588027247e-02
2.013323528115562588e-03 -5.800687093591482685e-02
3.145224048057615462e-03 -7.226468785872236511e-02
4.528077426915411152e-03 -8.636379476833147550e-02
6.161535538745877005e-03 -1.002762487485262116e-01
8.045187169204659483e-03 -1.139760361857356796e-01
1.017855811906731578e-02 -1.274392753315505000e-01
1.256111132360571148e-02 -1.406443700289768117e-01
1.519224698779197968e-02 -1.535721117053290841e-01
1.807130273729329328e-02 -1.662057281291050848e-01
2.119755378522125699e-02 -1.785308788597100293e-01
2.457021311459295365e-02 -1.905355987476122226e-01
2.818843167645834757e-02 -2.022101922286640985e-01
3.205129860364375194e-02 -2.135470824611200025e-01
3.615784144005795842e-02 -2.245406205407361744e-01
4.050702638550263135e-02 -2.351868610647815105e-01
4.509775855592612626e-02 -2.454833111704907145e-01
4.992888225905456334e-02 -2.554286608230431077e-01
5.499918128533154427e-02 -2.650225025538335832e-01
6.030737921409157209e-02 -2.742650490390911022e-01
6.585213973489323358e-02 -2.831568568559435506e-01
7.163206698392743377e-02 -2.916985644587720694e-01
7.764570589541863743e-02 -2.998906518910564034e-01
8.389154256793041053e-02 -3.077332290014819227e-01
9.036800464548166989e-02 -3.152258579889086754e-01
9.707346171337882801e-02 -3.223674149858337667e-01
1.040062257086641351e-01 -3.291559941363559338e-01
1.111645513450765232e-01 -3.355888562688759125e-01
1.185466365524179277e-01 -3.416624228457794676e-01
1.261506229302150617e-01 -3.473723144343267566e-01
1.339745962155614034e-01 -3.527134315282778321e-01
1.420165867650229341e-01 -3.576800742016555956e-01
1.502745700504856119e-01 -3.622660958363588257e-01
1.587464671688187945e-01 -3.664650850734283982e-01
1.674301453652287108e-01 -3.702705692290953476e-01
1.763234185701672008e-01 -3.736762317219385898e-01
1.854240479496642724e-01 -3.766761356012084394e-01
1.947297424689413692e-01 -3.792649450664905553e-01
2.042381594691679014e-01 -3.814381369357946472e-01
2.139469052572124941e-01 -3.831921943551723220e-01
2.238535357082431787e-01 -3.845247756421568130e-01
2.339555568810219865e-01 -3.854348520032903069e-01
2.442504256457417311e-01 -3.859228089401650075e-01
2.547355503242452190e-01 -3.859905074282959370e-01
2.654082913424666845e-01 -3.856413023811264273e-01
2.762659618949298013e-01 -3.848800174535460528e-01
2.873058286211370715e-01 -3.837128768462455541e-01
2.985251122936787294e-01 -3.821473963908484373e-01
3.099209885178879631e-01 -3.801922377703125799e-01
3.214905884428678196e-01 -3.778570312029592704e-01
3.332309994837083789e-01 -3.751521732357994687e-01
3.451392660547150104e-01 -3.720886074002426325e-01
3.572123903134606371e-01 -3.686775963318080773e-01
3.694473329154774888e-01 -3.649304945021631386e-01
3.818410137793947223e-01 -3.608585309215382453e-01
3.943903128623333920e-01 -3.564726110164932460e-01
4.070920709453594855e-01 -3.517831463570569306e-01
4.199430904288018462e-01 -3.467999199953019085e-01
4.329401361372292589e-01 -3.415319938942290579e-01
4.460799361338897429e-01 -3.359876632947129127e-01
4.593591825444023335e-01 -3.301744609264420927e-01
4.727745323894976259e-01 -3.240992117673462403e-01
4.863226084265935834e-01 -3.177681366595663803e-01
5.000000000000001110e-01 -3.111870005759331814e-01
5.138032638995313484e-01 -3.043612987881786913e-01
5.277289252273172915e-01 -2.972964717157693393e-01
5.417734782725895926e-01 -2.899981369396580910e-01
5.559333873942259308e-01 -2.824723248616638482e-01
5.702050879108284676e-01 -2.747257028943998480e-01
5.845849869981135649e-01 -2.667657719960688789e-01
5.990694645933862805e-01 -2.586010189340848808e-01
6.136548743068714895e-01 -2.502410079808053966e-01
6.283375443396724824e-01 -2.416963969142660040e-01
6.431137784081281117e-01 -2.329788643050441921e-01
6.579798566743311206e-01 -2.241009381900921082e-01
6.729320366825783939e-01 -2.150757204196640793e-01
6.879665543015128781e-01 -2.059165062467153695e-01
7.030796246717250231e-01 -1.966363051172596021e-01
7.182674431585703845e-01 -1.872472760961747806e-01
7.335261863099650226e-01 -1.777600998779891306e-01
7.488520128189207758e-01 -1.681833188080284480e-01
7.642410644905727191e-01 -1.585226866664185552e-01
7.796894672134594417e-01 -1.487805810044935395e-01
7.951933319348093443e-01 -1.389555423974769832e-01
8.107487556395898132e-01 -1.290420168856481753e-01
8.263518223330695855e-01 -1.190303898865631982e-01
8.419986040266501659e-01 -1.089074117147364462e-01
8.576851617267149397e-01 -9.865712626060944845e-02
8.734075464262507360e-01 -8.826242505605517985e-02
8.891618000989889303e-01 -7.770735857230900989e-02
9.049439566958173975e-01 -6.698034483105176629e-02
9.207500431432115162e-01 -5.607842192877284665e-02
9.365760803434354242e-01 -4.501269554826912989e-02
9.524180841762578398e-01 -3.381513463684696075e-02
9.682720665019324269e-01 -2.254686786070382587e-02
9.841340361651920166e-01 -1.130812991284540700e-02
9.999999999999998890e-01 -2.500000000000762788e-04
