9.999999999999998890e-01 2.500000000000923250e-04
9.841340361651920166e-01 1.187276626864691535e-02
9.682720665019324269e-01 2.080256559423266857e-02
9.524180841762578398e-01 2.763501016215361150e-02
9.365760803434354242e-01 3.285741543881478405e-02
9.207500431432115162e-01 3.686393055547933922e-02
9.049439566958173975e-01 3.996925050219340275e-02
8.891618000989889303e-01 4.242094792790294944e-02
8.734075464262507360e-01 4.441047516337159190e-02
8.576851617267149397e-01 4.608289781645984878e-02
8.419986040266501659e-01 4.754542998532154674e-02
8.263518223330695855e-01 4.887484787054748731e-02
8.107487556395898132e-01 5.012386344134984323e-02
7.951933319348093443e-01 5.132654294201336592e-02
7.796894672134594417e-01 5.250285654748520353e-02
7.642410644905727191e-01 5.366244553814114582e-02
7.488520128189207758e-01 5.480769211964514609e-02
7.335261863099650226e-01 5.593617462651548355e-02
7.182674431585703845e-01 5.704258748240338683e-02
7.030796246717250231e-01 5.812020111088800345e-02
6.879665543015128781e-01 5.916193215959313773e-02
6.729320366825783939e-01 6.016108907408187351e-02
6.579798566743311206e-01 6.111185238515320223e-02
6.431137784081281117e-01 6.200954319328415287e-02
6.283375443396724824e-01 6.285072737543631605e-02
6.136548743068714895e-01 6.363319711839958426e-02
5.990694645933862805e-01 6.435586560218771457e-02
5.845849869981135649e-01 6.501860510579557384e-02
5.702050879108284676e-01 6.562205356077883966e-02
5.559333873942259308e-01 6.616740969633613800e-02
5.417734782725895926e-01 6.665623244960880434e-02
5.277289252273172915e-01 6.709025629003238789e-02
5.138032638995313484e-01 6.747123054725445712e-02
5.000000000000001110e-01 6.780078774694810184e-02
4.863226084265935834e-01 6.808034334550051858e-02
4.727745323894976259e-01 6.831102710104056119e-02
4.593591825444023335e-01 6.849364460413095990e-02
4.460799361338897429e-01 6.862866618910117011e-02
4.329401361372292589e-01 6.871623952305239147e-02
4.199430904288018462e-01 6.875622158619777713e-02
4.070920709453594855e-01 6.874822547344822121e-02
3.943903128623333920e-01 6.869167742018844613e-02
3.818410137793947223e-01 6.858587964150068828e-02
3.694473329154774888e-01 6.843007493059191648e-02
3.572123903134606371e-01 6.822350944716203125e-02
3.451392660547150104e-01 6.796549070046994934e-02
3.332309994837083789e-01 6.765543835844856080e-02
3.214905884428678196e-01 6.729292616048637710e-02
3.099209885178879631e-01 6.687771384855246970e-02
2.985251122936787294e-01 6.640976863462985658e-02
2.873058286211370715e-01 6.588927627187762814e-02
2.762659618949298013e-01 6.531664227703262715e-02
2.654082913424666845e-01 6.469248425122590962e-02
2.547355503242452190e-01 6.401761655883672630e-02
2.442504256457417311e-01 6.329302884645182647e-02
2.339555568810219865e-01 6.251986001728832010e-02
2.238535357082431787e-01 6.169936932463822299e-02
2.139469052572124941e-01 6.083290621780561291e-02
2.042381594691679014e-01 5.992188047466617123e-02
1.947297424689413692e-01 5.896773399712174069e-02
1.854240479496642724e-01 5.797191544126917978e-02
1.763234185701672008e-01 5.693585861562792949e-02
1.674301453652287108e-01 5.586096532102721723e-02
1.587464671688187945e-01 5.474859303720143455e-02
1.502745700504856119e-01 5.360004759556014770e-02
1.420165867650229341e-01 5.241658072570228033e-02
1.339745962155614034e-01 5.119939213442938758e-02
1.261506229302150617e-01 4.994963557808750759e-02
1.185466365524179277e-01 4.866842822812257607e-02
1.111645513450765232e-01 4.735686251003098229e-02
1.040062257086641351e-01 4.601601951983283478e-02
9.707346171337882801e-02 4.464698309038076657e-02
9.036800464548166989e-02 4.325085359110011907e-02
8.389154256793041053e-02 4.182876059641557620e-02
7.764570589541863743e-02 4.038187364602816021e-02
7.163206698392743377e-02 3.891141043906818503e-02
6.585213973489323358e-02 3.741864194773966701e-02
6.030737921409157209e-02 3.590489409750879241e-02
5.499918128533154427e-02 3.437154583290992493e-02
4.992888225905456334e-02 3.282002356328850290e-02
4.509775855592612626e-02 3.125179215406553856e-02
4.050702638550263135e-02 2.966834278961373930e-02
3.615784144005795842e-02 2.807117817744315610e-02
3.205129860364375194e-02 2.646179568479647276e-02
2.818843167645834757e-02 2.484166909366090567e-02
2.457021311459295365e-02 2.321222972542838839e-02
2.119755378522125699e-02 2.157484772000946294e-02
1.807130273729329328e-02 1.993081425538602292e-02
1.519224698779197968e-02 1.828132546287216179e-02
1.256111132360571148e-02 1.662746873241536735e-02
1.017855811906731578e-02 1.497021201388835411e-02
8.045187169204659483e-03 1.331039660824083481e-02
6.161535538745877005e-03 1.164873381117298261e-02
4.528077426915411152e-03 9.985805626865741982e-03
3.145224048057615462e-03 8.322069615926639199e-03
2.013323528115562588e-03 6.657867785969380330e-03
1.132660816992037134e-03 4.993439281079277599e-03
5.034576168149174080e-04 3.328936483555421186e-03
1.258723261249317105e-04 1.664444013117570781e-03
0.000000000000000000e+00 0.000000000000000000e+00
1.258723261249317105e-04 -1.568756218184618953e-03
5.034576168149174080e-04 -3.132803766189799083e-03
1.132660816992037134e-03 -4.687436658451333074e-03
2.013323528115562588e-03 -6.228078328264680802e-03
3.145224048057615462e-03 -7.750341807672542563e-03
4.528077426915411152e-03 -9.250084625422108631e-03
6.161535538745877005e-03 -1.072345692838312485e-02
8.045187169204659483e-03 -1.216694154870063584e-02
1.017855811906731578e-02 -1.357738499652782690e-02
1.256111132360571148e-02 -1.495201864805398989e-02
1.519224698779197968e-02 -1.628846971124532639e-02
1.807130273729329328e-02 -1.758476187700038634e-02
2.119755378522125699e-02 -1.883930589060326538e-02
2.457021311459295365e-02 -2.005088059662281375e-02
2.818843167645834757e-02 -2.121860530919719365e-02
3.205129860364375194e-02 -2.234190462897692880e-02
3.615784144005795842e-02 -2.342046705881109872e-02
4.050702638550263135e-02 -2.445419895470016605e-02
4.509775855592612626e-02 -2.544317548024482498e-02
4.992888225905456334e-02 -2.638759030714341383e-02
5.499918128533154427e-02 -2.728770581847430807e-02
6.030737921409157209e-02 -2.814380552478912625e-02
6.585213973489323358e-02 -2.895615029675220262e-02
7.163206698392743377e-02 -2.972493985554985896e-02
7.764570589541863743e-02 -3.045028074890733516e-02
8.389154256793041053e-02 -3.113216178346452090e-02
9.036800464548166989e-02 -3.177043759228892483e-02
9.707346171337882801e-02 -3.236482069962733771e-02
1.040062257086641351e-01 -3.291488211485718574e-02
1.111645513450765232e-01 -3.342006015593661228e-02
1.185466365524179277e-01 -3.387967688172301844e-02
1.261506229302150617e-01 -3.429296121448229678e-02
1.339745962155614034e-01 -3.465907757037081649e-02
1.420165867650229341e-01 -3.497715859731556631e-02
1.502745700504856119e-01 -3.524634045586678283e-02
1.587464671688187945e-01 -3.546579897684381394e-02
1.674301453652287108e-01 -3.563478499545896794e-02
1.763234185701672008e-01 -3.575265719826116462e-02
1.854240479496642724e-01 -3.581891092729441728e-02
1.947297424689413692e-01 -3.583320156321340849e-02
2.042381594691679014e-01 -3.579536135086987952e-02
2.139469052572124941e-01 -3.570540882947156880e-02
2.238535357082431787e-01 -3.556355037460610935e-02
2.339555568810219865e-01 -3.537017373860723568e-02
2.442504256457417311e-01 -3.512583387423968279e-02
2.547355503242452190e-01 -3.483123172813983037e-02
2.654082913424666845e-01 -3.448718707734230171e-02
2.762659618949298013e-01 -3.409460683639843614e-02
2.873058286211370715e-01 -3.365445056592147183e-02
2.985251122936787294e-01 -3.316769514842932837e-02
3.099209885178879631e-01 -3.263530074806001574e-02
3.214905884428678196e-01 -3.205818022319224109e-02
3.332309994837083789e-01 -3.143717410414957614e-02
3.451392660547150104e-01 -3.077303307447854311e-02
3.572123903134606371e-01 -3.006640960044089372e-02
3.694473329154774888e-01 -2.931785994079046803e-02
3.818410137793947223e-01 -2.852785724432445671e-02
3.943903128623333920e-01 -2.769681581845461621e-02
4.070920709453594855e-01 -2.682512594638617950e-02
4.199430904288018462e-01 -2.591319786766102876e-02
4.329401361372292589e-01 -2.496151274701653017e-02
4.460799361338897429e-01 -2.397067767563591800e-02
4.593591825444023335e-01 -2.294148101815146265e-02
4.727745323894976259e-01 -2.187494378415016580e-02
4.863226084265935834e-01 -2.077236221431980057e-02
5.000000000000001110e-01 -1.963533648164580286e-02
5.138032638995313484e-01 -1.846578037198012487e-02
5.277289252273172915e-01 -1.726590708118002845e-02
5.417734782725895926e-01 -1.603818690234987826e-02
5.559333873942259308e-01 -1.478527362860179717e-02
5.702050879108284676e-01 -1.350989801225988864e-02
5.845849869981135649e-01 -1.221472864290941603e-02
5.990694645933862805e-01 -1.090220316903855319e-02
6.136548743068714895e-01 -9.574335916966060164e-03
6.283375443396724824e-01 -8.232511671187764737e-03
6.431137784081281117e-01 -6.877279674683952834e-03
6.579798566743311206e-01 -5.508166774711859004e-03
6.729320366825783939e-01 -4.123534052609343845e-03
6.879665543015128781e-01 -2.720507192383155894e-03
7.030796246717250231e-01 -1.295017202519473283e-03
7.182674431585703845e-01 1.580051688657380592e-04
7.335261863099650226e-01 1.644230988930960122e-03
7.488520128189207758e-01 3.169273174031225857e-03
7.642410644905727191e-01 4.737700329274086367e-03
7.796894672134594417e-01 6.351652656358361924e-03
7.951933319348093443e-01 8.008981408023621920e-03
8.107487556395898132e-01 9.700827037305263453e-03
8.263518223330695855e-01 1.140854549956475325e-02
8.419986040266501659e-01 1.309988730935294533e-02
8.576851617267149397e-01 1.472433013280147196e-02
8.734075464262507360e-01 1.620746311229217737e-02
8.891618000989889303e-01 1.744431997561389155e-02
9.049439566958173975e-01 1.829155847402718499e-02
9.207500431432115162e-01 1.855838601134017843e-02
9.365760803434354242e-01 1.799613564521393774e-02
9.524180841762578398e-01 1.628640312144762417e-02
9.682720665019324269e-01 1.302766437970402126e-02
9.841340361651920166e-01 7.720304157379728055e-03
9.999999999999998890e-01 -2.499999999999332184e-04
