9.999999999999998890e-01 2.500000000002531122e-04
9.841340361651920166e-01 3.377744953389215377e-02
9.682720665019324269e-01 6.270052312972239361e-02
9.524180841762578398e-01 8.793955316597078242e-02
9.365760803434354242e-01 1.102591646056143015e-01
9.207500431432115162e-01 1.302877479730010224e-01
9.049439566958173975e-01 1.485354441064203612e-01
8.891618000989889303e-01 1.654106344840522713e-01
8.734075464262507360e-01 1.812349489585628193e-01
8.576851617267149397e-01 1.962568188634101207e-01
8.419986040266501659e-01 2.106636176312857989e-01
8.263518223330695855e-01 2.245924432805537496e-01
8.107487556395898132e-01 2.381396073947844583e-01
7.951933319348093443e-01 2.513689035843744701e-01
7.796894672134594417e-01 2.643187349413249065e-01
7.642410644905727191e-01 2.770081847622555826e-01
7.488520128189207758e-01 2.894421179218431006e-01
7.335261863099650226e-01 3.016154018450536434e-01
7.182674431585703845e-01 3.135163361796962644e-01
7.030796246717250231e-01 3.251293791480978079e-01
6.879665543015128781e-01 3.364372563016877482e-01
6.729320366825783939e-01 3.474225341625066799e-01
6.579798566743311206e-01 3.580687371599839963e-01
6.431137784081281117e-01 3.683610815077226763e-01
6.283375443396724824e-01 3.782868943583209131e-01
6.136548743068714895e-01 3.878357808642161064e-01
5.990694645933862805e-01 3.969995957921853558e-01
5.845849869981135649e-01 4.057722702131657533e-01
5.702050879108284676e-01 4.141495376326437827e-01
5.559333873942259308e-01 4.221285978446135401e-01
5.417734782725895926e-01 4.297077508772893517e-01
5.277289252273172915e-01 4.368860277328016073e-01
5.138032638995313484e-01 4.436628392752274275e-01
5.000000000000001110e-01 4.500376596485426428e-01
4.863226084265935834e-01 4.560097560532845318e-01
4.727745323894976259e-01 4.615779726109668912e-01
4.593591825444023335e-01 4.667405724203639861e-01
4.460799361338897429e-01 4.714951387707237984e-01
4.329401361372292589e-01 4.758385338249748742e-01
4.199430904288018462e-01 4.797669109131452170e-01
4.070920709453594855e-01 4.832757748665698072e-01
3.943903128623333920e-01 4.863600835539731992e-01
3.818410137793947223e-01 4.890143829221518801e-01
3.694473329154774888e-01 4.912329673627703341e-01
3.572123903134606371e-01 4.930100570849254016e-01
3.451392660547150104e-01 4.943399843299897123e-01
3.332309994837083789e-01 4.952173806784861410e-01
3.214905884428678196e-01 4.956373583251443837e-01
3.099209885178879631e-01 4.955956789948020025e-01
2.985251122936787294e-01 4.950889050962717919e-01
2.873058286211370715e-01 4.941145287232333039e-01
2.762659618949298013e-01 4.926710751724374115e-01
2.654082913424666845e-01 4.907581787247713989e-01
2.547355503242452190e-01 4.883766294920114381e-01
2.442504256457417311e-01 4.855283911431179100e-01
2.339555568810219865e-01 4.822165902643029134e-01
2.238535357082431787e-01 4.784454789565264488e-01
2.139469052572124941e-01 4.742203730164051834e-01
2.042381594691679014e-01 4.695475686696928830e-01
1.947297424689413692e-01 4.644342413225020505e-01
1.854240479496642724e-01 4.588883301601090481e-01
1.763234185701672008e-01 4.529184126559382961e-01
1.674301453652287108e-01 4.465335731569353150e-01
1.587464671688187945e-01 4.397432696917350503e-01
1.502745700504856119e-01 4.325572030132038837e-01
1.420165867650229341e-01 4.249851916476538038e-01
1.339745962155614034e-01 4.170370563917658036e-01
1.261506229302150617e-01 4.087225172888094282e-01
1.185466365524179277e-01 4.000511056430014478e-01
1.111645513450765232e-01 3.910320931102186370e-01
1.040062257086641351e-01 3.816744393504615251e-01
9.707346171337882801e-02 3.719867591579756883e-01
9.036800464548166989e-02 3.619773094138110103e-01
8.389154256793041053e-02 3.516539956471396167e-01
7.764570589541863743e-02 3.410243974590542737e-01
7.163206698392743377e-02 3.300958115678270799e-01
6.585213973489323358e-02 3.188753107882106863e-01
6.030737921409157209e-02 3.073698168682199028e-01
5.499918128533154427e-02 2.955861847821480426e-01
4.992888225905456334e-02 2.835312958237695691e-01
4.509775855592612626e-02 2.712121566624000057e-01
4.050702638550263135e-02 2.586360014185384859e-01
3.615784144005795842e-02 2.458103937853595711e-01
3.205129860364375194e-02 2.327433262657008783e-01
2.818843167645834757e-02 2.194433137083557361e-01
2.457021311459295365e-02 2.059194785077742007e-01
2.119755378522125699e-02 1.921816250718971497e-01
1.807130273729329328e-02 1.782403014567558175e-01
1.519224698779197968e-02 1.641068464057732768e-01
1.256111132360571148e-02 1.497934204076807052e-01
1.017855811906731578e-02 1.353130197903863741e-01
8.045187169204659483e-03 1.206794732893769345e-01
6.161535538745877005e-03 1.059074209585404297e-01
4.528077426915411152e-03 9.101227571889121404e-02
3.145224048057615462e-03 7.601016825709452918e-02
2.013323528115562588e-03 6.091787638168947444e-02
1.132660816992037134e-03 4.575274031203822173e-02
5.034576168149174080e-04 3.053256570536184294e-02
1.258723261249317105e-04 1.527551651377383884e-02
0.000000000000000000e+00 0.000000000000000000e+00
1.258723261249317105e-04 -1.511603688780023720e-02
5.034576168149174080e-04 -3.020567790637000705e-02
1.132660816992037134e-03 -4.524273603293334223e-02
2.013323528115562588e-03 -6.020156073598983276e-02
3.145224048057615462e-03 -7.505728871460376483e-02
4.528077426915411152e-03 -8.978607420334640266e-02
6.161535538745877005e-03 -1.043652929838899679e-01
8.045187169204659483e-03 -1.187737150237780093e-01
1.017855811906731578e-02 -1.329916415924047579e-01
1.256111132360571148e-02 -1.470010037557861748e-01
1.519224698779197968e-02 -1.607854202936185584e-01
1.807130273729329328e-02 -1.743302142798255072e-01
2.119755378522125699e-02 -1.876223887851460326e-01
2.457021311459295365e-02 -2.006505633602241045e-01
2.818843167645834757e-02 -2.134048741036342900e-01
3.205129860364375194e-02 -2.258768411762147599e-01
3.615784144005795842e-02 -2.380592085584886664e-01
4.050702638550263135e-02 -2.499457616328957799e-01
4.509775855592612626e-02 -2.615311287825583531e-01
4.992888225905456334e-02 -2.728105736141250848e-01
5.499918128533154427e-02 -2.837797846205347141e-01
6.030737921409157209e-02 -2.944346690932823085e-01
6.585213973489323358e-02 -3.047711578726016723e-01
7.163206698392743377e-02 -3.147850270941674466e-01
7.764570589541863743e-02 -3.244717424654723348e-01
8.389154256793041053e-02 -3.338263308031036991e-01
9.036800464548166989e-02 -3.428432826087963181e-01
9.707346171337882801e-02 -3.515164883874666857e-01
1.040062257086641351e-01 -3.598392102488141564e-01
1.111645513450765232e-01 -3.678040891230936471e-01
1.185466365524179277e-01 -3.754031867010778067e-01
1.261506229302150617e-01 -3.826280600186215408e-01
1.339745962155614034e-01 -3.894698654879081290e-01
1.420165867650229341e-01 -3.959194881689613310e-01
1.502745700504856119e-01 -4.019676912119918843e-01
1.587464671688187945e-01 -4.076052797150973017e-01
1.674301453652287108e-01 -4.128232727588695972e-01
1.763234185701672008e-01 -4.176130771194509483e-01
1.854240479496642724e-01 -4.219666561371480662e-01
1.947297424689413692e-01 -4.258766874337338026e-01
2.042381594691679014e-01 -4.293367036246074075e-01
2.139469052572124941e-01 -4.323412108501775153e-01
2.238535357082431787e-01 -4.348857808339645636e-01
2.339555568810219865e-01 -4.369671132346764630e-01
2.442504256457417311e-01 -4.385830662601950536e-01
2.547355503242452190e-01 -4.397326548107267086e-01
2.654082913424666845e-01 -4.404160167686170246e-01
2.762659618949298013e-01 -4.406343494017372353e-01
2.873058286211370715e-01 -4.403898191416296681e-01
2.985251122936787294e-01 -4.396854491818119048e-01
3.099209885178879631e-01 -4.385249903618980150e-01
3.214905884428678196e-01 -4.369127816088552718e-01
3.332309994837083789e-01 -4.348536067522378312e-01
3.451392660547150104e-01 -4.323525547772972821e-01
3.572123903134606371e-01 -4.294148904992708404e-01
3.694473329154774888e-01 -4.260459422156063769e-01
3.818410137793947223e-01 -4.222510121147687312e-01
3.943903128623333920e-01 -4.180353140988325999e-01
4.070920709453594855e-01 -4.134039422357242977e-01
4.199430904288018462e-01 -4.083618713348748930e-01
4.329401361372292589e-01 -4.029139891926177275e-01
4.460799361338897429e-01 -3.970651579523687968e-01
4.593591825444023335e-01 -3.908202998565978303e-01
4.727745323894976259e-01 -3.841845005345462805e-01
4.863226084265935834e-01 -3.771631209864012013e-01
5.000000000000001110e-01 -3.697619077172167312e-01
5.138032638995313484e-01 -3.619870891769954024e-01
5.277289252273172915e-01 -3.538454459175790490e-01
5.417734782725895926e-01 -3.453443418254580899e-01
5.559333873942259308e-01 -3.364917045742847335e-01
5.702050879108284676e-01 -3.272959451986848234e-01
5.845849869981135649e-01 -3.177658095495387025e-01
5.990694645933862805e-01 -3.079101584642732203e-01
6.136548743068714895e-01 -2.977376788698131715e-01
6.283375443396724824e-01 -2.872565348042436795e-01
6.431137784081281117e-01 -2.764739755427554901e-01
6.579798566743311206e-01 -2.653959276602143591e-01
6.729320366825783939e-01 -2.540266089384199955e-01
6.879665543015128781e-01 -2.423682144748700862e-01
7.030796246717250231e-01 -2.304207390753251206e-01
7.182674431585703845e-01 -2.181820148760194589e-01
7.335261863099650226e-01 -2.056480589605504949e-01
7.488520128189207758e-01 -1.928138422846951694e-01
7.642410644905727191e-01 -1.796746082291872104e-01
7.796894672134594417e-01 -1.662278862528163148e-01
7.951933319348093443e-01 -1.524763630628997446e-01
8.107487556395898132e-01 -1.384317900670485324e-01
8.263518223330695855e-01 -1.241201211964796658e-01
8.419986040266501659e-01 -1.095880890468164948e-01
8.576851617267149397e-01 -9.491143919628529380e-02
8.734075464262507360e-01 -8.020505204843848823e-02
8.891618000989889303e-01 -6.563518811616897430e-02
9.049439566958173975e-01 -5.143409582776881095e-02
9.207500431432115162e-01 -3.791722021832176492e-02
9.365760803434354242e-01 -2.550324581699004931e-02
9.524180841762578398e-01 -1.473719723118201499e-02
9.682720665019324269e-01 -6.316805983103513517e-03
9.841340361651920166e-01 -1.122331746663069547e-03
9.999999999999998890e-01 -2.499999999999879706e-04
