9.999999999999998890e-01 2.500000000000541069e-04
9.841340361651920166e-01 7.935218823255391768e-03
9.682720665019324269e-01 1.549706748147781400e-02
9.524180841762578398e-01 2.291724591921348239e-02
9.365760803434354242e-01 3.018392651995571024e-02
9.207500431432115162e-01 3.729024423846629549e-02
9.049439566958173975e-01 4.423301611096189245e-02
8.891618000989889303e-01 5.101167216080632755e-02
8.734075464262507360e-01 5.762737883038365067e-02
8.576851617267149397e-01 6.408233559257667245e-02
8.419986040266501659e-01 7.037922529543066963e-02
8.263518223330695855e-01 7.652079903517793047e-02
8.107487556395898132e-01 8.250957689707405507e-02
7.951933319348093443e-01 8.834764670980417567e-02
7.796894672134594417e-01 9.403654398584293528e-02
7.642410644905727191e-01 9.957719742515919181e-02
7.488520128189207758e-01 1.049699257016250276e-01
7.335261863099650226e-01 1.102144726902545002e-01
7.182674431585703845e-01 1.153100697906601219e-01
7.030796246717250231e-01 1.202555155220312311e-01
6.879665543015128781e-01 1.250492640745705097e-01
6.729320366825783939e-01 1.296895159720662105e-01
6.579798566743311206e-01 1.341743054041298899e-01
6.431137784081281117e-01 1.385015801024353510e-01
6.283375443396724824e-01 1.426692708448641100e-01
6.136548743068714895e-01 1.466753487605883255e-01
5.990694645933862805e-01 1.505178695675952472e-01
5.845849869981135649e-01 1.541950046955791742e-01
5.702050879108284676e-01 1.577050599287879440e-01
5.559333873942259308e-01 1.610464827460073023e-01
5.417734782725895926e-01 1.642178599422156882e-01
5.277289252273172915e-01 1.672179073951324257e-01
5.138032638995313484e-01 1.700454539989099678e-01
5.000000000000001110e-01 1.726994218375694501e-01
4.863226084265935834e-01 1.751788046250211395e-01
4.727745323894976259e-01 1.774826463103830465e-01
4.593591825444023335e-01 1.796100215512845544e-01
4.460799361338897429e-01 1.815600195087344326e-01
4.329401361372292589e-01 1.833317321297267821e-01
4.199430904288018462e-01 1.849242477724146738e-01
4.070920709453594855e-01 1.863366507070638445e-01
3.943903128623333920e-01 1.875680267067399432e-01
3.818410137793947223e-01 1.886174746361913845e-01
3.694473329154774888e-01 1.894841236656029937e-01
3.572123903134606371e-01 1.901671554861869007e-01
3.451392660547150104e-01 1.906658306936023228e-01
3.332309994837083789e-01 1.909795183378878713e-01
3.214905884428678196e-01 1.911077275181089219e-01
3.099209885178879631e-01 1.910501398277390517e-01
2.985251122936787294e-01 1.908066414327213300e-01
2.873058286211370715e-01 1.903773535865035393e-01
2.762659618949298013e-01 1.897626604520366023e-01
2.654082913424666845e-01 1.889632332055020403e-01
2.547355503242452190e-01 1.879800495351146850e-01
2.442504256457417311e-01 1.868144078146644071e-01
2.339555568810219865e-01 1.854679354188698837e-01
2.238535357082431787e-01 1.839425908491213180e-01
2.139469052572124941e-01 1.822406595466627699e-01
2.042381594691679014e-01 1.803647434786604109e-01
1.947297424689413692e-01 1.783177447841609586e-01
1.854240479496642724e-01 1.761028439553750380e-01
1.763234185701672008e-01 1.737234731993567982e-01
1.674301453652287108e-01 1.711832857711050593e-01
1.587464671688187945e-01 1.684861221873789339e-01
1.502745700504856119e-01 1.656359743180474686e-01
1.420165867650229341e-01 1.626369484065722792e-01
1.339745962155614034e-01 1.594932280922635448e-01
1.261506229302150617e-01 1.562090384943239929e-01
1.185466365524179277e-01 1.527886123724621625e-01
1.111645513450765232e-01 1.492361593030337719e-01
1.040062257086641351e-01 1.455558387061251513e-01
9.707346171337882801e-02 1.417517374313603806e-01
9.036800464548166989e-02 1.378278524627471469e-01
8.389154256793041053e-02 1.337880791403381342e-01
7.764570589541863743e-02 1.296362051239722812e-01
7.163206698392743377e-02 1.253759101471791371e-01
6.585213973489323358e-02 1.210107714328152728e-01
6.030737921409157209e-02 1.165442744713802159e-01
5.499918128533154427e-02 1.119798287032053169e-01
4.992888225905456334e-02 1.073207875013981460e-01
4.509775855592612626e-02 1.025704717276138128e-01
4.050702638550263135e-02 9.773219603085651908e-02
3.615784144005795842e-02 9.280929698332372746e-02
3.205129860364375194e-02 8.780516209873598377e-02
2.818843167645834757e-02 8.272325875880175150e-02
2.457021311459295365e-02 7.756716208273070623e-02
2.119755378522125699e-02 7.234058081250534233e-02
1.807130273729329328e-02 6.704738035158776255e-02
1.519224698779197968e-02 6.169160218477096058e-02
1.256111132360571148e-02 5.627747901915908235e-02
1.017855811906731578e-02 5.080944511736261437e-02
8.045187169204659483e-03 4.529214143997838116e-02
6.161535538745877005e-03 3.973041537096948933e-02
4.528077426915411152e-03 3.412931496204539561e-02
3.145224048057615462e-03 2.849407779585192563e-02
2.013323528115562588e-03 2.283011472791673935e-02
1.132660816992037134e-03 1.714298891927422755e-02
5.034576168149174080e-04 1.143839071110753190e-02
1.258723261249317105e-04 5.722109015602742585e-03
0.000000000000000000e+00 0.000000000000000000e+00
1.258723261249317105e-04 -5.593934404396042753e-03
5.034576168149174080e-04 -1.117707074445010648e-02
1.132660816992037134e-03 -1.673866090263619044e-02
2.013323528115562588e-03 -2.226817983823913341e-02
3.145224048057615462e-03 -2.775543044507725737e-02
4.528077426915411152e-03 -3.319064058786271726e-02
6.161535538745877005e-03 -3.856455004557712840e-02
8.045187169204659483e-03 -4.386848536585968156e-02
1.017855811906731578e-02 -4.909442096433755398e-02
1.256111132360571148e-02 -5.423502517794356187e-02
1.519224698779197968e-02 -5.928369039116557215e-02
1.807130273729329328e-02 -6.423454678743754920e-02
2.119755378522125699e-02 -6.908245972249137112e-02
2.457021311459295365e-02 -7.382301115998533836e-02
2.818843167645834757e-02 -7.845246603972387545e-02
3.205129860364375194e-02 -8.296772485318273938e-02
3.615784144005795842e-02 -8.736626406845597603e-02
4.050702638550263135e-02 -9.164606636672195661e-02
4.509775855592612626e-02 -9.580554291575739401e-02
4.992888225905456334e-02 -9.984345010532329201e-02
5.499918128533154427e-02 -1.037588032985983511e-01
6.030737921409157209e-02 -1.075507902093762597e-01
6.585213973489323358e-02 -1.112186864946876075e-01
7.163206698392743377e-02 -1.147617760572003792e-01
7.764570589541863743e-02 -1.181792783837159744e-01
8.389154256793041053e-02 -1.214702850099137060e-01
9.036800464548166989e-02 -1.246337069038336298e-01
9.707346171337882801e-02 -1.276682342098871825e-01
1.040062257086641351e-01 -1.305723094015227570e-01
1.111645513450765232e-01 -1.333441144655099220e-01
1.185466365524179277e-01 -1.359815722966286056e-01
1.261506229302150617e-01 -1.384823620315841497e-01
1.339745962155614034e-01 -1.408439476087721687e-01
1.420165867650229341e-01 -1.430636184196135696e-01
1.502745700504856119e-01 -1.451385405306584442e-01
1.587464671688187945e-01 -1.470658166158025915e-01
1.674301453652287108e-01 -1.488425524558392998e-01
1.763234185701672008e-01 -1.504659276477304797e-01
1.854240479496642724e-01 -1.519332680260910839e-01
1.947297424689413692e-01 -1.532421172399914544e-01
2.042381594691679014e-01 -1.543903049524761040e-01
2.139469052572124941e-01 -1.553760092388516145e-01
2.238535357082431787e-01 -1.561978109508864176e-01
2.339555568810219865e-01 -1.568547380830200011e-01
2.442504256457417311e-01 -1.573462985163625316e-01
2.547355503242452190e-01 -1.576724999170849018e-01
2.654082913424666845e-01 -1.578338560159009973e-01
2.762659618949298013e-01 -1.578313789809072665e-01
2.873058286211370715e-01 -1.576665581015995188e-01
2.985251122936787294e-01 -1.573413255107364017e-01
3.099209885178879631e-01 -1.568580101653794245e-01
3.214905884428678196e-01 -1.562192817711458570e-01
3.332309994837083789e-01 -1.554280867469613747e-01
3.451392660547150104e-01 -1.544875786746783553e-01
3.572123903134606371e-01 -1.534010459434959894e-01
3.694473329154774888e-01 -1.521718394697509080e-01
3.818410137793947223e-01 -1.508033034373549575e-01
3.943903128623333920e-01 -1.492987119548868091e-01
4.070920709453594855e-01 -1.476612143574330682e-01
4.199430904288018462e-01 -1.458937915937821017e-01
4.329401361372292589e-01 -1.439992257356383920e-01
4.460799361338897429e-01 -1.419800841325108143e-01
4.593591825444023335e-01 -1.398387191255719419e-01
4.727745323894976259e-01 -1.375772835421726070e-01
4.863226084265935834e-01 -1.351977614401478622e-01
5.000000000000001110e-01 -1.327020127818812067e-01
5.138032638995313484e-01 -1.300918299202670492e-01
5.277289252273172915e-01 -1.273690030033337028e-01
5.417734782725895926e-01 -1.245353906850647785e-01
5.559333873942259308e-01 -1.215929919024311134e-01
5.702050879108284676e-01 -1.185440139794667058e-01
5.845849869981135649e-01 -1.153909319852169657e-01
5.990694645933862805e-01 -1.121365341396317883e-01
6.136548743068714895e-01 -1.087839481642858402e-01
6.283375443396724824e-01 -1.053366438447028847e-01
6.431137784081281117e-01 -1.017984077357139694e-01
6.579798566743311206e-01 -9.817328692349083785e-02
6.729320366825783939e-01 -9.446550007456804010e-02
6.879665543015128781e-01 -9.067931566339927640e-02
7.030796246717250231e-01 -8.681889927817276753e-02
7.182674431585703845e-01 -8.288813425371169274e-02
7.335261863099650226e-01 -7.889042255519913838e-02
7.488520128189207758e-01 -7.482847581256717173e-02
7.642410644905727191e-01 -7.070410964820909860e-02
7.796894672134594417e-01 -6.651805790579111421e-02
7.951933319348093443e-01 -6.226982702108941475e-02
8.107487556395898132e-01 -5.795761451311535334e-02
8.263518223330695855e-01 -5.357831934244815936e-02
8.419986040266501659e-01 -4.912767560249178128e-02
8.576851617267149397e-01 -4.460054458980893671e-02
8.734075464262507360e-01 -3.999140364709590639e-02
8.891618000989889303e-01 -3.529507318732417326e-02
9.049439566958173975e-01 -3.050772588746591962e-02
9.207500431432115162e-01 -2.562822408098680907e-02
9.365760803434354242e-01 -2.065983277633046122e-02
9.524180841762578398e-01 -1.561235638282399037e-02
9.682720665019324269e-01 -1.050474703927613968e-02
9.841340361651920166e-01 -5.368231324272432908e-03
9.999999999999998890e-01 -2.500000000000355670e-04
