9.999999999999998890e-01 2.500000000001163401e-04
9.841340361651920166e-01 1.663512129125661182e-02
9.682720665019324269e-01 3.255831947763622447e-02
9.524180841762578398e-01 4.804804140867652285e-02
9.365760803434354242e-01 6.312446617833072926e-02
9.207500431432115162e-01 7.780110329930915725e-02
9.049439566958173975e-01 9.208621758857267470e-02
8.891618000989889303e-01 1.059840842204816530e-01
8.734075464262507360e-01 1.194960792589320475e-01
8.576851617267149397e-01 1.326216126048855581e-01
8.419986040266501659e-01 1.453589116865135200e-01
8.263518223330695855e-01 1.577056653746579662e-01
8.107487556395898132e-01 1.696595385286163715e-01
7.951933319348093443e-01 1.812185682715935220e-01
7.796894672134594417e-01 1.923814535695139161e-01
7.642410644905727191e-01 2.031477499517642948e-01
7.488520128189207758e-01 2.135179812805402255e-01
7.335261863099650226e-01 2.234936803614537559e-01
7.182674431585703845e-01 2.330773699081180039e-01
7.030796246717250231e-01 2.422724949450672238e-01
6.879665543015128781e-01 2.510833171749864423e-01
6.729320366825783939e-01 2.595147811668788163e-01
6.579798566743311206e-01 2.675723614607958267e-01
6.431137784081281117e-01 2.752618988514460296e-01
6.283375443396724824e-01 2.825894332264329289e-01
6.136548743068714895e-01 2.895610394135157972e-01
5.990694645933862805e-01 2.961826715528887433e-01
5.845849869981135649e-01 3.024600205716756474e-01
5.702050879108284676e-01 3.083983884141637821e-01
5.559333873942259308e-01 3.140025817868505875e-01
5.417734782725895926e-01 3.192768273248014488e-01
5.277289252273172915e-01 3.242247092861291202e-01
5.138032638995313484e-01 3.288491301439819825e-01
5.000000000000001110e-01 3.331522937779081706e-01
4.863226084265935834e-01 3.371357103747842920e-01
4.727745323894976259e-01 3.408002216378591132e-01
4.593591825444023335e-01 3.441460444734313340e-01
4.460799361338897429e-01 3.471728309791677347e-01
4.329401361372292589e-01 3.498797422955268188e-01
4.199430904288018462e-01 3.522655337001546760e-01
4.070920709453594855e-01 3.543286482212160693e-01
3.943903128623333920e-01 3.560673160149426253e-01
3.818410137793947223e-01 3.574796567898100297e-01
3.694473329154774888e-01 3.585637826583771282e-01
3.572123903134606371e-01 3.593178989509739352e-01
3.451392660547150104e-01 3.597404007255853298e-01
3.332309994837083789e-01 3.598299629476042205e-01
3.214905884428678196e-01 3.595856225835346587e-01
3.099209885178879631e-01 3.590068511461206313e-01
2.985251122936787294e-01 3.580936165367566426e-01
2.873058286211370715e-01 3.568464333466364047e-01
2.762659618949298013e-01 3.552664010935385752e-01
2.654082913424666845e-01 3.533552301795196415e-01
2.547355503242452190e-01 3.511152556497650901e-01
2.442504256457417311e-01 3.485494391087918253e-01
2.339555568810219865e-01 3.456613594021642477e-01
2.238535357082431787e-01 3.424551928957605407e-01
2.139469052572124941e-01 3.389356843770912620e-01
2.042381594691679014e-01 3.351081097617408799e-01
1.947297424689413692e-01 3.309782319110680660e-01
1.854240479496642724e-01 3.265522509540311757e-01
1.763234185701672008e-01 3.218367505564260767e-01
1.674301453652287108e-01 3.168386415956760405e-01
1.587464671688187945e-01 3.115651046800756996e-01
1.502745700504856119e-01 3.060235329001805837e-01
1.420165867650229341e-01 3.002214761195192705e-01
1.339745962155614034e-01 2.941665880051964055e-01
1.261506229302150617e-01 2.878665768698012717e-01
1.185466365524179277e-01 2.813291612482798909e-01
1.111645513450765232e-01 2.745620309711659934e-01
1.040062257086641351e-01 2.675728143230770018e-01
9.707346171337882801e-02 2.603690516969757729e-01
9.036800464548166989e-02 2.529581759746060143e-01
8.389154256793041053e-02 2.453474996858882595e-01
7.764570589541863743e-02 2.375442088288007292e-01
7.163206698392743377e-02 2.295553630700151171e-01
6.585213973489323358e-02 2.213879018985822345e-01
6.030737921409157209e-02 2.130486561731621264e-01
5.499918128533154427e-02 2.045443643900851372e-01
4.992888225905456334e-02 1.958816929068838975e-01
4.509775855592612626e-02 1.870672592852771210e-01
4.050702638550263135e-02 1.781076578698277679e-01
3.615784144005795842e-02 1.690094866940575757e-01
3.205129860364375194e-02 1.597793748044973872e-01
2.818843167645834757e-02 1.504240091143956848e-01
2.457021311459295365e-02 1.409501599414445527e-01
2.119755378522125699e-02 1.313647044463709113e-01
1.807130273729329328e-02 1.216746472695978132e-01
1.519224698779197968e-02 1.118871377591056648e-01
1.256111132360571148e-02 1.020094832914867911e-01
1.017855811906731578e-02 9.204915830714582858e-02
8.045187169204659483e-03 8.201380880661855721e-02
6.161535538745877005e-03 7.191125218495376947e-02
4.528077426915411152e-03 6.174947241181732299e-02
3.145224048057615462e-03 5.153661069336060163e-02
2.013323528115562588e-03 4.128095187481249650e-02
1.132660816992037134e-03 3.099090695740437315e-02
5.034576168149174080e-04 2.067499220689814066e-02
1.258723261249317105e-04 1.034180542127524464e-02
0.000000000000000000e+00 0.000000000000000000e+00
1.258723261249317105e-04 -1.002702236689465877e-02
5.034576168149174080e-04 -2.003263699297816100e-02
1.132660816992037134e-03 -2.999560960384558758e-02
2.013323528115562588e-03 -3.989517294625143096e-02
3.145224048057615462e-03 -4.971124596994216938e-02
4.528077426915411152e-03 -5.942463625721305237e-02
6.161535538745877005e-03 -6.901722085511050042e-02
8.045187169204659483e-03 -7.847210127148261660e-02
1.017855811906731578e-02 -8.777372912081378431e-02
1.256111132360571148e-02 -9.690799972827114639e-02
1.519224698779197968e-02 -1.058623118971210864e-01
1.807130273729329328e-02 -1.146255929898766374e-01
2.119755378522125699e-02 -1.231882894401304107e-01
2.457021311459295365e-02 -1.315423237720778349e-01
2.818843167645834757e-02 -1.396810201305427879e-01
3.205129860364375194e-02 -1.475990011889902198e-01
3.615784144005795842e-02 -1.552920600813534058e-01
4.050702638550263135e-02 -1.627570116727041494e-01
4.509775855592612626e-02 -1.699915280241043325e-01
4.992888225905456334e-02 -1.769939633022895309e-01
5.499918128533154427e-02 -1.837631736232158697e-01
6.030737921409157209e-02 -1.902983373925107302e-01
6.585213973489323358e-02 -1.965987816129009802e-01
7.163206698392743377e-02 -2.026638193710098568e-01
7.764570589541863743e-02 -2.084926033007541146e-01
8.389154256793041053e-02 -2.140839992598643493e-01
9.036800464548166989e-02 -2.194364837662640677e-01
9.707346171337882801e-02 -2.245480679426661574e-01
1.040062257086641351e-01 -2.294162498348035206e-01
1.111645513450765232e-01 -2.340379960281011584e-01
1.185466365524179277e-01 -2.384097525183253574e-01
1.261506229302150617e-01 -2.425274838241373021e-01
1.339745962155614034e-01 -2.463867383942619227e-01
1.420165867650229341e-01 -2.499827374894130760e-01
1.502745700504856119e-01 -2.533104839380261875e-01
1.587464671688187945e-01 -2.563648865017788547e-01
1.674301453652287108e-01 -2.591408950651740706e-01
1.763234185701672008e-01 -2.616336415025243833e-01
1.854240479496642724e-01 -2.638385808902236618e-01
1.947297424689413692e-01 -2.657516277317029108e-01
2.042381594691679014e-01 -2.673692820506961554e-01
2.139469052572124941e-01 -2.686887405831206443e-01
2.238535357082431787e-01 -2.697079888506088152e-01
2.339555568810219865e-01 -2.704258706149602620e-01
2.442504256457417311e-01 -2.708421320720777459e-01
2.547355503242452190e-01 -2.709574391203544708e-01
2.654082913424666845e-01 -2.707733671010973953e-01
2.762659618949298013e-01 -2.702923635223369314e-01
2.873058286211370715e-01 -2.695176854039040837e-01
2.985251122936787294e-01 -2.684533139803786939e-01
3.099209885178879631e-01 -2.671038505277331110e-01
3.214905884428678196e-01 -2.654743979977299273e-01
3.332309994837083789e-01 -2.635704339114198769e-01
3.451392660547150104e-01 -2.613976805422858485e-01
3.572123903134606371e-01 -2.589619787778356108e-01
3.694473329154774888e-01 -2.562691721583927884e-01
3.818410137793947223e-01 -2.533250074329331802e-01
3.943903128623333920e-01 -2.501350575314227886e-01
4.070920709453594855e-01 -2.467046721275425458e-01
4.199430904288018462e-01 -2.430389599609263096e-01
4.329401361372292589e-01 -2.391428058204803087e-01
4.460799361338897429e-01 -2.350209235870037994e-01
4.593591825444023335e-01 -2.306779450320671498e-01
4.727745323894976259e-01 -2.261185422193579819e-01
4.863226084265935834e-01 -2.213475794131111174e-01
5.000000000000001110e-01 -2.163702884337436461e-01
5.138032638995313484e-01 -2.111924594897245933e-01
5.277289252273172915e-01 -2.058206377402066467e-01
5.417734782725895926e-01 -2.002623142935583689e-01
5.559333873942259308e-01 -1.945260991144999174e-01
5.702050879108284676e-01 -1.886218624902207541e-01
5.845849869981135649e-01 -1.825608313856421916e-01
5.990694645933862805e-01 -1.763556272883501641e-01
6.136548743068714895e-01 -1.700202330869259593e-01
6.283375443396724824e-01 -1.635698782158845621e-01
6.431137784081281117e-01 -1.570208337981350843e-01
6.579798566743311206e-01 -1.503901128696628620e-01
6.729320366825783939e-01 -1.436950750122617249e-01
6.879665543015128781e-01 -1.369529398610276893e-01
7.030796246717250231e-01 -1.301802199853993869e-01
7.182674431585703845e-01 -1.233920905345648744e-01
7.335261863099650226e-01 -1.166017207346762979e-01
7.488520128189207758e-01 -1.098196007460816304e-01
7.642410644905727191e-01 -1.030529064276176632e-01
7.796894672134594417e-01 -9.630495408014916325e-02
7.951933319348093443e-01 -8.957480709609118297e-02
8.107487556395898132e-01 -8.285710644457129626e-02
8.263518223330695855e-01 -7.614220686967897167e-02
8.419986040266501659e-01 -6.941671034809139551e-02
8.576851617267149397e-01 -6.266449750094654769e-02
8.734075464262507360e-01 -5.586836602760758552e-02
8.891618000989889303e-01 -4.901239256003153688e-02
9.049439566958173975e-01 -4.208514035383370544e-02
9.207500431432115162e-01 -3.508383966253241643e-02
9.365760803434354242e-01 -2.801967021532672866e-02
9.524180841762578398e-01 -2.092427567571608638e-02
9.682720665019324269e-01 -1.385763805265565266e-02
9.841340361651920166e-01 -6.917435542535560304e-03
9.999999999999998890e-01 -2.500000000000452164e-04
