9.999999999999998890e-01 2.500000000000733515e-04
9.841340361651920166e-01 9.889491800236085983e-03
9.682720665019324269e-01 1.828989419514906456e-02
9.524180841762578398e-01 2.597825046316645098e-02
9.365760803434354242e-01 3.331066905854363630e-02
9.207500431432115162e-01 4.051108556657759263e-02
9.049439566958173975e-01 4.770413125514783026e-02
8.891618000989889303e-01 5.494257165222062034e-02
8.734075464262507360e-01 6.222980170815749917e-02
8.576851617267149397e-01 6.953789664513815305e-02
8.419986040266501659e-01 7.682172037972538614e-02
8.263518223330695855e-01 8.402958734985888078e-02
8.107487556395898132e-01 9.111095967831080167e-02
7.951933319348093443e-01 9.802164090504203453e-02
7.796894672134594417e-01 1.047269010934229749e-01
7.642410644905727191e-01 1.112029370396930839e-01
7.488520128189207758e-01 1.174370366585906489e-01
7.335261863099650226e-01 1.234267794173045940e-01
7.182674431585703845e-01 1.291785659340106418e-01
7.030796246717250231e-01 1.347057304736447025e-01
6.879665543015128781e-01 1.400264509152972792e-01
6.729320366825783939e-01 1.451616326012117597e-01
6.579798566743311206e-01 1.501329059828025725e-01
6.431137784081281117e-01 1.549608437321506327e-01
6.283375443396724824e-01 1.596634714642103936e-01
6.136548743068714895e-01 1.642551177887583702e-01
5.990694645933862805e-01 1.687456243532333700e-01
5.845849869981135649e-01 1.731399150202113102e-01
5.702050879108284676e-01 1.774379054239200726e-01
5.559333873942259308e-01 1.816347198581656774e-01
5.417734782725895926e-01 1.857211716717424299e-01
5.277289252273172915e-01 1.896844559231362914e-01
5.138032638995313484e-01 1.935089987478784967e-01
5.000000000000001110e-01 1.971774064407356697e-01
4.863226084265935834e-01 2.006714583307873667e-01
4.727745323894976259e-01 2.039730907792260128e-01
4.593591825444023335e-01 2.070653246860348073e-01
4.460799361338897429e-01 2.099330953713666459e-01
4.329401361372292589e-01 2.125639512193227276e-01
4.199430904288018462e-01 2.149485956640108664e-01
4.070920709453594855e-01 2.170812556059643905e-01
3.943903128623333920e-01 2.189598678419141797e-01
3.818410137793947223e-01 2.205860832744767630e-01
3.694473329154774888e-01 2.219650962789218862e-01
3.572123903134606371e-01 2.231053134204910582e-01
3.451392660547150104e-01 2.240178815594684458e-01
3.332309994837083789e-01 2.247161001185712104e-01
3.214905884428678196e-01 2.252147458292325655e-01
3.099209885178879631e-01 2.255293405749811131e-01
2.985251122936787294e-01 2.256753940084304799e-01
2.873058286211370715e-01 2.256676524697344144e-01
2.762659618949298013e-01 2.255193844506988843e-01
2.654082913424666845e-01 2.252417305333477004e-01
2.547355503242452190e-01 2.248431425142680407e-01
2.442504256457417311e-01 2.243289324573024823e-01
2.339555568810219865e-01 2.237009478634100768e-01
2.238535357082431787e-01 2.229573841839923021e-01
2.139469052572124941e-01 2.220927407131377540e-01
2.042381594691679014e-01 2.210979206543112752e-01
1.947297424689413692e-01 2.199604710409362729e-01
1.854240479496642724e-01 2.186649533598989392e-01
1.763234185701672008e-01 2.171934313287950946e-01
1.674301453652287108e-01 2.155260584393862422e-01
1.587464671688187945e-01 2.136417447070495523e-01
1.502745700504856119e-01 2.115188796407790062e-01
1.420165867650229341e-01 2.091360868267763129e-01
1.339745962155614034e-01 2.064729847309134947e-01
1.261506229302150617e-01 2.035109283752132570e-01
1.185466365524179277e-01 2.002337074093952785e-01
1.111645513450765232e-01 1.966281777349288551e-01
1.040062257086641351e-01 1.926848061783706101e-01
9.707346171337882801e-02 1.883981106661757055e-01
9.036800464548166989e-02 1.837669818214257011e-01
8.389154256793041053e-02 1.787948757678793077e-01
7.764570589541863743e-02 1.734898720630291269e-01
7.163206698392743377e-02 1.678645949586109465e-01
6.585213973489323358e-02 1.619360004718784218e-01
6.030737921409157209e-02 1.557250359138200591e-01
5.499918128533154427e-02 1.492561824371801682e-01
4.992888225905456334e-02 1.425568947228783023e-01
4.509775855592612626e-02 1.356569550158586990e-01
4.050702638550263135e-02 1.285877612634027112e-01
3.615784144005795842e-02 1.213815710307275114e-01
3.205129860364375194e-02 1.140707241195776239e-01
2.818843167645834757e-02 1.066868673650601396e-01
2.457021311459295365e-02 9.926020492451861910e-02
2.119755378522125699e-02 9.181879651094838890e-02
1.807130273729329328e-02 8.438792449367901738e-02
1.519224698779197968e-02 7.698954864124207820e-02
1.256111132360571148e-02 6.964186458337176533e-02
1.017855811906731578e-02 6.235897890417579220e-02
8.045187169204659483e-03 5.515071024270305072e-02
6.161535538745877005e-03 4.802252197648560622e-02
4.528077426915411152e-03 4.097558811109888732e-02
3.145224048057615462e-03 3.400699001107015951e-02
2.013323528115562588e-03 2.711003770154225834e-02
1.132660816992037134e-03 2.027470576012362080e-02
5.034576168149174080e-04 1.348817041224568102e-02
1.258723261249317105e-04 6.735431439924492725e-03
0.000000000000000000e+00 0.000000000000000000e+00
1.258723261249317105e-04 -4.903925721113542961e-03
5.034576168149174080e-04 -9.773439918512087654e-03
1.132660816992037134e-03 -1.457497505748212019e-02
2.013323528115562588e-03 -1.927675085642468686e-02
3.145224048057615462e-03 -2.384960216943045677e-02
4.528077426915411152e-03 -2.826773013040938254e-02
6.161535538745877005e-03 -3.250935451913866681e-02
8.045187169204659483e-03 -3.655724821263754698e-02
1.017855811906731578e-02 -4.039913805442748446e-02
1.256111132360571148e-02 -4.402796040957648871e-02
1.519224698779197968e-02 -4.744196396133344013e-02
1.807130273729329328e-02 -5.064465682143630409e-02
2.119755378522125699e-02 -5.364459963959180427e-02
2.457021311459295365e-02 -5.645505097345258211e-02
2.818843167645834757e-02 -5.909347558436875425e-02
3.205129860364375194e-02 -6.158093042611173518e-02
3.615784144005795842e-02 -6.394134677142288004e-02
4.050702638550263135e-02 -6.620073006381803349e-02
4.509775855592612626e-02 -6.838630159344831483e-02
4.992888225905456334e-02 -7.052560789740787428e-02
5.499918128533154427e-02 -7.264562481809533345e-02
6.030737921409157209e-02 -7.477188338134727053e-02
6.585213973489323358e-02 -7.692764406553086187e-02
7.163206698392743377e-02 -7.913314463391336873e-02
7.764570589541863743e-02 -8.140494452962790395e-02
8.389154256793041053e-02 -8.375538594286756344e-02
9.036800464548166989e-02 -8.619218813295366488e-02
9.707346171337882801e-02 -8.871818752304107270e-02
1.040062257086641351e-01 -9.133123159930821300e-02
1.111645513450765232e-01 -9.402422987080860661e-02
1.185466365524179277e-01 -9.678536022287041740e-02
1.261506229302150617e-01 -9.959842407510081930e-02
1.339745962155614034e-01 -1.024433389865034572e-01
1.420165867650229341e-01 -1.052967528851410511e-01
1.502745700504856119e-01 -1.081327600822794277e-01
1.587464671688187945e-01 -1.109236957946903857e-01
1.674301453652287108e-01 -1.136409831627708256e-01
1.763234185701672008e-01 -1.162560048167761428e-01
1.854240479496642724e-01 -1.187409699871521396e-01
1.947297424689413692e-01 -1.210697480310081731e-01
2.042381594691679014e-01 -1.232186400811700056e-01
2.139469052572124941e-01 -1.251670623138597116e-01
2.238535357082431787e-01 -1.268981170428669647e-01
2.339555568810219865e-01 -1.283990314190326110e-01
2.442504256457417311e-01 -1.296614478517388869e-01
2.547355503242452190e-01 -1.306815552540597225e-01
2.654082913424666845e-01 -1.314600557004185211e-01
2.762659618949298013e-01 -1.320019669084350755e-01
2.873058286211370715e-01 -1.323162669309145556e-01
2.985251122936787294e-01 -1.324153933725972787e-01
3.099209885178879631e-01 -1.323146151248645597e-01
3.214905884428678196e-01 -1.320312998340324451e-01
3.332309994837083789e-01 -1.315841048837535499e-01
3.451392660547150104e-01 -1.309921233890492531e-01
3.572123903134606371e-01 -1.302740193958238368e-01
3.694473329154774888e-01 -1.294471880064503311e-01
3.818410137793947223e-01 -1.285269763902254780e-01
3.943903128623333920e-01 -1.275260005037419930e-01
4.070920709453594855e-01 -1.264535897976405976e-01
4.199430904288018462e-01 -1.253153882245729711e-01
4.329401361372292589e-01 -1.241131345382744250e-01
4.460799361338897429e-01 -1.228446382852453195e-01
4.593591825444023335e-01 -1.215039601895898380e-01
4.727745323894976259e-01 -1.200817970197576023e-01
4.863226084265935834e-01 -1.185660617540877509e-01
5.000000000000001110e-01 -1.169426402270529880e-01
5.138032638995313484e-01 -1.151962957784669755e-01
5.277289252273172915e-01 -1.133116841179721279e-01
5.417734782725895926e-01 -1.112744320598541559e-01
5.559333873942259308e-01 -1.090722264018829518e-01
5.702050879108284676e-01 -1.066958534504906519e-01
5.845849869981135649e-01 -1.041401259674751556e-01
5.990694645933862805e-01 -1.014046330539331298e-01
6.136548743068714895e-01 -9.849425009583456792e-02
6.283375443396724824e-01 -9.541935073812904400e-02
6.431137784081281117e-01 -9.219567124883240594e-02
6.579798566743311206e-01 -8.884378984009667912e-02
6.729320366825783939e-01 -8.538819971768754624e-02
6.879665543015128781e-01 -8.185597493945497016e-02
7.030796246717250231e-01 -7.827505259123394843e-02
7.182674431585703845e-01 -7.467218324855724731e-02
7.335261863099650226e-01 -7.107063399034589668e-02
7.488520128189207758e-01 -6.748776405921574906e-02
7.642410644905727191e-01 -6.393263219886256843e-02
7.796894672134594417e-01 -6.040383620162866063e-02
7.951933319348093443e-01 -5.688782861243653344e-02
8.107487556395898132e-01 -5.335799709041692124e-02
8.263518223330695855e-01 -4.977484275283686199e-02
8.419986040266501659e-01 -4.608763394690706949e-02
8.576851617267149397e-01 -4.223795525842920923e-02
8.734075464262507360e-01 -3.816561104604348359e-02
8.891618000989889303e-01 -3.381737820596457389e-02
9.049439566958173975e-01 -2.915913300912677253e-02
9.207500431432115162e-01 -2.419190048067197674e-02
9.365760803434354242e-01 -1.897239068878200235e-02
9.524180841762578398e-01 -1.363859328599617733e-02
9.682720665019324269e-01 -8.440998568270506944e-03
9.841340361651920166e-01 -3.779999134527942638e-03
9.999999999999998890e-01 -2.500000000000189245e-04
