9.999999999999998890e-01 2.500000000001625271e-04
9.841340361651920166e-01 2.322383269204390463e-02
9.682720665019324269e-01 4.568169708812156588e-02
9.524180841762578398e-01 6.761835803872903727e-02
9.365760803434354242e-01 8.903185146857756083e-02
9.207500431432115162e-01 1.099224084662390605e-01
9.049439566958173975e-01 1.302916136106848088e-01
8.891618000989889303e-01 1.501417687793573652e-01
8.734075464262507360e-01 1.694754339871161475e-01
8.576851617267149397e-01 1.882951176109498859e-01
8.419986040266501659e-01 2.066030895990762783e-01
8.263518223330695855e-01 2.244012928792289419e-01
8.107487556395898132e-01 2.416913301021411109e-01
7.951933319348093443e-01 2.584745050147830292e-01
7.796894672134594417e-01 2.747519000870378147e-01
7.642410644905727191e-01 2.905244744506463306e-01
7.488520128189207758e-01 3.057931686890397183e-01
7.335261863099650226e-01 3.205590054839598801e-01
7.182674431585703845e-01 3.348231775273750599e-01
7.030796246717250231e-01 3.485871163986766219e-01
6.879665543015128781e-01 3.618525382471974861e-01
6.729320366825783939e-01 3.746214640750936131e-01
6.579798566743311206e-01 3.868962141586613779e-01
6.431137784081281117e-01 3.986793776572992165e-01
6.283375443396724824e-01 4.099737597253750310e-01
6.136548743068714895e-01 4.207823094567051392e-01
5.990694645933862805e-01 4.311080327539823509e-01
5.845849869981135649e-01 4.409538947319217028e-01
5.702050879108284676e-01 4.503227165441273661e-01
5.559333873942259308e-01 4.592170715854391183e-01
5.417734782725895926e-01 4.676391858835612370e-01
5.277289252273172915e-01 4.755908471792462677e-01
5.138032638995313484e-01 4.830733267288930821e-01
5.000000000000001110e-01 4.900873172746685880e-01
4.863226084265935834e-01 4.966328899437771338e-01
4.727745323894976259e-01 5.027094720891938096e-01
4.593591825444023335e-01 5.083158472976102571e-01
4.460799361338897429e-01 5.134501779939965038e-01
4.329401361372292589e-01 5.181100502919332440e-01
4.199430904288018462e-01 5.222925399983996408e-01
4.070920709453594855e-01 5.259942980020709813e-01
3.943903128623333920e-01 5.292116526734594872e-01
3.818410137793947223e-01 5.319407263982234291e-01
3.694473329154774888e-01 5.341775629629843536e-01
3.572123903134606371e-01 5.359182622238317650e-01
3.451392660547150104e-01 5.371591183155106641e-01
3.332309994837083789e-01 5.378967576048374610e-01
3.214905884428678196e-01 5.381282726524804216e-01
3.099209885178879631e-01 5.378513486171562219e-01
2.985251122936787294e-01 5.370643788069584534e-01
2.873058286211370715e-01 5.357665664429055452e-01
2.762659618949298013e-01 5.339580101367749077e-01
2.654082913424666845e-01 5.316397710841315183e-01
2.547355503242452190e-01 5.288139205182019742e-01
2.442504256457417311e-01 5.254835665442512127e-01
2.339555568810219865e-01 5.216528600604405375e-01
2.238535357082431787e-01 5.173269800530370111e-01
2.139469052572124941e-01 5.125120991152232186e-01
2.042381594691679014e-01 5.072153305645080712e-01
1.947297424689413692e-01 5.014446590101604428e-01
1.854240479496642724e-01 4.952088566372294109e-01
1.763234185701672008e-01 4.885173878174964845e-01
1.674301453652287108e-01 4.813803049223203678e-01
1.587464671688187945e-01 4.738081383922398415e-01
1.502745700504856119e-01 4.658117842102767470e-01
1.420165867650229341e-01 4.574023919294204488e-01
1.339745962155614034e-01 4.485912563214782822e-01
1.261506229302150617e-01 4.393897155482906491e-01
1.185466365524179277e-01 4.298090585133430563e-01
1.111645513450765232e-01 4.198604437400608180e-01
1.040062257086641351e-01 4.095548317522497705e-01
9.707346171337882801e-02 3.989029325133030546e-01
9.036800464548166989e-02 3.879151690260931873e-01
8.389154256793041053e-02 3.766016577177849767e-01
7.764570589541863743e-02 3.649722057464073188e-01
7.163206698392743377e-02 3.530363248822325772e-01
6.585213973489323358e-02 3.408032611498311715e-01
6.030737921409157209e-02 3.282820389784578130e-01
5.499918128533154427e-02 3.154815182106048832e-01
4.992888225905456334e-02 3.024104619713425257e-01
4.509775855592612626e-02 2.890776131131183591e-01
4.050702638550263135e-02 2.754917767291043540e-01
3.615784144005795842e-02 2.616619060781190109e-01
3.205129860364375194e-02 2.475971891888675558e-01
2.818843167645834757e-02 2.333071334119863893e-01
2.457021311459295365e-02 2.188016452643464782e-01
2.119755378522125699e-02 2.040911030585177699e-01
1.807130273729329328e-02 1.891864200265623575e-01
1.519224698779197968e-02 1.740990959250291736e-01
1.256111132360571148e-02 1.588412554391907816e-01
1.017855811906731578e-02 1.434256720798933737e-01
8.045187169204659483e-03 1.278657766754690284e-01
6.161535538745877005e-03 1.121756499927775846e-01
4.528077426915411152e-03 9.636999946381261117e-02
3.145224048057615462e-03 8.046412043553501092e-02
2.013323528115562588e-03 6.447384278869479346e-02
1.132660816992037134e-03 4.841546417501622901e-02
5.034576168149174080e-04 3.230567149039814678e-02
1.258723261249317105e-04 1.616145252493104284e-02
0.000000000000000000e+00 0.000000000000000000e+00
1.258723261249317105e-04 -1.584666946400603224e-02
5.034576168149174080e-04 -3.166331626370439550e-02
1.132660816992037134e-03 -4.742016680307087340e-02
2.013323528115562588e-03 -6.308806383702574017e-02
3.145224048057615462e-03 -7.863875568541478511e-02
4.528077426915411152e-03 -9.404516328022745342e-02
6.161535538745877005e-03 -1.092816186331184852e-01
8.045187169204659483e-03 -1.243240691111925783e-01
1.017855811906731578e-02 -1.391502428666051006e-01
1.256111132360571148e-02 -1.537397718526428703e-01
1.519224698779197968e-02 -1.680742700446408444e-01
1.807130273729329328e-02 -1.821373657344741159e-01
2.119755378522125699e-02 -1.959146880468053409e-01
2.457021311459295365e-02 -2.093938090969675314e-01
2.818843167645834757e-02 -2.225641444378199107e-01
3.205129860364375194e-02 -2.354168155906396220e-01
3.615784144005795842e-02 -2.479444794898325588e-01
4.050702638550263135e-02 -2.601411305627442383e-01
4.509775855592612626e-02 -2.720018818879497702e-01
4.992888225905456334e-02 -2.835227324066149635e-01
5.499918128533154427e-02 -2.947003274858666644e-01
6.030737921409157209e-02 -3.055317202404456145e-01
6.585213973489323358e-02 -3.160141409054571526e-01
7.163206698392743377e-02 -3.261447812213548181e-01
7.764570589541863743e-02 -3.359206002515352507e-01
8.389154256793041053e-02 -3.453381573183638698e-01
9.036800464548166989e-02 -3.543934768363946053e-01
9.707346171337882801e-02 -3.630819487685901237e-01
1.040062257086641351e-01 -3.713982672637988758e-01
1.111645513450765232e-01 -3.793364087867221457e-01
1.185466365524179277e-01 -3.868896497631316156e-01
1.261506229302150617e-01 -3.940506224729485307e-01
1.339745962155614034e-01 -4.008114066724472457e-01
1.420165867650229341e-01 -4.071636532542187714e-01
1.502745700504856119e-01 -4.130987351978186450e-01
1.587464671688187945e-01 -4.186079201605297229e-01
1.674301453652287108e-01 -4.236825583376232496e-01
1.763234185701672008e-01 -4.283142787110814087e-01
1.854240479496642724e-01 -4.324951865250862837e-01
1.947297424689413692e-01 -4.362180547890561200e-01
2.042381594691679014e-01 -4.394765028205502300e-01
2.139469052572124941e-01 -4.422651552990957136e-01
2.238535357082431787e-01 -4.445797759980140151e-01
2.339555568810219865e-01 -4.464173712766905666e-01
2.442504256457417311e-01 -4.477762595247920530e-01
2.547355503242452190e-01 -4.486561040197081796e-01
2.654082913424666845e-01 -4.490579080495083475e-01
2.762659618949298013e-01 -4.489839726208331161e-01
2.873058286211370715e-01 -4.484378185648621451e-01
2.985251122936787294e-01 -4.474240763221152828e-01
3.099209885178879631e-01 -4.459483480741029404e-01
3.214905884428678196e-01 -4.440170481424172699e-01
3.332309994837083789e-01 -4.416372286412024728e-01
3.451392660547150104e-01 -4.388163981979212869e-01
3.572123903134606371e-01 -4.355623421060419442e-01
3.694473329154774888e-01 -4.318829525047674922e-01
3.818410137793947223e-01 -4.277860770667940571e-01
3.943903128623333920e-01 -4.232793941969761886e-01
4.070920709453594855e-01 -4.183703218957280368e-01
4.199430904288018462e-01 -4.130659662264177800e-01
4.329401361372292589e-01 -4.073731137646730560e-01
4.460799361338897429e-01 -4.012982705318266508e-01
4.593591825444023335e-01 -3.948477477711511141e-01
4.727745323894976259e-01 -3.880277925741848488e-01
4.863226084265935834e-01 -3.808447588787145510e-01
5.000000000000001110e-01 -3.733053118254434088e-01
5.138032638995313484e-01 -3.654166559735648745e-01
5.277289252273172915e-01 -3.571867755420784496e-01
5.417734782725895926e-01 -3.486246727765938136e-01
5.559333873942259308e-01 -3.397405888581004896e-01
5.702050879108284676e-01 -3.305461905903170350e-01
5.845849869981135649e-01 -3.210547055443516151e-01
5.990694645933862805e-01 -3.112809885179603775e-01
6.136548743068714895e-01 -3.012415031886565009e-01
6.283375443396724824e-01 -2.909542048014254201e-01
6.431137784081281117e-01 -2.804383127146482524e-01
6.579798566743311206e-01 -2.697139656962538878e-01
6.729320366825783939e-01 -2.588017580594402234e-01
6.879665543015128781e-01 -2.477221610731034640e-01
7.030796246717250231e-01 -2.364948415694087813e-01
7.182674431585703845e-01 -2.251378982640059312e-01
7.335261863099650226e-01 -2.136670459368044117e-01
7.488520128189207758e-01 -2.020947881946160429e-01
7.642410644905727191e-01 -1.904296309202432314e-01
7.796894672134594417e-01 -1.786754005417682534e-01
7.951933319348093443e-01 -1.668307437346921440e-01
8.107487556395898132e-01 -1.548888978709301589e-01
8.263518223330695855e-01 -1.428378341962960596e-01
8.419986040266501659e-01 -1.306608880694903607e-01
8.576851617267149397e-01 -1.183380023254924085e-01
8.734075464262507360e-01 -1.058477206107073798e-01
8.891618000989889303e-01 -9.317007703855682832e-02
9.049439566958173975e-01 -8.029053638635813561e-02
9.207500431432115162e-01 -6.720514494894207214e-02
9.365760803434354242e-01 -5.392705573722891138e-02
9.524180841762578398e-01 -4.049459262764117107e-02
9.682720665019324269e-01 -2.698101601552818987e-02
9.841340361651920166e-01 -1.350614721285371862e-02
9.999999999999998890e-01 -2.500000000000914034e-04
