9.999999999999998890e-01 2.500000000001083712e-04
9.841340361651920166e-01 1.567695876765100305e-02
9.682720665019324269e-01 3.084974872140231264e-02
9.524180841762578398e-01 4.563330691305192421e-02
9.365760803434354242e-01 5.994147259898215813e-02
9.207500431432115162e-01 7.372654175684563438e-02
9.049439566958173975e-01 8.697024839453104672e-02
8.891618000989889303e-01 9.967607965999343567e-02
8.734075464262507360e-01 1.118628241960664682e-01
8.576851617267149397e-01 1.235592480234909279e-01
8.419986040266501659e-01 1.347997893255578616e-01
8.263518223330695855e-01 1.456211626727275665e-01
8.107487556395898132e-01 1.560597642700126408e-01
7.951933319348093443e-01 1.661497725241667667e-01
7.796894672134594417e-01 1.759218423924236163e-01
7.642410644905727191e-01 1.854022973651343886e-01
7.488520128189207758e-01 1.946127293256596502e-01
7.335261863099650226e-01 2.035699236999218287e-01
7.182674431585703845e-01 2.122860350395246176e-01
7.030796246717250231e-01 2.207689462708440908e-01
6.879665543015128781e-01 2.290227530955262214e-01
6.729320366825783939e-01 2.370483232684437447e-01
6.579798566743311206e-01 2.448438885478914917e-01
6.431137784081281117e-01 2.524056348692237384e-01
6.283375443396724824e-01 2.597282636169501724e-01
6.136548743068714895e-01 2.668055036619340070e-01
5.990694645933862805e-01 2.736305600111499925e-01
5.845849869981135649e-01 2.801964904294704239e-01
5.702050879108284676e-01 2.864965061982483463e-01
5.559333873942259308e-01 2.925241972552177772e-01
5.417734782725895926e-01 2.982736853133972077e-01
5.277289252273172915e-01 3.037397111984495579e-01
5.138032638995313484e-01 3.089176646040341923e-01
5.000000000000001110e-01 3.138035657852872862e-01
4.863226084265935834e-01 3.183940094444609459e-01
4.727745323894976259e-01 3.226860812710267146e-01
4.593591825444023335e-01 3.266772573486074194e-01
4.460799361338897429e-01 3.303652960044163311e-01
4.329401361372292589e-01 3.337481307270865893e-01
4.199430904288018462e-01 3.368237715895962547e-01
4.070920709453594855e-01 3.395902212575788170e-01
3.943903128623333920e-01 3.420454102085173642e-01
3.818410137793947223e-01 3.441871542983476751e-01
3.694473329154774888e-01 3.460131363471504740e-01
3.572123903134606371e-01 3.475209120263382245e-01
3.451392660547150104e-01 3.487079390598639139e-01
3.332309994837083789e-01 3.495716276372369813e-01
3.214905884428678196e-01 3.501094090038457951e-01
3.099209885178879631e-01 3.503188184631889635e-01
2.985251122936787294e-01 3.501975885067682981e-01
2.873058286211370715e-01 3.497437474833795523e-01
2.762659618949298013e-01 3.489557191257958157e-01
2.654082913424666845e-01 3.478324183581842366e-01
2.547355503242452190e-01 3.463733390950110014e-01
2.442504256457417311e-01 3.445786301897846293e-01
2.339555568810219865e-01 3.424491562739492845e-01
2.238535357082431787e-01 3.399865409139285477e-01
2.139469052572124941e-01 3.371931902772587475e-01
2.042381594691679014e-01 3.340722963057018435e-01
1.947297424689413692e-01 3.306278192131808513e-01
1.854240479496642724e-01 3.268644499294843242e-01
1.763234185701672008e-01 3.227875538690893054e-01
1.674301453652287108e-01 3.184030980930869781e-01
1.587464671688187945e-01 3.137175645293579507e-01
1.502745700504856119e-01 3.087378524040719774e-01
1.420165867650229341e-01 3.034711734027317198e-01
1.339745962155614034e-01 2.979249433123554169e-01
1.261506229302150617e-01 2.921066739935627710e-01
1.185466365524179277e-01 2.860238694924270297e-01
1.111645513450765232e-01 2.796839299314986538e-01
1.040062257086641351e-01 2.730940665259834477e-01
9.707346171337882801e-02 2.662612306669712159e-01
9.036800464548166989e-02 2.591920595143335504e-01
8.389154256793041053e-02 2.518928399655653294e-01
7.764570589541863743e-02 2.443694922335682418e-01
7.163206698392743377e-02 2.366275735976118288e-01
6.585213973489323358e-02 2.286723022096286140e-01
6.030737921409157209e-02 2.205086001646651694e-01
5.499918128533154427e-02 2.121411544011926886e-01
4.992888225905456334e-02 2.035744934041578691e-01
4.509775855592612626e-02 1.948130771593668542e-01
4.050702638550263135e-02 1.858613973678553966e-01
3.615784144005795842e-02 1.767240845863380649e-01
3.205129860364375194e-02 1.674060187244520159e-01
2.818843167645834757e-02 1.579124392077988215e-01
2.457021311459295365e-02 1.482490511106086817e-01
2.119755378522125699e-02 1.384221236725554638e-01
1.807130273729329328e-02 1.284385778366360920e-01
1.519224698779197968e-02 1.183060597715933915e-01
1.256111132360571148e-02 1.080329977624952809e-01
1.017855811906731578e-02 9.762864035346305314e-02
8.045187169204659483e-03 8.710307419151992747e-02
6.161535538745877005e-03 7.646722063264942137e-02
4.528077426915411152e-03 6.573281081160343986e-02
3.145224048057615462e-03 5.491233952632817994e-02
2.013323528115562588e-03 4.401899892630981720e-02
1.132660816992037134e-03 3.306659360250804869e-02
5.034576168149174080e-04 2.206943923648891151e-02
1.258723261249317105e-04 1.104224746112315858e-02
0.000000000000000000e+00 0.000000000000000000e+00
1.258723261249317105e-04 -1.094314898164777672e-02
5.034576168149174080e-04 -2.186893423764716543e-02
1.132660816992037134e-03 -3.276007778332119813e-02
2.013323528115562588e-03 -4.359959564645961988e-02
3.145224048057615462e-03 -5.437093657269775893e-02
4.528077426915411152e-03 -6.505811099745198445e-02
6.161535538745877005e-03 -7.564580742855352147e-02
8.045187169204659483e-03 -8.611949370413429783e-02
1.017855811906731578e-02 -9.646550097526968015e-02
1.256111132360571148e-02 -1.066710887025946741e-01
1.519224698779197968e-02 -1.167244894393955762e-01
1.807130273729329328e-02 -1.266149326881346737e-01
2.119755378522125699e-02 -1.363326476499174544e-01
2.457021311459295365e-02 -1.458688452232958788e-01
2.818843167645834757e-02 -1.552156801362531147e-01
3.205129860364375194e-02 -1.643661945995563978e-01
3.615784144005795842e-02 -1.733142453378018477e-01
4.050702638550263135e-02 -1.820544162741565830e-01
4.509775855592612626e-02 -1.905819195049667236e-01
4.992888225905456334e-02 -1.988924874914373697e-01
5.499918128533154427e-02 -2.069822596096337619e-01
6.030737921409157209e-02 -2.148476663311351398e-01
6.585213973489323358e-02 -2.224853143509672448e-01
7.163206698392743377e-02 -2.298918759352824581e-01
7.764570589541863743e-02 -2.370639856293195458e-01
8.389154256793041053e-02 -2.439981472493643611e-01
9.036800464548166989e-02 -2.506906537859179274e-01
9.707346171337882801e-02 -2.571375224763557954e-01
1.040062257086641351e-01 -2.633344468732885524e-01
1.111645513450765232e-01 -2.692767672506199417e-01
1.185466365524179277e-01 -2.749594601654877235e-01
1.261506229302150617e-01 -2.803771474445598266e-01
1.339745962155614034e-01 -2.855241243021512942e-01
1.420165867650229341e-01 -2.903944057404267975e-01
1.502745700504856119e-01 -2.949817898437654962e-01
1.587464671688187945e-01 -2.992799360751934867e-01
1.674301453652287108e-01 -3.032824562269151869e-01
1.763234185701672008e-01 -3.069830152827213166e-01
1.854240479496642724e-01 -3.103754391292861126e-01
1.947297424689413692e-01 -3.134538258162738456e-01
2.042381594691679014e-01 -3.162126569198941417e-01
2.139469052572124941e-01 -3.186469055169091069e-01
2.238535357082431787e-01 -3.207521373294996425e-01
2.339555568810219865e-01 -3.225246017565385759e-01
2.442504256457417311e-01 -3.239613097617159432e-01
2.547355503242452190e-01 -3.250600959388691424e-01
2.654082913424666845e-01 -3.258196625123428447e-01
2.762659618949298013e-01 -3.262396035452332366e-01
2.873058286211370715e-01 -3.263204082085198188e-01
2.985251122936787294e-01 -3.260634425948077952e-01
3.099209885178879631e-01 -3.254709102252625885e-01
3.214905884428678196e-01 -3.245457920794395101e-01
3.332309994837083789e-01 -3.232917676561316012e-01
3.451392660547150104e-01 -3.217131192295140107e-01
3.572123903134606371e-01 -3.198146220790488714e-01
3.694473329154774888e-01 -3.176014240245042530e-01
3.818410137793947223e-01 -3.150789180705950154e-01
3.943903128623333920e-01 -3.122526123421139332e-01
4.070920709453594855e-01 -3.091280017548408976e-01
4.199430904288018462e-01 -3.057104460071737861e-01
4.329401361372292589e-01 -3.020050584823245621e-01
4.460799361338897429e-01 -2.980166105141914823e-01
4.593591825444023335e-01 -2.937494551883069183e-01
4.727745323894976259e-01 -2.892074744229407579e-01
4.863226084265935834e-01 -2.843940525087759741e-01
5.000000000000001110e-01 -2.793120785868632439e-01
5.138032638995313484e-01 -2.739639797260441934e-01
5.277289252273172915e-01 -2.683517853388741048e-01
5.417734782725895926e-01 -2.624772226691318155e-01
5.559333873942259308e-01 -2.563418420175054280e-01
5.702050879108284676e-01 -2.499471692713223780e-01
5.845849869981135649e-01 -2.432948821980294718e-01
5.990694645933862805e-01 -2.363870058814344366e-01
6.136548743068714895e-01 -2.292261216566655879e-01
6.283375443396724824e-01 -2.218155829673543467e-01
6.431137784081281117e-01 -2.141597307595548560e-01
6.579798566743311206e-01 -2.062641003734671519e-01
6.729320366825783939e-01 -1.981356114265732105e-01
6.879665543015128781e-01 -1.897827319283976744e-01
7.030796246717250231e-01 -1.812156078526072633e-01
7.182674431585703845e-01 -1.724461496374896652e-01
7.335261863099650226e-01 -1.634880676072189010e-01
7.488520128189207758e-01 -1.543568491146540544e-01
7.642410644905727191e-01 -1.450696713067534394e-01
7.796894672134594417e-01 -1.356452448046706616e-01
7.951933319348093443e-01 -1.261035852641682886e-01
8.107487556395898132e-01 -1.164657117230628869e-01
8.263518223330695855e-01 -1.067532728288604765e-01
8.419986040266501659e-01 -9.698810444229657990e-02
8.576851617267149397e-01 -8.719172469503873313e-02
8.734075464262507360e-01 -7.738477529959300605e-02
8.891618000989889303e-01 -6.758642071765250114e-02
9.049439566958173975e-01 -5.781371963536619668e-02
9.207500431432115162e-01 -4.808098601121228027e-02
9.365760803434354242e-01 -3.839915969137518842e-02
9.524180841762578398e-01 -2.877520916297659007e-02
9.682720665019324269e-01 -1.921159136968435613e-02
9.841340361651920166e-01 -9.705795579130560916e-03
9.999999999999998890e-01 -2.500000000000659789e-04
