9.999999999999998890e-01 2.500000000001500588e-04
9.841340361651920166e-01 2.156839387534513486e-02
9.682720665019324269e-01 4.254874884430667054e-02
9.524180841762578398e-01 6.308824076089231125e-02
9.365760803434354242e-01 8.311132055085064529e-02
9.207500431432115162e-01 1.025651580006596009e-01
9.049439566958173975e-01 1.214155949702194620e-01
8.891618000989889303e-01 1.396435818796706030e-01
8.734075464262507360e-01 1.572420681806698528e-01
8.576851617267149397e-01 1.742133151990251927e-01
8.419986040266501659e-01 1.905665981799469499e-01
8.263518223330695855e-01 2.063162635222538788e-01
8.107487556395898132e-01 2.214801069899485775e-01
7.951933319348093443e-01 2.360780390699594444e-01
7.796894672134594417e-01 2.501310045314154573e-01
7.642410644905727191e-01 2.636601245606341459e-01
7.488520128189207758e-01 2.766860315226754019e-01
7.335261863099650226e-01 2.892283683614934042e-01
7.182674431585703845e-01 3.013054268252480794e-01
7.030796246717250231e-01 3.129339010234580276e-01
6.879665543015128781e-01 3.241287352249195286e-01
6.729320366825783939e-01 3.349030472314541984e-01
6.579798566743311206e-01 3.452681110600983594e-01
6.431137784081281117e-01 3.552333849892597151e-01
6.283375443396724824e-01 3.648065732332121391e-01
6.136548743068714895e-01 3.739937115715413207e-01
5.990694645933862805e-01 3.827992691501874156e-01
5.845849869981135649e-01 3.912262603697113650e-01
5.702050879108284676e-01 3.992763622720983951e-01
5.559333873942259308e-01 4.069500341237474172e-01
5.417734782725895926e-01 4.142466369689943861e-01
5.277289252273172915e-01 4.211645518004867861e-01
5.138032638995313484e-01 4.277012956694701828e-01
5.000000000000001110e-01 4.338536355540075773e-01
4.863226084265935834e-01 4.396177001329740208e-01
4.727745323894976259e-01 4.449890897975070647e-01
4.593591825444023335e-01 4.499629852904151184e-01
4.460799361338897429e-01 4.545342553198197244e-01
4.329401361372292589e-01 4.586975633685100862e-01
4.199430904288018462e-01 4.624474737372484268e-01
4.070920709453594855e-01 4.657785566399832988e-01
3.943903128623333920e-01 4.686854919316271739e-01
3.818410137793947223e-01 4.711631708129944696e-01
3.694473329154774888e-01 4.732067946388067159e-01
3.572123903134606371e-01 4.748119697670364348e-01
3.451392660547150104e-01 4.759747972423433171e-01
3.332309994837083789e-01 4.766919560112913845e-01
3.214905884428678196e-01 4.769607783279374291e-01
3.099209885178879631e-01 4.767793160280630604e-01
2.985251122936787294e-01 4.761463964289203710e-01
2.873058286211370715e-01 4.750616667466238119e-01
2.762659618949298013e-01 4.735256261106833842e-01
2.654082913424666845e-01 4.715396444882362093e-01
2.547355503242452190e-01 4.691059681012069160e-01
2.442504256457417311e-01 4.662277112185846395e-01
2.339555568810219865e-01 4.629088345230258916e-01
2.238535357082431787e-01 4.591541105753080276e-01
2.139469052572124941e-01 4.549690772208937473e-01
2.042381594691679014e-01 4.503599800892784111e-01
1.947297424689413692e-01 4.453337056187804954e-01
1.854240479496642724e-01 4.398977062876588406e-01
1.763234185701672008e-01 4.340599199387569218e-01
1.674301453652287108e-01 4.278286852424723619e-01
1.587464671688187945e-01 4.212126554464439843e-01
1.502745700504856119e-01 4.142207126063777722e-01
1.420165867650229341e-01 4.068618844790306555e-01
1.339745962155614034e-01 3.991452661855171558e-01
1.261506229302150617e-01 3.910799486225060018e-01
1.185466365524179277e-01 3.826749554139327048e-01
1.111645513450765232e-01 3.739391899615691628e-01
1.040062257086641351e-01 3.648813938755392505e-01
9.707346171337882801e-02 3.555101177532772883e-01
9.036800464548166989e-02 3.458337049360600268e-01
8.389154256793041053e-02 3.358602885154816642e-01
7.764570589541863743e-02 3.255978014978191948e-01
7.163206698392743377e-02 3.150539996721982150e-01
6.585213973489323358e-02 3.042364963786823306e-01
6.030737921409157209e-02 2.931528080444028572e-01
5.499918128533154427e-02 2.818104090585612509e-01
4.992888225905456334e-02 2.702167942985873594e-01
4.509775855592612626e-02 2.583795474069401910e-01
4.050702638550263135e-02 2.463064127566410022e-01
3.615784144005795842e-02 2.340053689380236779e-01
3.205129860364375194e-02 2.214847015520666762e-01
2.818843167645834757e-02 2.087530731083160063e-01
2.457021311459295365e-02 1.958195878973567894e-01
2.119755378522125699e-02 1.826938498370778430e-01
1.807130273729329328e-02 1.693860114750409263e-01
1.519224698779197968e-02 1.559068125611809963e-01
1.256111132360571148e-02 1.422676068795403759e-01
1.017855811906731578e-02 1.284803763374233743e-01
8.045187169204659483e-03 1.145577316469284790e-01
6.161535538745877005e-03 1.005128992882889649e-01
4.528077426915411152e-03 8.635969480733048098e-02
3.145224048057615462e-03 7.211248286103572047e-02
2.013323528115562588e-03 5.778612477595263669e-02
1.132660816992037134e-03 4.339591471478814605e-02
5.034576168149174080e-04 2.895750584814152720e-02
1.258723261249317105e-04 1.448682819296363659e-02
0.000000000000000000e+00 0.000000000000000000e+00
1.258723261249317105e-04 -1.428815653116623924e-02
5.034576168149174080e-04 -2.854999344448379966e-02
1.132660816992037134e-03 -4.275940674040201034e-02
2.013323528115562588e-03 -5.689084250686001626e-02
3.145224048057615462e-03 -7.091955457687541819e-02
4.528077426915411152e-03 -8.482184186551872118e-02
6.161535538745877005e-03 -9.857525951635796868e-02
8.045187169204659483e-03 -1.121587987290309368e-01
1.017855811906731578e-02 -1.255530310263460458e-01
1.256111132360571148e-02 -1.387402137260758950e-01
1.519224698779197968e-02 -1.517043544807798738e-01
1.807130273729329328e-02 -1.644312339071753171e-01
2.119755378522125699e-02 -1.769083865117646592e-01
2.457021311459295365e-02 -1.891250412974781747e-01
2.818843167645834757e-02 -2.010720245731053568e-01
3.205129860364375194e-02 -2.127416285502752025e-01
3.615784144005795842e-02 -2.241274502706776250e-01
4.050702638550263135e-02 -2.352242062309093662e-01
4.509775855592612626e-02 -2.460275287392243160e-01
4.992888225905456334e-02 -2.565337505273763696e-01
5.499918128533154427e-02 -2.667396844364954833e-01
6.030737921409157209e-02 -2.766424050887730246e-01
6.585213973489323358e-02 -2.862390393427640678e-01
7.163206698392743377e-02 -2.955265720113658956e-01
7.764570589541863743e-02 -3.045016728061197830e-01
8.389154256793041053e-02 -3.131605497732892207e-01
9.036800464548166989e-02 -3.214988336256937029e-01
9.707346171337882801e-02 -3.295114963740682357e-01
1.040062257086641351e-01 -3.371928065517577067e-01
1.111645513450765232e-01 -3.445363221395510989e-01
1.185466365524179277e-01 -3.515349210689299175e-01
1.261506229302150617e-01 -3.581808679492967662e-01
1.339745962155614034e-01 -3.644659144660439831e-01
1.420165867650229341e-01 -3.703814297694858482e-01
1.502745700504856119e-01 -3.759185561561865230e-01
1.587464671688187945e-01 -3.810683844680462506e-01
1.674301453652287108e-01 -3.858221429310786932e-01
1.763234185701672008e-01 -3.901713926509766117e-01
1.854240479496642724e-01 -3.941082226967738134e-01
1.947297424689413692e-01 -3.976254376513698174e-01
2.042381594691679014e-01 -4.007167306958374642e-01
2.139469052572124941e-01 -4.033768357234039370e-01
2.238535357082431787e-01 -4.056016526414664702e-01
2.339555568810219865e-01 -4.073883409010493062e-01
2.442504256457417311e-01 -4.087353773704229254e-01
2.547355503242452190e-01 -4.096425759138772049e-01
2.654082913424666845e-01 -4.101110674121050681e-01
2.762659618949298013e-01 -4.101432404259278686e-01
2.873058286211370715e-01 -4.097426442141453018e-01
2.985251122936787294e-01 -4.089138573196147153e-01
3.099209885178879631e-01 -4.076623263835907895e-01
3.214905884428678196e-01 -4.059941811844915982e-01
3.332309994837083789e-01 -4.039160330720489300e-01
3.451392660547150104e-01 -4.014347649321007849e-01
3.572123903134606371e-01 -3.985573215259589075e-01
3.694473329154774888e-01 -3.952905094618598403e-01
3.818410137793947223e-01 -3.916408161421268130e-01
3.943903128623333920e-01 -3.876142567645729509e-01
4.070920709453594855e-01 -3.832162578264582953e-01
4.199430904288018462e-01 -3.784515845809975909e-01
4.329401361372292589e-01 -3.733243185388988028e-01
4.460799361338897429e-01 -3.678378894119188613e-01
4.593591825444023335e-01 -3.619951638960337004e-01
4.727745323894976259e-01 -3.557985914353114509e-01
4.863226084265935834e-01 -3.492504046531717532e-01
5.000000000000001110e-01 -3.423528695564587720e-01
5.138032638995313484e-01 -3.351085779914378393e-01
5.277289252273172915e-01 -3.275207722506967567e-01
5.417734782725895926e-01 -3.195936892950139718e-01
5.559333873942259308e-01 -3.113329098693159436e-01
5.702050879108284676e-01 -3.027456959652390367e-01
5.845849869981135649e-01 -2.938412987238146479e-01
5.990694645933862805e-01 -2.846312180880473663e-01
6.136548743068714895e-01 -2.751293954096600269e-01
6.283375443396724824e-01 -2.653523208825009361e-01
6.431137784081281117e-01 -2.553190392019311084e-01
6.579798566743311206e-01 -2.450510393062617920e-01
6.729320366825783939e-01 -2.345720174978317696e-01
6.879665543015128781e-01 -2.239075077032657846e-01
7.030796246717250231e-01 -2.130843781287487249e-01
7.182674431585703845e-01 -2.021302000867989668e-01
7.335261863099650226e-01 -1.910725022802014228e-01
7.488520128189207758e-01 -1.799379322634650780e-01
7.642410644905727191e-01 -1.687513560711985383e-01
7.796894672134594417e-01 -1.575349369863271454e-01
7.951933319348093443e-01 -1.463072449708687495e-01
8.107487556395898132e-01 -1.350824592220242759e-01
8.263518223330695855e-01 -1.238697374443067101e-01
8.419986040266501659e-01 -1.126728365175942298e-01
8.576851617267149397e-01 -1.014900800429270195e-01
8.734075464262507360e-01 -9.031477849561231341e-02
8.891618000989889303e-01 -7.913621712717046341e-02
9.049439566958173975e-01 -6.794133504193838879e-02
9.207500431432115162e-01 -5.671722573346547891e-02
9.365760803434354242e-01 -4.545459450279482061e-02
9.524180841762578398e-01 -3.415231130353488936e-02
9.682720665019324269e-01 -2.282319838700556935e-02
9.841340361651920166e-01 -1.150119039209123589e-02
9.999999999999998890e-01 -2.500000000000782304e-04
