9.999999999999998890e-01 2.500000000000122567e-04
9.841340361651920166e-01 1.984832898007894350e-03
9.682720665019324269e-01 3.672776124634645478e-03
9.524180841762578398e-01 5.306177086563693308e-03
9.365760803434354242e-01 6.878414985322936319e-03
9.207500431432115162e-01 8.384014640846945352e-03
9.049439566958173975e-01 9.818705981562437721e-03
8.891618000989889303e-01 1.117943631896257256e-02
8.734075464262507360e-01 1.246434249083424456e-02
8.576851617267149397e-01 1.367268980676590411e-02
8.419986040266501659e-01 1.480478447481852790e-02
8.263518223330695855e-01 1.586186584265789762e-02
8.107487556395898132e-01 1.684598436394752624e-02
7.951933319348093443e-01 1.775987071559790090e-02
7.796894672134594417e-01 1.860680095778317195e-02
7.642410644905727191e-01 1.939046206046174392e-02
7.488520128189207758e-01 2.011482153099469414e-02
7.335261863099650226e-01 2.078400428019205187e-02
7.182674431585703845e-01 2.140217927071408344e-02
7.030796246717250231e-01 2.197345791317419084e-02
6.879665543015128781e-01 2.250180562133733547e-02
6.729320366825783939e-01 2.299096741703578889e-02
6.579798566743311206e-01 2.344440799505290857e-02
6.431137784081281117e-01 2.386526622410714213e-02
6.283375443396724824e-01 2.425632367666327727e-02
6.136548743068714895e-01 2.461998645069252839e-02
5.990694645933862805e-01 2.495827927244563191e-02
5.845849869981135649e-01 2.527285065126346278e-02
5.702050879108284676e-01 2.556498769470267121e-02
5.559333873942259308e-01 2.583563908297917613e-02
5.417734782725895926e-01 2.608544464313081873e-02
5.277289252273172915e-01 2.631476995171998581e-02
5.138032638995313484e-01 2.652374442597402876e-02
5.000000000000001110e-01 2.671230143205786944e-02
4.863226084265935834e-01 2.688021904033043030e-02
4.727745323894976259e-01 2.702716018531160780e-02
4.593591825444023335e-01 2.715271113690364418e-02
4.460799361338897429e-01 2.725641735338904525e-02
4.329401361372292589e-01 2.733781596021695598e-02
4.199430904288018462e-01 2.739646427618124686e-02
4.070920709453594855e-01 2.743196398522805210e-02
3.943903128623333920e-01 2.744398072318817230e-02
3.818410137793947223e-01 2.743225901010401882e-02
3.694473329154774888e-01 2.739663260698036590e-02
3.572123903134606371e-01 2.733703050781714425e-02
3.451392660547150104e-01 2.725347889140867716e-02
3.332309994837083789e-01 2.714609945099687519e-02
3.214905884428678196e-01 2.701510459247517121e-02
3.099209885178879631e-01 2.686079004310939003e-02
2.985251122936787294e-01 2.668352544292121320e-02
2.873058286211370715e-01 2.648374350076797626e-02
2.762659618949298013e-01 2.626192828803648044e-02
2.654082913424666845e-01 2.601860321646935759e-02
2.547355503242452190e-01 2.575431920503186770e-02
2.442504256457417311e-01 2.546964348626217650e-02
2.339555568810219865e-01 2.516514943778541680e-02
2.238535357082431787e-01 2.484140775229279688e-02
2.139469052572124941e-01 2.449897918201698194e-02
2.042381594691679014e-01 2.413840901426925895e-02
1.947297424689413692e-01 2.376022335553848105e-02
1.854240479496642724e-01 2.336492722541594000e-02
1.763234185701672008e-01 2.295300439041211144e-02
1.674301453652287108e-01 2.252491880351002729e-02
1.587464671688187945e-01 2.208111745968209874e-02
1.502745700504856119e-01 2.162203443187444424e-02
1.420165867650229341e-01 2.114809581706338787e-02
1.339745962155614034e-01 2.065972529848012287e-02
1.261506229302150617e-01 2.015735001817733560e-02
1.185466365524179277e-01 1.964140645361895851e-02
1.111645513450765232e-01 1.911234600241952866e-02
1.040062257086641351e-01 1.857063999993947834e-02
9.707346171337882801e-02 1.801678392408668367e-02
9.036800464548166989e-02 1.745130057907433307e-02
8.389154256793041053e-02 1.687474209355152577e-02
7.764570589541863743e-02 1.628769061682710378e-02
7.163206698392743377e-02 1.569075764813588139e-02
6.585213973489323358e-02 1.508458198630318985e-02
6.030737921409157209e-02 1.446982633901924484e-02
5.499918128533154427e-02 1.384717268057722266e-02
4.992888225905456334e-02 1.321731649281038083e-02
4.509775855592612626e-02 1.258096006468821006e-02
4.050702638550263135e-02 1.193880506039647973e-02
3.615784144005795842e-02 1.129154459275011346e-02
3.205129860364375194e-02 1.063985505772947066e-02
2.818843167645834757e-02 9.984387996314845679e-03
2.457021311459295365e-02 9.325762251408169917e-03
2.119755378522125699e-02 8.664556680535871053e-03
1.807130273729329328e-02 8.001303669543546881e-03
1.519224698779197968e-02 7.336483669192341711e-03
1.256111132360571148e-02 6.670520946246589859e-03
1.017855811906731578e-02 6.003780704302547067e-03
8.045187169204659483e-03 5.336567688417529105e-03
6.161535538745877005e-03 4.669126342861241140e-03
4.528077426915411152e-03 4.001642544421212672e-03
3.145224048057615462e-03 3.334246886104822241e-03
2.013323528115562588e-03 2.667019439245151610e-03
1.132660816992037134e-03 1.999995877368780997e-03
5.034576168149174080e-04 1.333174804069927732e-03
1.258723261249317105e-04 6.665260907981684305e-04
0.000000000000000000e+00 0.000000000000000000e+00
1.258723261249317105e-04 -6.267917548464340804e-04
5.034576168149174080e-04 -1.251672316278779973e-03
1.132660816992037134e-03 -1.872694272210091975e-03
2.013323528115562588e-03 -2.487962972280884956e-03
3.145224048057615462e-03 -3.095661213719997414e-03
4.528077426915411152e-03 -3.694071938640202616e-03
6.161535538745877005e-03 -4.281598369796648339e-03
8.045187169204659483e-03 -4.856781085550065415e-03
1.017855811906731578e-02 -5.418311622861075524e-03
1.256111132360571148e-02 -5.965042297059074648e-03
1.519224698779197968e-02 -6.495992035992806737e-03
1.807130273729329328e-02 -7.010348140822250142e-03
2.119755378522125699e-02 -7.507464002822978114e-03
2.457021311459295365e-02 -7.986852921719118578e-03
2.818843167645834757e-02 -8.448178282832010180e-03
3.205129860364375194e-02 -8.891240454423313122e-03
3.615784144005795842e-02 -9.315960859922638171e-03
4.050702638550263135e-02 -9.722363759451044946e-03
4.509775855592612626e-02 -1.011055633874812475e-02
4.992888225905456334e-02 -1.048070774929525315e-02
5.499918128533154427e-02 -1.083302776962527178e-02
6.030737921409157209e-02 -1.116774576360067724e-02
6.585213973489323358e-02 -1.148509059650445856e-02
7.163206698392743377e-02 -1.178527213440249896e-02
7.764570589541863743e-02 -1.206846489730126204e-02
8.389154256793041053e-02 -1.233479436362689037e-02
9.036800464548166989e-02 -1.258432633454471643e-02
9.707346171337882801e-02 -1.281705966418395654e-02
1.040062257086641351e-01 -1.303292254894254133e-02
1.111645513450765232e-01 -1.323177244910151394e-02
1.185466365524179277e-01 -1.341339959263583743e-02
1.261506229302150617e-01 -1.357753388820568535e-02
1.339745962155614034e-01 -1.372385495575586048e-02
1.420165867650229341e-01 -1.385200487280551125e-02
1.502745700504856119e-01 -1.396160313608333162e-02
1.587464671688187945e-01 -1.405226325509262297e-02
1.674301453652287108e-01 -1.412361032953414128e-02
1.763234185701672008e-01 -1.417529891885133814e-02
1.854240479496642724e-01 -1.420703049149822823e-02
1.947297424689413692e-01 -1.421856974522160873e-02
2.042381594691679014e-01 -1.420975911833989233e-02
2.139469052572124941e-01 -1.418053086557747970e-02
2.238535357082431787e-01 -1.413091614957905084e-02
2.339555568810219865e-01 -1.406105069909914691e-02
2.442504256457417311e-01 -1.397117670458599033e-02
2.547355503242452190e-01 -1.386164075827071678e-02
2.654082913424666845e-01 -1.373288779508451997e-02
2.762659618949298013e-01 -1.358545114831975417e-02
2.873058286211370715e-01 -1.341993899501106938e-02
2.985251122936787294e-01 -1.323701762526238897e-02
3.099209885178879631e-01 -1.303739212168622888e-02
3.214905884428678196e-01 -1.282178517418343898e-02
3.332309994837083789e-01 -1.259091487599283028e-02
3.451392660547150104e-01 -1.234547244405419415e-02
3.572123903134606371e-01 -1.208610087545371192e-02
3.694473329154774888e-01 -1.181337558784443555e-02
3.818410137793947223e-01 -1.152778809179666464e-02
3.943903128623333920e-01 -1.122973370447152668e-02
4.070920709453594855e-01 -1.091950423530151960e-02
4.199430904288018462e-01 -1.059728645512799869e-02
4.329401361372292589e-01 -1.026316700135701358e-02
4.460799361338897429e-01 -9.917144175327323105e-03
4.593591825444023335e-01 -9.559146857762254590e-03
4.727745323894976259e-01 -9.189060508772342595e-03
4.863226084265935834e-01 -8.806759936582000264e-03
5.000000000000001110e-01 -8.412148221419057936e-03
5.138032638995313484e-01 -8.005200876434659732e-03
5.277289252273172915e-01 -7.586014025733191050e-03
5.417734782725895926e-01 -7.154855091058790612e-03
5.559333873942259308e-01 -6.712214214519766735e-03
5.702050879108284676e-01 -6.258854416463764843e-03
5.845849869981135649e-01 -5.795858306925314243e-03
5.990694645933862805e-01 -5.324669047509369459e-03
6.136548743068714895e-01 -4.847123209281125472e-03
6.283375443396724824e-01 -4.365473201603733630e-03
6.431137784081281117e-01 -3.882397066256493886e-03
6.579798566743311206e-01 -3.400993648574413084e-03
6.729320366825783939e-01 -2.924761479112325882e-03
6.879665543015128781e-01 -2.457560129842547431e-03
7.030796246717250231e-01 -2.003553350317687116e-03
7.182674431585703845e-01 -1.567133941295423185e-03
7.335261863099650226e-01 -1.152831083103494783e-03
7.488520128189207758e-01 -7.652016977895885561e-04
7.642410644905727191e-01 -4.087083792051951622e-04
7.796894672134594417e-01 -8.758746199642771370e-05
7.951933319348093443e-01 1.942880955657905586e-04
8.107487556395898132e-01 4.335451863780798772e-04
8.263518223330695855e-01 6.274393753929104764e-04
8.419986040266501659e-01 7.739678655526666205e-04
8.576851617267149397e-01 8.719572368328083831e-04
8.734075464262507360e-01 9.211154613860658745e-04
8.891618000989889303e-01 9.220366473231158926e-04
9.049439566958173975e-01 8.761460178074807065e-04
9.207500431432115162e-01 7.855718215591057842e-04
9.365760803434354242e-01 6.529302263831753602e-04
9.524180841762578398e-01 4.810087993791724477e-04
9.682720665019324269e-01 2.723339554259537757e-04
9.841340361651920166e-01 2.860778711813043206e-05
9.999999999999998890e-01 -2.499999999999978910e-04
