9.999999999999998890e-01 2.500000000000246166e-04
9.841340361651920166e-01 3.735155983126209334e-03
9.682720665019324269e-01 7.147784521152897655e-03
9.524180841762578398e-01 1.048946408645575271e-02
9.365760803434354242e-01 1.376156151494636361e-02
9.207500431432115162e-01 1.696523317208652182e-02
9.049439566958173975e-01 2.010143257589219051e-02
8.891618000989889303e-01 2.317092291241884192e-02
8.734075464262507360e-01 2.617429299319820601e-02
8.576851617267149397e-01 2.911197533707993515e-02
8.419986040266501659e-01 3.198426520662558253e-02
8.263518223330695855e-01 3.479133958732272269e-02
8.107487556395898132e-01 3.753327526222673821e-02
7.951933319348093443e-01 4.021006530116224414e-02
7.796894672134594417e-01 4.282163344851284970e-02
7.642410644905727191e-01 4.536784605338817916e-02
7.488520128189207758e-01 4.784852133740438718e-02
7.335261863099650226e-01 5.026343593567558082e-02
7.182674431585703845e-01 5.261232877352642334e-02
7.030796246717250231e-01 5.489490245299518539e-02
6.879665543015128781e-01 5.711082241795075592e-02
6.729320366825783939e-01 5.925971424361538287e-02
6.579798566743311206e-01 6.134115945494306166e-02
6.431137784081281117e-01 6.335469031857830779e-02
6.283375443396724824e-01 6.529978407535466656e-02
6.136548743068714895e-01 6.717585708522993970e-02
5.990694645933862805e-01 6.898225934529125802e-02
5.845849869981135649e-01 7.071826981540815793e-02
5.702050879108284676e-01 7.238309294694324214e-02
5.559333873942259308e-01 7.397585675953978479e-02
5.417734782725895926e-01 7.549561275145083572e-02
5.277289252273172915e-01 7.694133786232081051e-02
5.138032638995313484e-01 7.831193863599504590e-02
5.000000000000001110e-01 7.960625765704228141e-02
4.863226084265935834e-01 8.082308226039931764e-02
4.727745323894976259e-01 8.196115544096564676e-02
4.593591825444023335e-01 8.301918882102675423e-02
4.460799361338897429e-01 8.399587746982674352e-02
4.329401361372292589e-01 8.488991631299326601e-02
4.199430904288018462e-01 8.570001782114912425e-02
4.070920709453594855e-01 8.642493062797680647e-02
3.943903128623333920e-01 8.706345869900815326e-02
3.818410137793947223e-01 8.761448065398703966e-02
3.694473329154774888e-01 8.807696883801043042e-02
3.572123903134606371e-01 8.845000773972441777e-02
3.451392660547150104e-01 8.873281136830463156e-02
3.332309994837083789e-01 8.892473922420673915e-02
3.214905884428678196e-01 8.902531053091845836e-02
3.099209885178879631e-01 8.903421643517643591e-02
2.985251122936787294e-01 8.895132993014581713e-02
2.873058286211370715e-01 8.877671330858596943e-02
2.762659618949298013e-01 8.851062300962084239e-02
2.654082913424666845e-01 8.815351178191886683e-02
2.547355503242452190e-01 8.770602814635358735e-02
2.442504256457417311e-01 8.716901320106092144e-02
2.339555568810219865e-01 8.654349486978100969e-02
2.238535357082431787e-01 8.583067974908702158e-02
2.139469052572124941e-01 8.503194276030136278e-02
2.042381594691679014e-01 8.414881485644128134e-02
1.947297424689413692e-01 8.318296907245636973e-02
1.854240479496642724e-01 8.213620523752597491e-02
1.763234185701672008e-01 8.101043369068104683e-02
1.674301453652287108e-01 7.980765835511009765e-02
1.587464671688187945e-01 7.852995953202290824e-02
1.502745700504856119e-01 7.717947677190788169e-02
1.420165867650229341e-01 7.575839216965983558e-02
1.339745962155614034e-01 7.426891441081058531e-02
1.261506229302150617e-01 7.271326386956872279e-02
1.185466365524179277e-01 7.109365902634755263e-02
1.111645513450765232e-01 6.941230443384574511e-02
1.040062257086641351e-01 6.767138041757785050e-02
9.707346171337882801e-02 6.587303465016260129e-02
9.036800464548166989e-02 6.401937568984575333e-02
8.389154256793041053e-02 6.211246852389499390e-02
7.764570589541863743e-02 6.015433210787320822e-02
7.163206698392743377e-02 5.814693884358231035e-02
6.585213973489323358e-02 5.609221589281408044e-02
6.030737921409157209e-02 5.399204818201991385e-02
5.499918128533154427e-02 5.184828291557281449e-02
4.992888225905456334e-02 4.966273538328805359e-02
4.509775855592612626e-02 4.743719582197653689e-02
4.050702638550263135e-02 4.517343707156228072e-02
3.615784144005795842e-02 4.287322275406991318e-02
3.205129860364375194e-02 4.053831569875392116e-02
2.818843167645834757e-02 3.817048633881893471e-02
2.457021311459295365e-02 3.577152081438612213e-02
2.119755378522125699e-02 3.334322853226399930e-02
1.807130273729329328e-02 3.088744895517129760e-02
1.519224698779197968e-02 2.840605742069122336e-02
1.256111132360571148e-02 2.590096982262641429e-02
1.017855811906731578e-02 2.337414602368356742e-02
8.045187169204659483e-03 2.082759190756621262e-02
6.161535538745877005e-03 1.826336001955593605e-02
4.528077426915411152e-03 1.568354878643022157e-02
3.145224048057615462e-03 1.309030034802326041e-02
2.013323528115562588e-03 1.048579707279029272e-02
1.132660816992037134e-03 7.872256867375488493e-03
5.034576168149174080e-04 5.251927424429250410e-03
1.258723261249317105e-04 2.627079582902120281e-03
0.000000000000000000e+00 0.000000000000000000e+00
1.258723261249317105e-04 -2.546003004539876963e-03
5.034576168149174080e-04 -5.086705896747209001e-03
1.132660816992037134e-03 -7.616804777796358158e-03
2.013323528115562588e-03 -1.013111263655502858e-02
3.145224048057615462e-03 -1.262461427237327252e-02
4.528077426915411152e-03 -1.509251709333974539e-02
6.161535538745877005e-03 -1.753029659554077371e-02
8.045187169204659483e-03 -1.993373547688771091e-02
1.017855811906731578e-02 -2.229895551608599910e-02
1.256111132360571148e-02 -2.462244154828705303e-02
1.519224698779197968e-02 -2.690105708818306060e-02
1.807130273729329328e-02 -2.913205138251971638e-02
2.119755378522125699e-02 -3.131305791063199173e-02
2.457021311459295365e-02 -3.344208458686113300e-02
2.818843167645834757e-02 -3.551749614584292364e-02
3.205129860364375194e-02 -3.753798940411227220e-02
3.615784144005795842e-02 -3.950256228309634299e-02
4.050702638550263135e-02 -4.141047764378157081e-02
4.509775855592612626e-02 -4.326122311729214270e-02
4.992888225905456334e-02 -4.505446821433243404e-02
5.499918128533154427e-02 -4.679002005695539340e-02
6.030737921409157209e-02 -4.846777909653521982e-02
6.585213973489323358e-02 -5.008769616143155662e-02
7.163206698392743377e-02 -5.164973211709164569e-02
7.764570589541863743e-02 -5.315382132191762143e-02
8.389154256793041053e-02 -5.459983992693839827e-02
9.036800464548166989e-02 -5.598757990008724345e-02
9.707346171337882801e-02 -5.731672946160273896e-02
1.040062257086641351e-01 -5.858686040151823288e-02
1.111645513450765232e-01 -5.979742251987075347e-02
1.185466365524179277e-01 -6.094774519217192876e-02
1.261506229302150617e-01 -6.203704582420175445e-02
1.339745962155614034e-01 -6.306444472880591567e-02
1.420165867650229341e-01 -6.402898574050294722e-02
1.502745700504856119e-01 -6.492966168842731478e-02
1.587464671688187945e-01 -6.576544368101658322e-02
1.674301453652287108e-01 -6.653531302271352421e-02
1.763234185701672008e-01 -6.723829448869400593e-02
1.854240479496642724e-01 -6.787348963203322649e-02
1.947297424689413692e-01 -6.844010879132418623e-02
2.042381594691679014e-01 -6.893750050673559671e-02
2.139469052572124941e-01 -6.936517713856417411e-02
2.238535357082431787e-01 -6.972283561274422725e-02
2.339555568810219865e-01 -7.001037238927836082e-02
2.442504256457417311e-01 -7.022789195746381719e-02
2.547355503242452190e-01 -7.037570840007256745e-02
2.654082913424666845e-01 -7.045433983003748790e-02
2.762659618949298013e-01 -7.046449577938987407e-02
2.873058286211370715e-01 -7.040705790202839154e-02
2.985251122936787294e-01 -7.028305462962239347e-02
3.099209885178879631e-01 -7.009363068348213599e-02
3.214905884428678196e-01 -6.984001258445483862e-02
3.332309994837083789e-01 -6.952347150800436415e-02
3.451392660547150104e-01 -6.914528499338219725e-02
3.572123903134606371e-01 -6.870669912591349793e-02
3.694473329154774888e-01 -6.820889286286055397e-02
3.818410137793947223e-01 -6.765294616059865096e-02
3.943903128623333920e-01 -6.703981348027733544e-02
4.070920709453594855e-01 -6.637030409914854157e-02
4.199430904288018462e-01 -6.564507043599671077e-02
4.329401361372292589e-01 -6.486460531470956969e-02
4.460799361338897429e-01 -6.402924874560884938e-02
4.593591825444023335e-01 -6.313920440791531696e-02
4.727745323894976259e-01 -6.219456557938447122e-02
4.863226084265935834e-01 -6.119534979389637530e-02
5.000000000000001110e-01 -6.014154103006773278e-02
5.138032638995313484e-01 -5.903313776127633306e-02
5.277289252273172915e-01 -5.787020474907057094e-02
5.417734782725895926e-01 -5.665292605837903700e-02
5.559333873942259308e-01 -5.538165643574693292e-02
5.702050879108284676e-01 -5.405696794296883240e-02
5.845849869981135649e-01 -5.267968859980499963e-02
5.990694645933862805e-01 -5.125092978214004780e-02
6.136548743068714895e-01 -4.977209926584794109e-02
6.283375443396724824e-01 -4.824489711975574191e-02
6.431137784081281117e-01 -4.667129214889452482e-02
6.579798566743311206e-01 -4.505347728400961593e-02
6.729320366825783939e-01 -4.339380321364252197e-02
6.879665543015128781e-01 -4.169469066530297197e-02
7.030796246717250231e-01 -3.995852306183749619e-02
7.182674431585703845e-01 -3.818752280239641472e-02
7.335261863099650226e-01 -3.638361613317056542e-02
7.488520128189207758e-01 -3.454829346428038572e-02
7.642410644905727191e-01 -3.268247403287036223e-02
7.796894672134594417e-01 -3.078638597961801462e-02
7.951933319348093443e-01 -2.885947516164808282e-02
8.107487556395898132e-01 -2.690035832870338664e-02
8.263518223330695855e-01 -2.490683859549831791e-02
8.419986040266501659e-01 -2.287600340075215954e-02
8.576851617267149397e-01 -2.080442729753164549e-02
8.734075464262507360e-01 -1.868850391180023815e-02
8.891618000989889303e-01 -1.652493317544146204e-02
9.049439566958173975e-01 -1.431139142381947053e-02
9.207500431432115162e-01 -1.204741308293552984e-02
9.365760803434354242e-01 -9.735513394815320520e-03
9.524180841762578398e-01 -7.382581881150468602e-03
9.682720665019324269e-01 -5.001575966779693051e-03
9.841340361651920166e-01 -2.613543323146476881e-03
9.999999999999998890e-01 -2.500000000000163224e-04
