9.999999999999998890e-01 2.500000000003374089e-04
9.841340361651920166e-01 4.372815978318716351e-02
9.682720665019324269e-01 7.905685824619324009e-02
9.524180841762578398e-01 1.079789560420840316e-01
9.365760803434354242e-01 1.319274882978311580e-01
9.207500431432115162e-01 1.520675645920029073e-01
9.049439566958173975e-01 1.693345464111304655e-01
8.891618000989889303e-01 1.844685734186784221e-01
8.734075464262507360e-01 1.980455463082387291e-01
8.576851617267149397e-01 2.105047051414863368e-01
8.419986040266501659e-01 2.221729679673861146e-01
8.263518223330695855e-01 2.332862153270260364e-01
8.107487556395898132e-01 2.440077221747697644e-01
7.951933319348093443e-01 2.544439500514237840e-01
7.796894672134594417e-01 2.646579193345705017e-01
7.642410644905727191e-01 2.746803844081275869e-01
7.488520128189207758e-01 2.845190340094141401e-01
7.335261863099650226e-01 2.941659352201336786e-01
7.182674431585703845e-01 3.036034329730759040e-01
7.030796246717250231e-01 3.128087079596337805e-01
6.879665543015128781e-01 3.217571848532077561e-01
6.729320366825783939e-01 3.304249702107519004e-01
6.579798566743311206e-01 3.387904856653866092e-01
6.431137784081281117e-01 3.468354474441599500e-01
6.283375443396724824e-01 3.545453281798455203e-01
6.136548743068714895e-01 3.619094217498146082e-01
5.990694645933862805e-01 3.689206167538480741e-01
5.845849869981135649e-01 3.755749694890195833e-01
5.702050879108284676e-01 3.818711531123207270e-01
5.559333873942259308e-01 3.878098462847270889e-01
5.417734782725895926e-01 3.933931121135004205e-01
5.277289252273172915e-01 3.986238067682713604e-01
5.138032638995313484e-01 4.035050468236236476e-01
5.000000000000001110e-01 4.080397552281770368e-01
4.863226084265935834e-01 4.122302978402669349e-01
4.727745323894976259e-01 4.160782156994731751e-01
4.593591825444023335e-01 4.195840525940657817e-01
4.460799361338897429e-01 4.227472729887811198e-01
4.329401361372292589e-01 4.255662619296356475e-01
4.199430904288018462e-01 4.280383960627190398e-01
4.070920709453594855e-01 4.301601733010234629e-01
3.943903128623333920e-01 4.319273878482386975e-01
3.818410137793947223e-01 4.333353371369851881e-01
3.694473329154774888e-01 4.343790476548773372e-01
3.572123903134606371e-01 4.350535075092863413e-01
3.451392660547150104e-01 4.353538948176228773e-01
3.332309994837083789e-01 4.352757925061864208e-01
3.214905884428678196e-01 4.348153817655118214e-01
3.099209885178879631e-01 4.339696081601046584e-01
2.985251122936787294e-01 4.327363161510825451e-01
2.873058286211370715e-01 4.311143494970546275e-01
2.762659618949298013e-01 4.291036165975213867e-01
2.654082913424666845e-01 4.267051212907289615e-01
2.547355503242452190e-01 4.239209608813412911e-01
2.442504256457417311e-01 4.207542942297691213e-01
2.339555568810219865e-01 4.172092835713671621e-01
2.238535357082431787e-01 4.132910143457418362e-01
2.139469052572124941e-01 4.090053977077760528e-01
2.042381594691679014e-01 4.043590605733231591e-01
1.947297424689413692e-01 3.993592280403047146e-01
1.854240479496642724e-01 3.940136028413157576e-01
1.763234185701672008e-01 3.883302461514318571e-01
1.674301453652287108e-01 3.823174636217637756e-01
1.587464671688187945e-01 3.759836999636270716e-01
1.502745700504856119e-01 3.693374447985321996e-01
1.420165867650229341e-01 3.623871518432332239e-01
1.339745962155614034e-01 3.551411728430805548e-01
1.261506229302150617e-01 3.476077070247786116e-01
1.185466365524179277e-01 3.397947662325367935e-01
1.111645513450765232e-01 3.317101553573181816e-01
1.040062257086641351e-01 3.233614671817920394e-01
9.707346171337882801e-02 3.147560903542608313e-01
9.036800464548166989e-02 3.059012288801514767e-01
8.389154256793041053e-02 2.968039312828943954e-01
7.764570589541863743e-02 2.874711274370123082e-01
7.163206698392743377e-02 2.779096710117346936e-01
6.585213973489323358e-02 2.681263854774793565e-01
6.030737921409157209e-02 2.581281117118239266e-01
5.499918128533154427e-02 2.479217553860743328e-01
4.992888225905456334e-02 2.375143325069061784e-01
4.509775855592612626e-02 2.269130117176975936e-01
4.050702638550263135e-02 2.161251522187140617e-01
3.615784144005795842e-02 2.051583364321558633e-01
3.205129860364375194e-02 1.940203968056760098e-01
2.818843167645834757e-02 1.827194364059466780e-01
2.457021311459295365e-02 1.712638431930343097e-01
2.119755378522125699e-02 1.596622980792943847e-01
1.807130273729329328e-02 1.479237770574683142e-01
1.519224698779197968e-02 1.360575478278436279e-01
1.256111132360571148e-02 1.240731614617572309e-01
1.017855811906731578e-02 1.119804397082833636e-01
8.045187169204659483e-03 9.978945858425047888e-02
6.161535538745877005e-03 8.751052888792963669e-02
4.528077426915411152e-03 7.515417424823089831e-02
3.145224048057615462e-03 6.273110726955846705e-02
2.013323528115562588e-03 5.025220426367930232e-02
1.132660816992037134e-03 3.772847898072328315e-02
5.034576168149174080e-04 2.517105566831884939e-02
1.258723261249317105e-04 1.259114170727520902e-02
0.000000000000000000e+00 0.000000000000000000e+00
1.258723261249317105e-04 -1.230407831019357350e-02
5.034576168149174080e-04 -2.458265749230443761e-02
1.132660816992037134e-03 -3.681047107855304340e-02
2.013323528115562588e-03 -4.896283584773476055e-02
3.145224048057615462e-03 -6.101592379572009367e-02
4.528077426915411152e-03 -7.294701119124216704e-02
6.161535538745877005e-03 -8.473469818622365868e-02
8.045187169204659483e-03 -9.635909335461836922e-02
1.017855811906731578e-02 -1.078019586104731337e-01
1.256111132360571148e-02 -1.190468111709937632e-01
1.519224698779197968e-02 -1.300789805457679971e-01
1.807130273729329328e-02 -1.408856199075760318e-01
2.119755378522125699e-02 -1.514556725902069523e-01
2.457021311459295365e-02 -1.617797958203675834e-01
2.818843167645834757e-02 -1.718502450809637205e-01
3.205129860364375194e-02 -1.816607236805837244e-01
3.615784144005795842e-02 -1.912062031311504429e-01
4.050702638550263135e-02 -2.004827207792612698e-01
4.509775855592612626e-02 -2.094871617691728694e-01
4.992888225905456334e-02 -2.182170328157941042e-01
5.499918128533154427e-02 -2.266702354208278147e-01
6.030737921409157209e-02 -2.348448460685832739e-01
6.585213973489323358e-02 -2.427389105923544732e-01
7.163206698392743377e-02 -2.503502593181191060e-01
7.764570589541863743e-02 -2.576763487881781889e-01
8.389154256793041053e-02 -2.647141348691279261e-01
9.036800464548166989e-02 -2.714599808889791577e-01
9.707346171337882801e-02 -2.779096031658421784e-01
1.040062257086641351e-01 -2.840580549285970369e-01
1.111645513450765232e-01 -2.898997482349516264e-01
1.185466365524179277e-01 -2.954285121127572800e-01
1.261506229302150617e-01 -3.006376838352233238e-01
1.339745962155614034e-01 -3.055202290373154050e-01
1.420165867650229341e-01 -3.100688853338181006e-01
1.502745700504856119e-01 -3.142763232494512615e-01
1.587464671688187945e-01 -3.181353176522827564e-01
1.674301453652287108e-01 -3.216389225203315494e-01
1.763234185701672008e-01 -3.247806417860599204e-01
1.854240479496642724e-01 -3.275545892033229767e-01
1.947297424689413692e-01 -3.299556306650274218e-01
2.042381594691679014e-01 -3.319795031555099474e-01
2.139469052572124941e-01 -3.336229055271368593e-01
2.238535357082431787e-01 -3.348835575132776410e-01
2.339555568810219865e-01 -3.357602247873442969e-01
2.442504256457417311e-01 -3.362527093991612426e-01
2.547355503242452190e-01 -3.363618065073314956e-01
2.654082913424666845e-01 -3.360892299156690854e-01
2.762659618949298013e-01 -3.354375104456530643e-01
2.873058286211370715e-01 -3.344098725662085214e-01
2.985251122936787294e-01 -3.330100958888577156e-01
3.099209885178879631e-01 -3.312423690558259914e-01
3.214905884428678196e-01 -3.291111441425614847e-01
3.332309994837083789e-01 -3.266209999147046683e-01
3.451392660547150104e-01 -3.237765220845670311e-01
3.572123903134606371e-01 -3.205822080792885553e-01
3.694473329154774888e-01 -3.170424027538080169e-01
3.818410137793947223e-01 -3.131612699664961252e-01
3.943903128623333920e-01 -3.089428030133218872e-01
4.070920709453594855e-01 -3.043908746382398278e-01
4.199430904288018462e-01 -2.995093247750734156e-01
4.329401361372292589e-01 -2.943020814232019666e-01
4.460799361338897429e-01 -2.887733072306254978e-01
4.593591825444023335e-01 -2.829275615883674599e-01
4.727745323894976259e-01 -2.767699654827726063e-01
4.863226084265935834e-01 -2.703063541760238886e-01
5.000000000000001110e-01 -2.635434011717904257e-01
5.138032638995313484e-01 -2.564886960630232693e-01
5.277289252273172915e-01 -2.491507589478937912e-01
5.417734782725895926e-01 -2.415389753329914568e-01
5.559333873942259308e-01 -2.336634380099498753e-01
5.702050879108284676e-01 -2.255346864714199706e-01
5.845849869981135649e-01 -2.171633401864449253e-01
5.990694645933862805e-01 -2.085596296224721535e-01
6.136548743068714895e-01 -1.997328383909115490e-01
6.283375443396724824e-01 -1.906906813795974098e-01
6.431137784081281117e-01 -1.814386572521271557e-01
6.579798566743311206e-01 -1.719794292279867298e-01
6.729320366825783939e-01 -1.623123055447404373e-01
6.879665543015128781e-01 -1.524329103253909967e-01
7.030796246717250231e-01 -1.423331565528801190e-01
7.182674431585703845e-01 -1.320016552515363151e-01
7.335261863099650226e-01 -1.214247184920250050e-01
7.488520128189207758e-01 -1.105881381100210364e-01
7.642410644905727191e-01 -9.947994663665693515e-02
7.796894672134594417e-01 -8.809439139986240119e-02
7.951933319348093443e-01 -7.643737653489846018e-02
8.107487556395898132e-01 -6.453365015574910601e-02
8.263518223330695855e-01 -5.243603456060798307e-02
8.419986040266501659e-01 -4.023701541463819281e-02
8.576851617267149397e-01 -2.808302068730852280e-02
8.734075464262507360e-01 -1.619173102202298847e-02
8.891618000989889303e-01 -4.872769482790601653e-03
9.049439566958173975e-01 5.447880432435618994e-03
9.207500431432115162e-01 1.419938466356285636e-02
9.365760803434354242e-01 2.063316415033805348e-02
9.524180841762578398e-01 2.378528272666367502e-02
9.682720665019324269e-01 2.243383051457051650e-02
9.841340361651920166e-01 1.505105061983120877e-02
9.999999999999998890e-01 -2.499999999998600889e-04
