9.999999999999998890e-01 2.500000000001004023e-04
9.841340361651920166e-01 1.443830875126131050e-02
9.682720665019324269e-01 2.829915665659282764e-02
9.524180841762578398e-01 4.183351599908659291e-02
9.365760803434354242e-01 5.504273624753414779e-02
9.207500431432115162e-01 6.792842198910056806e-02
9.049439566958173975e-01 8.049232693347532774e-02
8.891618000989889303e-01 9.273626323703210161e-02
8.734075464262507360e-01 1.046620252837544701e-01
8.576851617267149397e-01 1.162713269714435727e-01
8.419986040266501659e-01 1.275657514862254260e-01
8.263518223330695855e-01 1.385467125045579950e-01
8.107487556395898132e-01 1.492154257384605276e-01
7.951933319348093443e-01 1.595728897350239817e-01
7.796894672134594417e-01 1.696198748536984491e-01
7.642410644905727191e-01 1.793569193725496613e-01
7.488520128189207758e-01 1.887843317156869261e-01
7.335261863099650226e-01 1.979021978463933185e-01
7.182674431585703845e-01 2.067103929321089661e-01
7.030796246717250231e-01 2.152085964563280329e-01
6.879665543015128781e-01 2.233963100266924684e-01
6.729320366825783939e-01 2.312728772062229987e-01
6.579798566743311206e-01 2.388375047739150214e-01
6.431137784081281117e-01 2.460892849001945215e-01
6.283375443396724824e-01 2.530272178004411843e-01
6.136548743068714895e-01 2.596502345045826332e-01
5.990694645933862805e-01 2.659572194514691623e-01
5.845849869981135649e-01 2.719470326823225648e-01
5.702050879108284676e-01 2.776185314672149906e-01
5.559333873942259308e-01 2.829705912516314870e-01
5.417734782725895926e-01 2.880021258562544539e-01
5.277289252273172915e-01 2.927121069019257282e-01
5.138032638995313484e-01 2.970995824631904592e-01
5.000000000000001110e-01 3.011636949779835648e-01
4.863226084265935834e-01 3.049036984581107723e-01
4.727745323894976259e-01 3.083189750555525577e-01
4.593591825444023335e-01 3.114090510437717563e-01
4.460799361338897429e-01 3.141736122716993207e-01
4.329401361372292589e-01 3.166125191415901097e-01
4.199430904288018462e-01 3.187258211512014050e-01
4.070920709453594855e-01 3.205137710265251738e-01
3.943903128623333920e-01 3.219768384544241524e-01
3.818410137793947223e-01 3.231157234057632777e-01
3.694473329154774888e-01 3.239313690198421525e-01
3.572123903134606371e-01 3.244249740008586236e-01
3.451392660547150104e-01 3.245980044575482726e-01
3.332309994837083789e-01 3.244522050987262429e-01
3.214905884428678196e-01 3.239896096808321246e-01
3.099209885178879631e-01 3.232125505893214124e-01
2.985251122936787294e-01 3.221236674243007081e-01
2.873058286211370715e-01 3.207259144525976269e-01
2.762659618949298013e-01 3.190225667837431889e-01
2.654082913424666845e-01 3.170172251263660979e-01
2.547355503242452190e-01 3.147138189843314282e-01
2.442504256457417311e-01 3.121166081586517205e-01
2.339555568810219865e-01 3.092301824316451286e-01
2.238535357082431787e-01 3.060594593238978312e-01
2.139469052572124941e-01 3.026096798320418446e-01
2.042381594691679014e-01 2.988864020758915663e-01
1.947297424689413692e-01 2.948954928067298864e-01
1.854240479496642724e-01 2.906431167540605709e-01
1.763234185701672008e-01 2.861357238154955684e-01
1.674301453652287108e-01 2.813800341231213475e-01
1.587464671688187945e-01 2.763830210491554640e-01
1.502745700504856119e-01 2.711518922434352774e-01
1.420165867650229341e-01 2.656940688247350635e-01
1.339745962155614034e-01 2.600171628765419740e-01
1.261506229302150617e-01 2.541289534252321736e-01
1.185466365524179277e-01 2.480373611040762316e-01
1.111645513450765232e-01 2.417504217297029301e-01
1.040062257086641351e-01 2.352762590381611563e-01
9.707346171337882801e-02 2.286230568451501077e-01
9.036800464548166989e-02 2.217990309090316359e-01
8.389154256793041053e-02 2.148124007856251350e-01
7.764570589541863743e-02 2.076713619703165759e-01
7.163206698392743377e-02 2.003840586255415668e-01
6.585213973489323358e-02 1.929585571901593077e-01
6.030737921409157209e-02 1.854028211615939004e-01
5.499918128533154427e-02 1.777246873319387466e-01
4.992888225905456334e-02 1.699318437456072417e-01
4.509775855592612626e-02 1.620318096287363119e-01
4.050702638550263135e-02 1.540319175196184776e-01
3.615784144005795842e-02 1.459392978052626022e-01
3.205129860364375194e-02 1.377608658420351462e-01
2.818843167645834757e-02 1.295033118086190704e-01
2.457021311459295365e-02 1.211730934076130223e-01
2.119755378522125699e-02 1.127764314984247701e-01
1.807130273729329328e-02 1.043193087091237453e-01
1.519224698779197968e-02 9.580747103909084683e-02
1.256111132360571148e-02 8.724643242809958232e-02
1.017855811906731578e-02 7.864148223137425175e-02
8.045187169204659483e-03 6.999769550466182488e-02
6.161535538745877005e-03 6.131994596890955052e-02
4.528077426915411152e-03 5.261292149118367706e-02
3.145224048057615462e-03 4.388114188747566785e-02
2.013323528115562588e-03 3.512897882435364605e-02
1.132660816992037134e-03 2.636067757047765373e-02
5.034576168149174080e-04 1.758038032609188922e-02
1.258723261249317105e-04 8.792150839051547304e-03
0.000000000000000000e+00 0.000000000000000000e+00
1.258723261249317105e-04 -8.343539721035037743e-03
5.034576168149174080e-04 -1.666576048445568559e-02
1.132660816992037134e-03 -2.494552957289511777e-02
2.013323528115562588e-03 -3.316220678797474064e-02
3.145224048057615462e-03 -4.129587625135877627e-02
4.528077426915411152e-03 -4.932756128399919116e-02
6.161535538745877005e-03 -5.723941743972307122e-02
8.045187169204659483e-03 -6.501489935827629851e-02
1.017855811906731578e-02 -7.263889780814754282e-02
1.256111132360571148e-02 -8.009784409154337148e-02
1.519224698779197968e-02 -8.737977986067280156e-02
1.807130273729329328e-02 -9.447439132176295440e-02
2.119755378522125699e-02 -1.013730077553884751e-01
2.457021311459295365e-02 -1.080685652322824070e-01
2.818843167645834757e-02 -1.145555373264365989e-01
3.205129860364375194e-02 -1.208298354962474841e-01
3.615784144005795842e-02 -1.268886825954279596e-01
4.050702638550263135e-02 -1.327304636661688630e-01
4.509775855592612626e-02 -1.383545587381088404e-01
4.992888225905456334e-02 -1.437611627918246593e-01
5.499918128533154427e-02 -1.489510983323364957e-01
6.030737921409157209e-02 -1.539256261481670995e-01
6.585213973489323358e-02 -1.586862598008687286e-01
7.163206698392743377e-02 -1.632345891992051379e-01
7.764570589541863743e-02 -1.675721182665260434e-01
8.389154256793041053e-02 -1.717001212189208925e-01
9.036800464548166989e-02 -1.756195213493698948e-01
9.707346171337882801e-02 -1.793307954771332646e-01
1.040062257086641351e-01 -1.828339063932727104e-01
1.111645513450765232e-01 -1.861282647366421517e-01
1.185466365524179277e-01 -1.892127207963358593e-01
1.261506229302150617e-01 -1.920855857843616066e-01
1.339745962155614034e-01 -1.947446811849378734e-01
1.420165867650229341e-01 -1.971874138929245179e-01
1.502745700504856119e-01 -1.994108740312469374e-01
1.587464671688187945e-01 -2.014119516118272613e-01
1.674301453652287108e-01 -2.031874676000233748e-01
1.763234185701672008e-01 -2.047343144792276581e-01
1.854240479496642724e-01 -2.060496011064627264e-01
1.947297424689413692e-01 -2.071307965134493445e-01
2.042381594691679014e-01 -2.079758673476359843e-01
2.139469052572124941e-01 -2.085834038657121414e-01
2.238535357082431787e-01 -2.089527297843054021e-01
2.339555568810219865e-01 -2.090839918494530325e-01
2.442504256457417311e-01 -2.089782256931665694e-01
2.547355503242452190e-01 -2.086373953818846938e-01
2.654082913424666845e-01 -2.080644050030037440e-01
2.762659618949298013e-01 -2.072630816529285047e-01
2.873058286211370715e-01 -2.062381302506794689e-01
2.985251122936787294e-01 -2.049950616698675010e-01
3.099209885178879631e-01 -2.035400967219637980e-01
3.214905884428678196e-01 -2.018800494977989468e-01
3.332309994837083789e-01 -2.000221944451688605e-01
3.451392660547150104e-01 -1.979741222930128663e-01
3.572123903134606371e-01 -1.957435904944266059e-01
3.694473329154774888e-01 -1.933383742233441283e-01
3.818410137793947223e-01 -1.907661240997627905e-01
3.943903128623333920e-01 -1.880342367187692043e-01
4.070920709453594855e-01 -1.851497437093035936e-01
4.199430904288018462e-01 -1.821192244474430788e-01
4.329401361372292589e-01 -1.789487467023702372e-01
4.460799361338897429e-01 -1.756438384164584754e-01
4.593591825444023335e-01 -1.722094925385845299e-01
4.727745323894976259e-01 -1.686502053755735697e-01
4.863226084265935834e-01 -1.649700473432499925e-01
5.000000000000001110e-01 -1.611727633369834101e-01
5.138032638995313484e-01 -1.572618982606699689e-01
5.277289252273172915e-01 -1.532409416182314021e-01
5.417734782725895926e-01 -1.491134835538623638e-01
5.559333873942259308e-01 -1.448833734012925090e-01
5.702050879108284676e-01 -1.405548707454395418e-01
5.845849869981135649e-01 -1.361327782896478156e-01
5.990694645933862805e-01 -1.316225455342975859e-01
6.136548743068714895e-01 -1.270303324803419287e-01
6.283375443396724824e-01 -1.223630233408147527e-01
6.431137784081281117e-01 -1.176281816330372598e-01
6.579798566743311206e-01 -1.128339400823510780e-01
6.729320366825783939e-01 -1.079888215305808835e-01
6.879665543015128781e-01 -1.031014905305778495e-01
7.030796246717250231e-01 -9.818043952743865654e-02
7.182674431585703845e-01 -9.323361846490514637e-02
7.335261863099650226e-01 -8.826802228049185350e-02
7.488520128189207758e-01 -8.328925701347525412e-02
7.642410644905727191e-01 -7.830111207368216364e-02
7.796894672134594417e-01 -7.330517351274154492e-02
7.951933319348093443e-01 -6.830052078904641499e-02
8.107487556395898132e-01 -6.328355738886641546e-02
8.263518223330695855e-01 -5.824803360555620702e-02
8.419986040266501659e-01 -5.318532761579568974e-02
8.576851617267149397e-01 -4.808505853997881857e-02
8.734075464262507360e-01 -4.293611223392324733e-02
8.891618000989889303e-01 -3.772816692161791441e-02
9.049439566958173975e-01 -3.245381122758989739e-02
9.207500431432115162e-01 -2.711135148341814807e-02
9.365760803434354242e-01 -2.170840814762355769e-02
9.524180841762578398e-01 -1.626640257847855597e-02
9.682720665019324269e-01 -1.082603503168723044e-02
9.841340361651920166e-01 -5.453852430083586285e-03
9.999999999999998890e-01 -2.500000000000355128e-04
