9.999999999999998890e-01 2.500000000003134481e-04
9.841340361651920166e-01 4.082868841349696076e-02
9.682720665019324269e-01 7.414756422317565765e-02
9.524180841762578398e-01 1.017459613154150788e-01
9.365760803434354242e-01 1.248911963542008313e-01
9.207500431432115162e-01 1.446150291477422689e-01
9.049439566958173975e-01 1.617469335965636135e-01
8.891618000989889303e-01 1.769442331862376427e-01
8.734075464262507360e-01 1.907191869224852954e-01
8.576851617267149397e-01 2.034631390362272030e-01
8.419986040266501659e-01 2.154678687616743971e-01
8.263518223330695855e-01 2.269442951215272231e-01
8.107487556395898132e-01 2.380387061029674012e-01
7.951933319348093443e-01 2.488466920863393328e-01
7.796894672134594417e-01 2.594249701451041279e-01
7.642410644905727191e-01 2.698012891536878954e-01
7.488520128189207758e-01 2.799826058280541208e-01
7.335261863099650226e-01 2.899617192101376917e-01
7.182674431585703845e-01 2.997225460319463131e-01
7.030796246717250231e-01 3.092442122044301578e-01
6.879665543015128781e-01 3.185041267162893042e-01
6.729320366825783939e-01 3.274801938393061551e-01
6.579798566743311206e-01 3.361523080493662996e-01
6.431137784081281117e-01 3.445032638007658465e-01
6.283375443396724824e-01 3.525191995312825788e-01
6.136548743068714895e-01 3.601896823001002890e-01
5.990694645933862805e-01 3.675075265183900264e-01
5.845849869981135649e-01 3.744684275445971378e-01
5.702050879108284676e-01 3.810704786764804175e-01
5.559333873942259308e-01 3.873136284438850052e-01
5.417734782725895926e-01 3.931991242251893226e-01
5.277289252273172915e-01 3.987289781826079405e-01
5.138032638995313484e-01 4.039054824154482137e-01
5.000000000000001110e-01 4.087307921177545378e-01
4.863226084265935834e-01 4.132065884243927845e-01
4.727745323894976259e-01 4.173338265414038850e-01
4.593591825444023335e-01 4.211125696656872752e-01
4.460799361338897429e-01 4.245419050707450737e-01
4.329401361372292589e-01 4.276199355187910167e-01
4.199430904288018462e-01 4.303438367914334539e-01
4.070920709453594855e-01 4.327099705375408445e-01
3.943903128623333920e-01 4.347140407363142001e-01
3.818410137793947223e-01 4.363512817794153453e-01
3.694473329154774888e-01 4.376166663989268235e-01
3.572123903134606371e-01 4.385051223182069857e-01
3.451392660547150104e-01 4.390117474921532148e-01
3.332309994837083789e-01 4.391320150472318162e-01
3.214905884428678196e-01 4.388619604500030857e-01
3.099209885178879631e-01 4.381983449521966167e-01
2.985251122936787294e-01 4.371387909143229500e-01
2.873058286211370715e-01 4.356818861401157705e-01
2.762659618949298013e-01 4.338272558110126131e-01
2.654082913424666845e-01 4.315756019525445741e-01
2.547355503242452190e-01 4.289287115607712808e-01
2.442504256457417311e-01 4.258894355433984757e-01
2.339555568810219865e-01 4.224616414716788060e-01
2.238535357082431787e-01 4.186501437882062526e-01
2.139469052572124941e-01 4.144606155717607820e-01
2.042381594691679014e-01 4.098994862292134611e-01
1.947297424689413692e-01 4.049738295772560837e-01
1.854240479496642724e-01 3.996912467088883925e-01
1.763234185701672008e-01 3.940597478301440804e-01
1.674301453652287108e-01 3.880876369229626088e-01
1.587464671688187945e-01 3.817834026634643330e-01
1.502745700504856119e-01 3.751556185249715902e-01
1.420165867650229341e-01 3.682128544455734453e-01
1.339745962155614034e-01 3.609636018637590316e-01
1.261506229302150617e-01 3.534162133439961440e-01
1.185466365524179277e-01 3.455788574465526453e-01
1.111645513450765232e-01 3.374594889593381386e-01
1.040062257086641351e-01 3.290658341184065638e-01
9.707346171337882801e-02 3.204053900094149809e-01
9.036800464548166989e-02 3.114854369732066308e-01
8.389154256793041053e-02 3.023130625402473126e-01
7.764570589541863743e-02 2.928951951935040987e-01
7.163206698392743377e-02 2.832386461074477002e-01
6.585213973489323358e-02 2.733501569297349665e-01
6.030737921409157209e-02 2.632364516571943369e-01
5.499918128533154427e-02 2.529042907027270748e-01
4.992888225905456334e-02 2.423605253469719167e-01
4.509775855592612626e-02 2.316121509094427044e-01
4.050702638550263135e-02 2.206663571491415954e-01
3.615784144005795842e-02 2.095305746050170892e-01
3.205129860364375194e-02 1.982125158028105183e-01
2.818843167645834757e-02 1.867202104781257310e-01
2.457021311459295365e-02 1.750620341879416397e-01
2.119755378522125699e-02 1.632467298972793135e-01
1.807130273729329328e-02 1.512834223284459378e-01
1.519224698779197968e-02 1.391816250426297641e-01
1.256111132360571148e-02 1.269512403842808501e-01
1.017855811906731578e-02 1.146025525557191199e-01
8.045187169204659483e-03 1.021462142020055919e-01
6.161535538745877005e-03 8.959322697473726116e-02
4.528077426915411152e-03 7.695491660946433832e-02
3.145224048057615462e-03 6.424290309721625292e-02
2.013323528115562588e-03 5.146906655895205907e-02
1.132660816992037134e-03 3.864550944604537575e-02
5.034576168149174080e-04 2.578451569362145979e-02
1.258723261249317105e-04 1.289850745020499311e-02
0.000000000000000000e+00 0.000000000000000000e+00
1.258723261249317105e-04 -1.264333990559597491e-02
5.034576168149174080e-04 -2.526149493461217130e-02
1.132660816992037134e-03 -3.782950219203848330e-02
2.013323528115562588e-03 -5.032296100720088511e-02
3.145224048057615462e-03 -6.271829521931238105e-02
4.528077426915411152e-03 -7.499299350682403498e-02
6.161535538745877005e-03 -8.712582149576041102e-02
8.045187169204659483e-03 -9.909700024348400138e-02
1.017855811906731578e-02 -1.108883467197016720e-01
1.256111132360571148e-02 -1.224833730641851359e-01
1.519224698779197968e-02 -1.338673426546188872e-01
1.807130273729329328e-02 -1.450272823290515434e-01
2.119755378522125699e-02 -1.559519514346979496e-01
2.457021311459295365e-02 -1.666317696765907408e-01
2.818843167645834757e-02 -1.770587069748649767e-01
3.205129860364375194e-02 -1.872261396691608792e-01
3.615784144005795842e-02 -1.971286783968156653e-01
4.050702638550263135e-02 -2.067619737865146745e-01
4.509775855592612626e-02 -2.161225067245451936e-01
4.992888225905456334e-02 -2.252073703465575782e-01
5.499918128533154427e-02 -2.340140510705241428e-01
6.030737921409157209e-02 -2.425402159104760869e-01
6.585213973489323358e-02 -2.507835129973653432e-01
7.163206698392743377e-02 -2.587413916924686808e-01
7.764570589541863743e-02 -2.664109479271353775e-01
8.389154256793041053e-02 -2.737887994643954381e-01
9.036800464548166989e-02 -2.808709946835066806e-01
9.707346171337882801e-02 -2.876529572739607854e-01
1.040062257086641351e-01 -2.941294679313617988e-01
1.111645513450765232e-01 -3.002946828177281424e-01
1.185466365524179277e-01 -3.061421872289262769e-01
1.261506229302150617e-01 -3.116650816482836039e-01
1.339745962155614034e-01 -3.168560962030836370e-01
1.420165867650229341e-01 -3.217077285221746630e-01
1.502745700504856119e-01 -3.262123991567681403e-01
1.587464671688187945e-01 -3.303626181056532607e-01
1.674301453652287108e-01 -3.341511556067014443e-01
1.763234185701672008e-01 -3.375712102369741174e-01
1.854240479496642724e-01 -3.406165675134962822e-01
1.947297424689413692e-01 -3.432817426058352162e-01
2.042381594691679014e-01 -3.455621014502465727e-01
2.139469052572124941e-01 -3.474539554735645575e-01
2.238535357082431787e-01 -3.489546262638244523e-01
2.339555568810219865e-01 -3.500624778252530156e-01
2.442504256457417311e-01 -3.507769154810004841e-01
2.547355503242452190e-01 -3.510983519840308875e-01
2.654082913424666845e-01 -3.510281429056756886e-01
2.762659618949298013e-01 -3.505684948295327286e-01
2.873058286211370715e-01 -3.497223512210260732e-01
2.985251122936787294e-01 -3.484932620059915109e-01
3.099209885178879631e-01 -3.468852438139920502e-01
3.214905884428678196e-01 -3.449026384679938495e-01
3.332309994837083789e-01 -3.425499775837161365e-01
3.451392660547150104e-01 -3.398318610418900598e-01
3.572123903134606371e-01 -3.367528565899389204e-01
3.694473329154774888e-01 -3.333174269060894535e-01
3.818410137793947223e-01 -3.295298891251289275e-01
3.943903128623333920e-01 -3.253944101055417093e-01
4.070920709453594855e-01 -3.209150386565050028e-01
4.199430904288018462e-01 -3.160957736040039823e-01
4.329401361372292589e-01 -3.109406640421084611e-01
4.460799361338897429e-01 -3.054539354918554550e-01
4.593591825444023335e-01 -2.996401330986092071e-01
4.727745323894976259e-01 -2.935042705787490602e-01
4.863226084265935834e-01 -2.870519715325604571e-01
5.000000000000001110e-01 -2.802895881389216859e-01
5.138032638995313484e-01 -2.732242813142226057e-01
5.277289252273172915e-01 -2.658640463331799486e-01
5.417734782725895926e-01 -2.582176688535237075e-01
5.559333873942259308e-01 -2.502945984361702458e-01
5.702050879108284676e-01 -2.421047301741056923e-01
5.845849869981135649e-01 -2.336580900883019896e-01
5.990694645933862805e-01 -2.249644266484552291e-01
6.136548743068714895e-01 -2.160327192346854219e-01
6.283375443396724824e-01 -2.068706246462736487e-01
6.431137784081281117e-01 -1.974838949205202365e-01
6.579798566743311206e-01 -1.878758137422823493e-01
6.729320366825783939e-01 -1.780467145494332160e-01
6.879665543015128781e-01 -1.679936609677233628e-01
7.030796246717250231e-01 -1.577103892830776788e-01
7.182674431585703845e-01 -1.471876330672986233e-01
7.335261863099650226e-01 -1.364139715444964152e-01
7.488520128189207758e-01 -1.253773654933168502e-01
7.642410644905727191e-01 -1.140675670410598447e-01
7.796894672134594417e-01 -1.024796121831398205e-01
7.951933319348093443e-01 -9.061862676786061610e-02
8.107487556395898132e-01 -7.850619748954407173e-02
8.263518223330695855e-01 -6.618857856080423430e-02
8.419986040266501659e-01 -5.374702158346345710e-02
8.576851617267149397e-01 -4.131053008034104440e-02
8.734075464262507360e-01 -2.907135054651890926e-02
8.891618000989889303e-01 -1.730351808571558084e-02
9.049439566958173975e-01 -6.384776081125672145e-03
9.207500431432115162e-01 3.177814701881774215e-03
9.365760803434354242e-01 1.071827224934372019e-02
9.524180841762578398e-01 1.537780594572808572e-02
9.682720665019324269e-01 1.606638063260985849e-02
9.841340361651920166e-01 1.141949800384959267e-02
9.999999999999998890e-01 -2.499999999998891997e-04
