9.999999999999998890e-01 2.500000000000437528e-04
9.841340361651920166e-01 6.344420716986402461e-03
9.682720665019324269e-01 1.216927803340694773e-02
9.524180841762578398e-01 1.779046820584345712e-02
9.365760803434354242e-01 2.325295688209705683e-02
9.207500431432115162e-01 2.858539030009196041e-02
9.049439566958173975e-01 3.380403692189089954e-02
8.891618000989889303e-01 3.891610715626216827e-02
8.734075464262507360e-01 4.392250206279491725e-02
8.576851617267149397e-01 4.882004400687524337e-02
8.419986040266501659e-01 5.360324322662249341e-02
8.263518223330695855e-01 5.826565427006214631e-02
8.107487556395898132e-01 6.280087536217475452e-02
7.951933319348093443e-01 6.720324207238674574e-02
7.796894672134594417e-01 7.146826428321320646e-02
7.642410644905727191e-01 7.559285252187361581e-02
7.488520128189207758e-01 7.957537632049260790e-02
7.335261863099650226e-01 8.341559352672343886e-02
7.182674431585703845e-01 8.711448550125931722e-02
7.030796246717250231e-01 9.067402901233120871e-02
6.879665543015128781e-01 9.409693146374498163e-02
6.729320366825783939e-01 9.738635195815315004e-02
6.579798566743311206e-01 1.005456266780322960e-01
6.431137784081281117e-01 1.035780132305692686e-01
6.283375443396724824e-01 1.064864650065343588e-01
6.136548743068714895e-01 1.092734432940358213e-01
5.990694645933862805e-01 1.119407719021745518e-01
5.845849869981135649e-01 1.144895364131211651e-01
5.702050879108284676e-01 1.169200279101630380e-01
5.559333873942259308e-01 1.192317291305370203e-01
5.417734782725895926e-01 1.214233394633401908e-01
5.277289252273172915e-01 1.234928340445034245e-01
5.138032638995313484e-01 1.254375513756704474e-01
5.000000000000001110e-01 1.272543033887111597e-01
4.863226084265935834e-01 1.289395016643343495e-01
4.727745323894976259e-01 1.304892935596760895e-01
4.593591825444023335e-01 1.318997022707490974e-01
4.460799361338897429e-01 1.331667653142877272e-01
4.329401361372292589e-01 1.342866665220322497e-01
4.199430904288018462e-01 1.352558573611680748e-01
4.070920709453594855e-01 1.360711641908091407e-01
3.943903128623333920e-01 1.367298789011878457e-01
3.818410137793947223e-01 1.372298312272222376e-01
3.694473329154774888e-01 1.375694418520632401e-01
3.572123903134606371e-01 1.377477561933568295e-01
3.451392660547150104e-01 1.377644594734681593e-01
3.332309994837083789e-01 1.376198742971531941e-01
3.214905884428678196e-01 1.373149424827372622e-01
3.099209885178879631e-01 1.368511933066800246e-01
2.985251122936787294e-01 1.362307006215355276e-01
2.873058286211370715e-01 1.354560314928379416e-01
2.762659618949298013e-01 1.345301890741003314e-01
2.654082913424666845e-01 1.334565524070261133e-01
2.547355503242452190e-01 1.322388157052030166e-01
2.442504256457417311e-01 1.308809294654510180e-01
2.339555568810219865e-01 1.293870454650268842e-01
2.238535357082431787e-01 1.277614673598699846e-01
2.139469052572124941e-01 1.260086082147115760e-01
2.042381594691679014e-01 1.241329558862264704e-01
1.947297424689413692e-01 1.221390467614136277e-01
1.854240479496642724e-01 1.200314479403642581e-01
1.763234185701672008e-01 1.178147475597955268e-01
1.674301453652287108e-01 1.154935525940708613e-01
1.587464671688187945e-01 1.130724931550286527e-01
1.502745700504856119e-01 1.105562320499728773e-01
1.420165867650229341e-01 1.079494781556390448e-01
1.339745962155614034e-01 1.052570020295591907e-01
1.261506229302150617e-01 1.024836521114170229e-01
1.185466365524179277e-01 9.963436986580437305e-02
1.111645513450765232e-01 9.671420228216667803e-02
1.040062257086641351e-01 9.372831027347586219e-02
9.707346171337882801e-02 9.068197169627985332e-02
9.036800464548166989e-02 8.758057794359160042e-02
8.389154256793041053e-02 8.442962332963642458e-02
7.764570589541863743e-02 8.123468678178590030e-02
7.163206698392743377e-02 7.800140566940215459e-02
6.585213973489323358e-02 7.473544192080004700e-02
6.030737921409157209e-02 7.144244089709754497e-02
5.499918128533154427e-02 6.812798379471085575e-02
4.992888225905456334e-02 6.479753462664752939e-02
4.509775855592612626e-02 6.145638307748179513e-02
4.050702638550263135e-02 5.810958473008635133e-02
3.615784144005795842e-02 5.476190031737743213e-02
3.205129860364375194e-02 5.141773575459925028e-02
2.818843167645834757e-02 4.808108475384957614e-02
2.457021311459295365e-02 4.475547581118506646e-02
2.119755378522125699e-02 4.144392528811074311e-02
1.807130273729329328e-02 3.814889818564651258e-02
1.519224698779197968e-02 3.487227803425398814e-02
1.256111132360571148e-02 3.161534710200014642e-02
1.017855811906731578e-02 2.837877786310188943e-02
8.045187169204659483e-03 2.516263637726021130e-02
6.161535538745877005e-03 2.196639791569201042e-02
4.528077426915411152e-03 1.878897484187966316e-02
3.145224048057615462e-03 1.562875642355292596e-02
2.013323528115562588e-03 1.248365992710521663e-02
1.132660816992037134e-03 9.351192036180476508e-03
5.034576168149174080e-04 6.228519351669903337e-03
1.258723261249317105e-04 3.112546479222752082e-03
0.000000000000000000e+00 0.000000000000000000e+00
1.258723261249317105e-04 -2.707163548087255980e-03
5.034576168149174080e-04 -5.402411636103855545e-03
1.132660816992037134e-03 -8.073931476227449305e-03
2.013323528115562588e-03 -1.071023760322847157e-02
3.145224048057615462e-03 -1.330032587738806671e-02
4.528077426915411152e-03 -1.583381618969430943e-02
6.161535538745877005e-03 -1.830108059719079763e-02
8.045187169204659483e-03 -2.069335402133799101e-02
1.017855811906731578e-02 -2.300282512624568856e-02
1.256111132360571148e-02 -2.522270554274673449e-02
1.519224698779197968e-02 -2.734727620271354062e-02
1.807130273729329328e-02 -2.937191017850946523e-02
2.119755378522125699e-02 -3.129307206682135217e-02
2.457021311459295365e-02 -3.310829459565622218e-02
2.818843167645834757e-02 -3.481613374943547806e-02
3.205129860364375194e-02 -3.641610428191116577e-02
3.615784144005795842e-02 -3.790859800323293644e-02
4.050702638550263135e-02 -3.929478767070530842e-02
4.509775855592612626e-02 -4.057651966946534267e-02
4.992888225905456334e-02 -4.175619892882830031e-02
5.499918128533154427e-02 -4.283666967454617669e-02
6.030737921409157209e-02 -4.382109566191345895e-02
6.585213973489323358e-02 -4.471284346798670012e-02
7.163206698392743377e-02 -4.551537224492085282e-02
7.764570589541863743e-02 -4.623213305563998038e-02
8.389154256793041053e-02 -4.686648053602590625e-02
9.036800464548166989e-02 -4.742159916580366424e-02
9.707346171337882801e-02 -4.790044589732956465e-02
1.040062257086641351e-01 -4.830571030388860349e-02
1.111645513450765232e-01 -4.863979278513873988e-02
1.185466365524179277e-01 -4.890480072664670635e-02
1.261506229302150617e-01 -4.910256187352944612e-02
1.339745962155614034e-01 -4.923465356577089169e-02
1.420165867650229341e-01 -4.930244591517211200e-02
1.502745700504856119e-01 -4.930715650045621595e-02
1.587464671688187945e-01 -4.924991373551790286e-02
1.674301453652287108e-01 -4.913182574171232053e-02
1.763234185701672008e-01 -4.895405134122075147e-02
1.854240479496642724e-01 -4.871786969450232763e-02
1.947297424689413692e-01 -4.842474513663865693e-02
2.042381594691679014e-01 -4.807638392708227931e-02
2.139469052572124941e-01 -4.767477991291068501e-02
2.238535357082431787e-01 -4.722224651094699549e-02
2.339555568810219865e-01 -4.672143292864651409e-02
2.442504256457417311e-01 -4.617532315306461382e-02
2.547355503242452190e-01 -4.558721692337801279e-02
2.654082913424666845e-01 -4.496069264384635472e-02
2.762659618949298013e-01 -4.429955296647059698e-02
2.873058286211370715e-01 -4.360775454942247831e-02
2.985251122936787294e-01 -4.288932425058984699e-02
3.099209885178879631e-01 -4.214826471662866392e-02
3.214905884428678196e-01 -4.138845294822557364e-02
3.332309994837083789e-01 -4.061353593443817189e-02
3.451392660547150104e-01 -3.982682782757482332e-02
3.572123903134606371e-01 -3.903121335263236291e-02
3.694473329154774888e-01 -3.822906219318752269e-02
3.818410137793947223e-01 -3.742215895489325872e-02
3.943903128623333920e-01 -3.661165296987926171e-02
4.070920709453594855e-01 -3.579803166806082293e-02
4.199430904288018462e-01 -3.498112050897107111e-02
4.329401361372292589e-01 -3.416011155171148894e-02
4.460799361338897429e-01 -3.333362165976612446e-02
4.593591825444023335e-01 -3.249978011797488575e-02
4.727745323894976259e-01 -3.165634411442305035e-02
4.863226084265935834e-01 -3.080083915086385959e-02
5.000000000000001110e-01 -2.993072003846617563e-02
5.138032638995313484e-01 -2.904354676379530473e-02
5.277289252273172915e-01 -2.813716823037593767e-02
5.417734782725895926e-01 -2.720990575498305822e-02
5.559333873942259308e-01 -2.626072728831594164e-02
5.702050879108284676e-01 -2.528940270117003078e-02
5.845849869981135649e-01 -2.429663019313823766e-02
5.990694645933862805e-01 -2.328412400233202673e-02
6.136548743068714895e-01 -2.225465417849246605e-02
6.283375443396724824e-01 -2.121203027901922764e-02
6.431137784081281117e-01 -2.016102250090130374e-02
6.579798566743311206e-01 -1.910721600468520687e-02
6.729320366825783939e-01 -1.805679704154346255e-02
6.879665543015128781e-01 -1.701627297039419451e-02
7.030796246717250231e-01 -1.599213234374181197e-02
7.182674431585703845e-01 -1.499045592781948939e-02
7.335261863099650226e-01 -1.401649476758836527e-02
7.488520128189207758e-01 -1.307423715589917101e-02
7.642410644905727191e-01 -1.216599254682502323e-02
7.796894672134594417e-01 -1.129202697643594093e-02
7.951933319348093443e-01 -1.045029131348461197e-02
8.107487556395898132e-01 -9.636290534457263648e-03
8.263518223330695855e-01 -8.843149063644875629e-03
8.419986040266501659e-01 -8.061933886804711555e-03
8.576851617267149397e-01 -7.282303472058770065e-03
8.734075464262507360e-01 -6.493556339562599547e-03
8.891618000989889303e-01 -5.686158230636562984e-03
9.049439566958173975e-01 -4.853831051685220631e-03
9.207500431432115162e-01 -3.996289921513108100e-03
9.365760803434354242e-01 -3.122716548187729358e-03
9.524180841762578398e-01 -2.256057625121288181e-03
9.682720665019324269e-01 -1.438235797170360486e-03
9.841340361651920166e-01 -7.363578517153568630e-04
9.999999999999998890e-01 -2.500000000000023362e-04
