9.999999999999998890e-01 2.500000000001133043e-04
9.841340361651920166e-01 1.537898573489663960e-02
9.682720665019324269e-01 2.865210984647720283e-02
9.524180841762578398e-01 4.042871116138621601e-02
9.365760803434354242e-01 5.100885845045711325e-02
9.207500431432115162e-01 6.064044138730882022e-02
9.049439566958173975e-01 6.952577262655329493e-02
8.891618000989889303e-01 7.782769010982276692e-02
8.734075464262507360e-01 8.567515551810425678e-02
8.576851617267149397e-01 9.316835102600226626e-02
8.419986040266501659e-01 1.003832821460884095e-01
8.263518223330695855e-01 1.073758994579663700e-01
8.107487556395898132e-01 1.141857563851986640e-01
7.951933319348093443e-01 1.208392239111206884e-01
7.796894672134594417e-01 1.273522862177030313e-01
7.642410644905727191e-01 1.337329437039066204e-01
7.488520128189207758e-01 1.399832517125339515e-01
7.335261863099650226e-01 1.461010245950604691e-01
7.182674431585703845e-01 1.520812355056320453e-01
7.030796246717250231e-01 1.579171425765046599e-01
6.879665543015128781e-01 1.636011719297879030e-01
6.729320366825783939e-01 1.691255873696888012e-01
6.579798566743311206e-01 1.744829756230173168e-01
6.431137784081281117e-01 1.796665747024288606e-01
6.283375443396724824e-01 1.846704714062706032e-01
6.136548743068714895e-01 1.894896921903349574e-01
5.990694645933862805e-01 1.941202096988459136e-01
5.845849869981135649e-01 1.985588851715850700e-01
5.702050879108284676e-01 2.028033647961183239e-01
5.559333873942259308e-01 2.068519458908555930e-01
5.417734782725895926e-01 2.107034266253493271e-01
5.277289252273172915e-01 2.143569508445285210e-01
5.138032638995313484e-01 2.178118574954457376e-01
5.000000000000001110e-01 2.210675421865707091e-01
4.863226084265935834e-01 2.241233365645755593e-01
4.727745323894976259e-01 2.269784094915995032e-01
4.593591825444023335e-01 2.296316924626545519e-01
4.460799361338897429e-01 2.320818303294908402e-01
4.329401361372292589e-01 2.343271572012688431e-01
4.199430904288018462e-01 2.363656963773126118e-01
4.070920709453594855e-01 2.381951823330394902e-01
3.943903128623333920e-01 2.398131021235171967e-01
3.818410137793947223e-01 2.412167530836782647e-01
3.694473329154774888e-01 2.424033133810198637e-01
3.572123903134606371e-01 2.433699218043826606e-01
3.451392660547150104e-01 2.441137631379228790e-01
3.332309994837083789e-01 2.446321555579762108e-01
3.214905884428678196e-01 2.449226366862903570e-01
3.099209885178879631e-01 2.449830452194635411e-01
2.985251122936787294e-01 2.448115954143642303e-01
2.873058286211370715e-01 2.444069421257678287e-01
2.762659618949298013e-01 2.437682345486793523e-01
2.654082913424666845e-01 2.428951572976419393e-01
2.547355503242452190e-01 2.417879579434633330e-01
2.442504256457417311e-01 2.404474606100298339e-01
2.339555568810219865e-01 2.388750656973284703e-01
2.238535357082431787e-01 2.370727362300533714e-01
2.139469052572124941e-01 2.350429717244310046e-01
2.042381594691679014e-01 2.327887708110398246e-01
1.947297424689413692e-01 2.303135841420766161e-01
1.854240479496642724e-01 2.276212593431354292e-01
1.763234185701672008e-01 2.247159799392709212e-01
1.674301453652287108e-01 2.216022002917769351e-01
1.587464671688187945e-01 2.182845786261891630e-01
1.502745700504856119e-01 2.147679102155018449e-01
1.420165867650229341e-01 2.110570627088266538e-01
1.339745962155614034e-01 2.071569154692998183e-01
1.261506229302150617e-01 2.030723046115996688e-01
1.185466365524179277e-01 1.988079752154729429e-01
1.111645513450765232e-01 1.943685419443902662e-01
1.040062257086641351e-01 1.897584590255328163e-01
9.707346171337882801e-02 1.849820002567378885e-01
9.036800464548166989e-02 1.800432494058772370e-01
8.389154256793041053e-02 1.749461010664052074e-01
7.764570589541863743e-02 1.696942717372338649e-01
7.163206698392743377e-02 1.642913206129720527e-01
6.585213973489323358e-02 1.587406793086616752e-01
6.030737921409157209e-02 1.530456895074792101e-01
5.499918128533154427e-02 1.472096473156793706e-01
4.992888225905456334e-02 1.412358529406692875e-01
4.509775855592612626e-02 1.351276641788502486e-01
4.050702638550263135e-02 1.288885521120990418e-01
3.615784144005795842e-02 1.225221573667765046e-01
3.205129860364375194e-02 1.160323452871864919e-01
2.818843167645834757e-02 1.094232584157184135e-01
2.457021311459295365e-02 1.026993647527299353e-01
2.119755378522125699e-02 9.586550038791796791e-02
1.807130273729329328e-02 8.892690524797752794e-02
1.519224698779197968e-02 8.188925088853403478e-02
1.256111132360571148e-02 7.475865946677087703e-02
1.017855811906731578e-02 6.754171325948647719e-02
8.045187169204659483e-03 6.024545433371949338e-02
6.161535538745877005e-03 5.287737422757043254e-02
4.528077426915411152e-03 4.544539375125748043e-02
3.145224048057615462e-03 3.795783326670090080e-02
2.013323528115562588e-03 3.042337404201527623e-02
1.132660816992037134e-03 2.285101149959326700e-02
5.034576168149174080e-04 1.525000137769075455e-02
1.258723261249317105e-04 7.629800000847071495e-03
0.000000000000000000e+00 0.000000000000000000e+00
1.258723261249317105e-04 -7.566008136491979112e-03
5.034576168149174080e-04 -1.511924623069903391e-02
1.132660816992037134e-03 -2.264700974817941692e-02
2.013323528115562588e-03 -3.013684773311544815e-02
3.145224048057615462e-03 -3.757668139018416342e-02
4.528077426915411152e-03 -4.495491307891134880e-02
6.161535538745877005e-03 -5.226052296752525805e-02
8.045187169204659483e-03 -5.948315095595058805e-02
1.017855811906731578e-02 -6.661316191019076016e-02
1.256111132360571148e-02 -7.364169274005907817e-02
1.519224698779197968e-02 -8.056068038443772727e-02
1.807130273729329328e-02 -8.736287032700935928e-02
2.119755378522125699e-02 -9.404180583403665139e-02
2.457021311459295365e-02 -1.005917986671010095e-01
2.818843167645834757e-02 -1.070078825608675316e-01
3.205129860364375194e-02 -1.132857512526242727e-01
3.615784144005795842e-02 -1.194216832914518217e-01
4.050702638550263135e-02 -1.254124562268991994e-01
4.509775855592612626e-02 -1.312552530685098251e-01
4.992888225905456334e-02 -1.369475641093539087e-01
5.499918128533154427e-02 -1.424870873124902959e-01
6.030737921409157209e-02 -1.478716304654785207e-01
6.585213973489323358e-02 -1.530990182142426270e-01
7.163206698392743377e-02 -1.581670068963459963e-01
7.764570589541863743e-02 -1.630732098107575134e-01
8.389154256793041053e-02 -1.678150351950282171e-01
9.036800464548166989e-02 -1.723896387427234778e-01
9.707346171337882801e-02 -1.767938919976160261e-01
1.040062257086641351e-01 -1.810243674221806431e-01
1.111645513450765232e-01 -1.850773403735349876e-01
1.185466365524179277e-01 -1.889488076483853418e-01
1.261506229302150617e-01 -1.926345216984779729e-01
1.339745962155614034e-01 -1.961300390881775546e-01
1.420165867650229341e-01 -1.994307812840462046e-01
1.502745700504856119e-01 -2.025321054493871009e-01
1.587464671688187945e-01 -2.054293825795159567e-01
1.674301453652287108e-01 -2.081180800685519250e-01
1.763234185701672008e-01 -2.105938456554793670e-01
1.854240479496642724e-01 -2.128525896626033698e-01
1.947297424689413692e-01 -2.148905625162559341e-01
2.042381594691679014e-01 -2.167044247269149793e-01
2.139469052572124941e-01 -2.182913067991247291e-01
2.238535357082431787e-01 -2.196488569322680717e-01
2.339555568810219865e-01 -2.207752748491481898e-01
2.442504256457417311e-01 -2.216693306348177239e-01
2.547355503242452190e-01 -2.223303680644310998e-01
2.654082913424666845e-01 -2.227582925247328649e-01
2.762659618949298013e-01 -2.229535442658318045e-01
2.873058286211370715e-01 -2.229170583334961486e-01
2.985251122936787294e-01 -2.226502131022125297e-01
3.099209885178879631e-01 -2.221547698308441454e-01
3.214905884428678196e-01 -2.214328060722838276e-01
3.332309994837083789e-01 -2.204866460645391324e-01
3.451392660547150104e-01 -2.193187913947240997e-01
3.572123903134606371e-01 -2.179318552449245883e-01
3.694473329154774888e-01 -2.163285033900263776e-01
3.818410137793947223e-01 -2.145114048180365440e-01
3.943903128623333920e-01 -2.124831943850054305e-01
4.070920709453594855e-01 -2.102464493078799179e-01
4.199430904288018462e-01 -2.078036805549914878e-01
4.329401361372292589e-01 -2.051573393382049026e-01
4.460799361338897429e-01 -2.023098379730111085e-01
4.593591825444023335e-01 -1.992635833901451603e-01
4.727745323894976259e-01 -1.960210205983738130e-01
4.863226084265935834e-01 -1.925846824627222564e-01
5.000000000000001110e-01 -1.889572413305934950e-01
5.138032638995313484e-01 -1.851415573691619076e-01
5.277289252273172915e-01 -1.811407180331816025e-01
5.417734782725895926e-01 -1.769580629265636862e-01
5.559333873942259308e-01 -1.725971885172230269e-01
5.702050879108284676e-01 -1.680619277744657691e-01
5.845849869981135649e-01 -1.633563008795607951e-01
5.990694645933862805e-01 -1.584844347655126606e-01
6.136548743068714895e-01 -1.534504514162645661e-01
6.283375443396724824e-01 -1.482583276339455025e-01
6.431137784081281117e-01 -1.429117323892605262e-01
6.579798566743311206e-01 -1.374138519154275151e-01
6.729320366825783939e-01 -1.317672173860227058e-01
6.879665543015128781e-01 -1.259735553112157624e-01
7.030796246717250231e-01 -1.200336866570357319e-01
7.182674431585703845e-01 -1.139475070818882496e-01
7.335261863099650226e-01 -1.077140875176715862e-01
7.488520128189207758e-01 -1.013319415041993021e-01
7.642410644905727191e-01 -9.479951310050369062e-02
7.796894672134594417e-01 -8.811594671135684897e-02
7.951933319348093443e-01 -8.128220763046130337e-02
8.107487556395898132e-01 -7.430262934510221962e-02
8.263518223330695855e-01 -6.718697048775895686e-02
8.419986040266501659e-01 -5.995307056289062714e-02
8.576851617267149397e-01 -5.263019901669951928e-02
8.734075464262507360e-01 -4.526319664227995698e-02
8.891618000989889303e-01 -3.791751150709237600e-02
9.049439566958173975e-01 -3.068523333960087793e-02
9.207500431432115162e-01 -2.369223040724647081e-02
9.365760803434354242e-01 -1.710649115766250603e-02
9.524180841762578398e-01 -1.114776909150310726e-02
9.682720665019324269e-01 -6.098623318657314142e-03
9.841340361651920166e-01 -2.316938872625236550e-03
9.999999999999998890e-01 -2.500000000000072151e-04
