9.999999999999998890e-01 2.500000000001522272e-04
9.841340361651920166e-01 2.144748173465326618e-02
9.682720665019324269e-01 4.160518969242172488e-02
9.524180841762578398e-01 6.083309074054156496e-02
9.365760803434354242e-01 7.923539568993072379e-02
9.207500431432115162e-01 9.690857090387394734e-02
9.049439566958173975e-01 1.139399488184771048e-01
8.891618000989889303e-01 1.304068652683306184e-01
8.734075464262507360e-01 1.463762517080564596e-01
8.576851617267149397e-01 1.619046118430245984e-01
8.419986040266501659e-01 1.770383146944047859e-01
8.263518223330695855e-01 1.918141395803412974e-01
8.107487556395898132e-01 2.062600127464796762e-01
7.951933319348093443e-01 2.203958802731099675e-01
7.796894672134594417e-01 2.342346672711255740e-01
7.642410644905727191e-01 2.477832791063891427e-01
7.488520128189207758e-01 2.610436063192159151e-01
7.335261863099650226e-01 2.740135008977901410e-01
7.182674431585703845e-01 2.866876974965566482e-01
7.030796246717250231e-01 2.990586589497291059e-01
6.879665543015128781e-01 3.111173309156174405e-01
6.729320366825783939e-01 3.228537956130852482e-01
6.579798566743311206e-01 3.342578193051941593e-01
6.431137784081281117e-01 3.453192923901383660e-01
6.283375443396724824e-01 3.560285646340064503e-01
6.136548743068714895e-01 3.663766811966470138e-01
5.990694645933862805e-01 3.763555276481203027e-01
5.845849869981135649e-01 3.859578941495207527e-01
5.702050879108284676e-01 3.951774703914823772e-01
5.559333873942259308e-01 4.040087837708612462e-01
5.417734782725895926e-01 4.124470936753138472e-01
5.277289252273172915e-01 4.204882546796223086e-01
5.138032638995313484e-01 4.281285609864814989e-01
5.000000000000001110e-01 4.353645836231953559e-01
4.863226084265935834e-01 4.421930107931981713e-01
4.727745323894976259e-01 4.486105004384914330e-01
4.593591825444023335e-01 4.546135525575309977e-01
4.460799361338897429e-01 4.601984072034390749e-01
4.329401361372292589e-01 4.653609724180837182e-01
4.199430904288018462e-01 4.700967846934582250e-01
4.070920709453594855e-01 4.744010029432825792e-01
3.943903128623333920e-01 4.782684354597592780e-01
3.818410137793947223e-01 4.816935979616326358e-01
3.694473329154774888e-01 4.846707996421335540e-01
3.572123903134606371e-01 4.871942531239233376e-01
3.451392660547150104e-01 4.892582034403645808e-01
3.332309994837083789e-01 4.908570705987918004e-01
3.214905884428678196e-01 4.919855999451283601e-01
3.099209885178879631e-01 4.926390144368565926e-01
2.985251122936787294e-01 4.928131630332518442e-01
2.873058286211370715e-01 4.925046597126822578e-01
2.762659618949298013e-01 4.917110081064063332e-01
2.654082913424666845e-01 4.904307073723731536e-01
2.547355503242452190e-01 4.886633356934745320e-01
2.442504256457417311e-01 4.864096086426508148e-01
2.339555568810219865e-01 4.836714105808731512e-01
2.238535357082431787e-01 4.804517982115824037e-01
2.139469052572124941e-01 4.767549763752267356e-01
2.042381594691679014e-01 4.725862470999537268e-01
1.947297424689413692e-01 4.679519338011515206e-01
1.854240479496642724e-01 4.628592833179157040e-01
1.763234185701672008e-01 4.573163491665017122e-01
1.674301453652287108e-01 4.513318599610083859e-01
1.587464671688187945e-01 4.449150773856907493e-01
1.502745700504856119e-01 4.380756483915729804e-01
1.420165867650229341e-01 4.308234564270856382e-01
1.339745962155614034e-01 4.231684764974953383e-01
1.261506229302150617e-01 4.151206386845233132e-01
1.185466365524179277e-01 4.066897044535491279e-01
1.111645513450765232e-01 3.978851596428027992e-01
1.040062257086641351e-01 3.887161274820403745e-01
9.707346171337882801e-02 3.791913043453598586e-01
9.036800464548166989e-02 3.693189202244305802e-01
8.389154256793041053e-02 3.591067251365873680e-01
7.764570589541863743e-02 3.485620018802251252e-01
7.163206698392743377e-02 3.376916047414068589e-01
6.585213973489323358e-02 3.265020229640539506e-01
6.030737921409157209e-02 3.149994670441659816e-01
5.499918128533154427e-02 3.031899752174353480e-01
4.992888225905456334e-02 2.910795368985857334e-01
4.509775855592612626e-02 2.786742293165129780e-01
4.050702638550263135e-02 2.659803631856555994e-01
3.615784144005795842e-02 2.530046329716050257e-01
3.205129860364375194e-02 2.397542671548570647e-01
2.818843167645834757e-02 2.262371738743491068e-01
2.457021311459295365e-02 2.124620774418129743e-01
2.119755378522125699e-02 1.984386414552085642e-01
1.807130273729329328e-02 1.841775745972841216e-01
1.519224698779197968e-02 1.696907156730830257e-01
1.256111132360571148e-02 1.549910950044849633e-01
1.017855811906731578e-02 1.400929699445712662e-01
8.045187169204659483e-03 1.250118329815740337e-01
6.161535538745877005e-03 1.097643916516635176e-01
4.528077426915411152e-03 9.436852025096947871e-02
3.145224048057615462e-03 7.884318410878757288e-02
2.013323528115562588e-03 6.320833793451050009e-02
1.132660816992037134e-03 4.748480045997596072e-02
5.034576168149174080e-04 3.169410824714150032e-02
1.258723261249317105e-04 1.585835210060656045e-02
0.000000000000000000e+00 0.000000000000000000e+00
1.258723261249317105e-04 -1.582645616345948816e-02
5.034576168149174080e-04 -3.162873066390452237e-02
1.132660816992037134e-03 -4.738279957014465693e-02
2.013323528115562588e-03 -6.306507476211686836e-02
3.145224048057615462e-03 -7.865260814948413226e-02
4.528077426915411152e-03 -9.412327989149453511e-02
6.161535538745877005e-03 -1.094559659970209820e-01
8.045187169204659483e-03 -1.246306812677483028e-01
1.017855811906731578e-02 -1.396286942456769209e-01
1.256111132360571148e-02 -1.544326116185734121e-01
1.519224698779197968e-02 -1.690264304011064589e-01
1.807130273729329328e-02 -1.833955571203390034e-01
2.119755378522125699e-02 -1.975267941659839543e-01
2.457021311459295365e-02 -2.114082943914417090e-01
2.818843167645834757e-02 -2.250294859444612050e-01
3.205129860364375194e-02 -2.383809701403751535e-01
3.615784144005795842e-02 -2.514543959419621166e-01
4.050702638550263135e-02 -2.642423152560438027e-01
4.509775855592612626e-02 -2.767380237788447661e-01
4.992888225905456334e-02 -2.889353925043001148e-01
5.499918128533154427e-02 -3.008286952402728365e-01
6.030737921409157209e-02 -3.124124375497099870e-01
6.585213973489323358e-02 -3.236811924444509270e-01
7.163206698392743377e-02 -3.346294479106492470e-01
7.764570589541863743e-02 -3.452514709433572304e-01
8.389154256793041053e-02 -3.555411922249744339e-01
9.036800464548166989e-02 -3.654921149135930136e-01
9.707346171337882801e-02 -3.750972502322712510e-01
1.040062257086641351e-01 -3.843490816917894404e-01
1.111645513450765232e-01 -3.932395588631573680e-01
1.185466365524179277e-01 -4.017601206697616889e-01
1.261506229302150617e-01 -4.099017472215428781e-01
1.339745962155614034e-01 -4.176550382944332895e-01
1.420165867650229341e-01 -4.250103156964543105e-01
1.502745700504856119e-01 -4.319577459851157153e-01
1.587464671688187945e-01 -4.384874793345990285e-01
1.674301453652287108e-01 -4.445897998182856137e-01
1.763234185701672008e-01 -4.502552819913008819e-01
1.854240479496642724e-01 -4.554749484434295059e-01
1.947297424689413692e-01 -4.602404229544554415e-01
2.042381594691679014e-01 -4.645440740259064727e-01
2.139469052572124941e-01 -4.683791438837173193e-01
2.238535357082431787e-01 -4.717398585381960552e-01
2.339555568810219865e-01 -4.746215151377374819e-01
2.442504256457417311e-01 -4.770205436423357037e-01
2.547355503242452190e-01 -4.789345407482332728e-01
2.654082913424666845e-01 -4.803622749875494646e-01
2.762659618949298013e-01 -4.813036629740416461e-01
2.873058286211370715e-01 -4.817597178327925334e-01
2.985251122936787294e-01 -4.817324719000551925e-01
3.099209885178879631e-01 -4.812248767712055675e-01
3.214905884428678196e-01 -4.802406846714365463e-01
3.332309994837083789e-01 -4.787843158886771477e-01
3.451392660547150104e-01 -4.768607176071198994e-01
3.572123903134606371e-01 -4.744752198826381884e-01
3.694473329154774888e-01 -4.716333946834589397e-01
3.818410137793947223e-01 -4.683409238623270077e-01
3.943903128623333920e-01 -4.646034816191319528e-01
4.070920709453594855e-01 -4.604266364530461564e-01
4.199430904288018462e-01 -4.558157767972124685e-01
4.329401361372292589e-01 -4.507760634932143073e-01
4.460799361338897429e-01 -4.453124110231586052e-01
4.593591825444023335e-01 -4.394294980104925252e-01
4.727745323894976259e-01 -4.331318059727427006e-01
4.863226084265935834e-01 -4.264236837156054616e-01
5.000000000000001110e-01 -4.193094331622409521e-01
5.138032638995313484e-01 -4.117934108856687314e-01
5.277289252273172915e-01 -4.038801382334645806e-01
5.417734782725895926e-01 -3.955744117847244112e-01
5.559333873942259308e-01 -3.868814050443408203e-01
5.702050879108284676e-01 -3.778067518446329709e-01
5.845849869981135649e-01 -3.683566019732096852e-01
5.990694645933862805e-01 -3.585376401586453099e-01
6.136548743068714895e-01 -3.483570607956563703e-01
6.283375443396724824e-01 -3.378224927435847791e-01
6.431137784081281117e-01 -3.269418712392226367e-01
6.579798566743311206e-01 -3.157232574665501112e-01
6.729320366825783939e-01 -3.041746106447374420e-01
6.879665543015128781e-01 -2.923035226363199790e-01
7.030796246717250231e-01 -2.801169310240423371e-01
7.182674431585703845e-01 -2.676208333198602518e-01
7.335261863099650226e-01 -2.548200323921618882e-01
7.488520128189207758e-01 -2.417179512426984034e-01
7.642410644905727191e-01 -2.283165638238255080e-01
7.796894672134594417e-01 -2.146164975260099750e-01
7.951933319348093443e-01 -2.006173721280475886e-01
8.107487556395898132e-01 -1.863184492083782284e-01
8.263518223330695855e-01 -1.717196750647898007e-01
8.419986040266501659e-01 -1.568232088625361453e-01
8.576851617267149397e-01 -1.416355357925532799e-01
8.734075464262507360e-01 -1.261702722245964525e-01
8.891618000989889303e-01 -1.104517759286409023e-01
9.049439566958173975e-01 -9.451967915120053354e-02
9.207500431432115162e-01 -7.843446541098458846e-02
9.365760803434354242e-01 -6.228421206535998678e-02
9.524180841762578398e-01 -4.619261975070675791e-02
9.682720665019324269e-01 -3.032844648706681939e-02
9.841340361651920166e-01 -1.491645835303216823e-02
9.999999999999998890e-01 -2.500000000000991555e-04
