9.999999999999998890e-01 2.500000000000919455e-04
9.841340361651920166e-01 1.327567753212993869e-02
9.682720665019324269e-01 2.606275319679336386e-02
9.524180841762578398e-01 3.860286184354214806e-02
9.365760803434354242e-01 5.089149074057996297e-02
9.207500431432115162e-01 6.292694315064135957e-02
9.049439566958173975e-01 7.470947976018033065e-02
8.891618000989889303e-01 8.624062074150092017e-02
8.734075464262507360e-01 9.752259096656967774e-02
8.576851617267149397e-01 1.085578909714968732e-01
8.419986040266501659e-01 1.193489766565534460e-01
8.263518223330695855e-01 1.298980313601130476e-01
8.107487556395898132e-01 1.402068148263905245e-01
7.951933319348093443e-01 1.502765746558356597e-01
7.796894672134594417e-01 1.601080070430360158e-01
7.642410644905727191e-01 1.697012549302563400e-01
7.488520128189207758e-01 1.790559330969607732e-01
7.335261863099650226e-01 1.881711711305877888e-01
7.182674431585703845e-01 1.970456666477989061e-01
7.030796246717250231e-01 2.056777425278152327e-01
6.879665543015128781e-01 2.140654032531095485e-01
6.729320366825783939e-01 2.222063867042091689e-01
6.579798566743311206e-01 2.300982089051306911e-01
6.431137784081281117e-01 2.377382002485174117e-01
6.283375443396724824e-01 2.451235326333913722e-01
6.136548743068714895e-01 2.522512377160482377e-01
5.990694645933862805e-01 2.591182171023516112e-01
5.845849869981135649e-01 2.657212457974358344e-01
5.702050879108284676e-01 2.720569705799002480e-01
5.559333873942259308e-01 2.781219051882612425e-01
5.417734782725895926e-01 2.839124243066772357e-01
5.277289252273172915e-01 2.894247583259669798e-01
5.138032638995313484e-01 2.946549907477243324e-01
5.000000000000001110e-01 2.995990599082860029e-01
4.863226084265935834e-01 3.042527664407878585e-01
4.727745323894976259e-01 3.086117875833646607e-01
4.593591825444023335e-01 3.126716990956692754e-01
4.460799361338897429e-01 3.164280051798770144e-01
4.329401361372292589e-01 3.198761764311711664e-01
4.199430904288018462e-01 3.230116954802477736e-01
4.070920709453594855e-01 3.258301096492899340e-01
3.943903128623333920e-01 3.283270896341899392e-01
3.818410137793947223e-01 3.304984929589199760e-01
3.694473329154774888e-01 3.323404307303423066e-01
3.572123903134606371e-01 3.338493360589518399e-01
3.451392660547150104e-01 3.350220324066027211e-01
3.332309994837083789e-01 3.358558000777941976e-01
3.214905884428678196e-01 3.363484390862289675e-01
3.099209885178879631e-01 3.364983267010371315e-01
2.985251122936787294e-01 3.363044681034932926e-01
2.873058286211370715e-01 3.357665387600409779e-01
2.762659618949298013e-01 3.348849173344906616e-01
2.654082913424666845e-01 3.336607082138870473e-01
2.547355503242452190e-01 3.320957530004662317e-01
2.442504256457417311e-01 3.301926306175830828e-01
2.339555568810219865e-01 3.279546459814122183e-01
2.238535357082431787e-01 3.253858074936193390e-01
2.139469052572124941e-01 3.224907939042443439e-01
2.042381594691679014e-01 3.192749113704602681e-01
1.947297424689413692e-01 3.157440417880558736e-01
1.854240479496642724e-01 3.119045836917137549e-01
1.763234185701672008e-01 3.077633872017323524e-01
1.674301453652287108e-01 3.033276846342610744e-01
1.587464671688187945e-01 2.986050184860946088e-01
1.502745700504856119e-01 2.936031685516904965e-01
1.420165867650229341e-01 2.883300799286803717e-01
1.339745962155614034e-01 2.827937936194773183e-01
1.261506229302150617e-01 2.770023813426045756e-01
1.185466365524179277e-01 2.709638860312608144e-01
1.111645513450765232e-01 2.646862693226634811e-01
1.040062257086641351e-01 2.581773671350763300e-01
9.707346171337882801e-02 2.514448541961593619e-01
9.036800464548166989e-02 2.444962181329936590e-01
8.389154256793041053e-02 2.373387434679209984e-01
7.764570589541863743e-02 2.299795055925089315e-01
7.163206698392743377e-02 2.224253745218741640e-01
6.585213973489323358e-02 2.146830279704978195e-01
6.030737921409157209e-02 2.067589730454288954e-01
5.499918128533154427e-02 1.986595756297801774e-01
4.992888225905456334e-02 1.903910963343916074e-01
4.509775855592612626e-02 1.819597317333678799e-01
4.050702638550263135e-02 1.733716594738617944e-01
3.615784144005795842e-02 1.646330857649520030e-01
3.205129860364375194e-02 1.557502937065878834e-01
2.818843167645834757e-02 1.467296909181336484e-01
2.457021311459295365e-02 1.375778549666271944e-01
2.119755378522125699e-02 1.283015751760029632e-01
1.807130273729329328e-02 1.189078895176530482e-01
1.519224698779197968e-02 1.094041154362857537e-01
1.256111132360571148e-02 9.979787364866378463e-02
1.017855811906731578e-02 9.009710416128252630e-02
8.045187169204659483e-03 8.031007398057535274e-02
6.161535538745877005e-03 7.044537622954648304e-02
4.528077426915411152e-03 6.051192063123171649e-02
3.145224048057615462e-03 5.051891556542694589e-02
2.013323528115562588e-03 4.047584214396525437e-02
1.132660816992037134e-03 3.039242097511916929e-02
5.034576168149174080e-04 2.027857249334710094e-02
1.258723261249317105e-04 1.014437191110515585e-02
0.000000000000000000e+00 0.000000000000000000e+00
1.258723261249317105e-04 -9.901142144510139895e-03
5.034576168149174080e-04 -1.978290784850614270e-02
1.132660816992037134e-03 -2.962606461669781838e-02
2.013323528115562588e-03 -3.941178872116907206e-02
3.145224048057615462e-03 -4.912185720441655801e-02
4.528077426915411152e-03 -5.873882540315211731e-02
6.161535538745877005e-03 -6.824618579975527677e-02
8.045187169204659483e-03 -7.762850452803364554e-02
1.017855811906731578e-02 -8.687153248153112184e-02
1.256111132360571148e-02 -9.596228867843155375e-02
1.519224698779197968e-02 -1.048891143071385562e-01
1.807130273729329328e-02 -1.136416966889362418e-01
2.119755378522125699e-02 -1.222110632256900586e-01
2.457021311459295365e-02 -1.305895462275015184e-01
2.818843167645834757e-02 -1.387707203139348089e-01
3.205129860364375194e-02 -1.467493148298758265e-01
3.615784144005795842e-02 -1.545211043916644433e-01
4.050702638550263135e-02 -1.620827812612324892e-01
4.509775855592612626e-02 -1.694318137185293061e-01
4.992888225905456334e-02 -1.765662949515131586e-01
5.499918128533154427e-02 -1.834847871979448375e-01
6.030737921409157209e-02 -1.901861659474317900e-01
6.585213973489323358e-02 -1.966694689430247001e-01
7.163206698392743377e-02 -2.029337545106742469e-01
7.764570589541863743e-02 -2.089779733977503717e-01
8.389154256793041053e-02 -2.148008578283586989e-01
9.036800464548166989e-02 -2.204008308969776231e-01
9.707346171337882801e-02 -2.257759387400888607e-01
1.040062257086641351e-01 -2.309238071681325444e-01
1.111645513450765232e-01 -2.358416236299592239e-01
1.185466365524179277e-01 -2.405261445435483147e-01
1.261506229302150617e-01 -2.449737271858874743e-01
1.339745962155614034e-01 -2.491803845178272026e-01
1.420165867650229341e-01 -2.531418605524102805e-01
1.502745700504856119e-01 -2.568537231825420153e-01
1.587464671688187945e-01 -2.603114707890120116e-01
1.674301453652287108e-01 -2.635106484733363286e-01
1.763234185701672008e-01 -2.664469694189743887e-01
1.854240479496642724e-01 -2.691164366926567797e-01
1.947297424689413692e-01 -2.715154607639599371e-01
2.042381594691679014e-01 -2.736409681502521840e-01
2.139469052572124941e-01 -2.754904968850209745e-01
2.238535357082431787e-01 -2.770622749545466057e-01
2.339555568810219865e-01 -2.783552784398211632e-01
2.442504256457417311e-01 -2.793692668214857733e-01
2.547355503242452190e-01 -2.801047937344894878e-01
2.654082913424666845e-01 -2.805631923710640852e-01
2.762659618949298013e-01 -2.807465356966172831e-01
2.873058286211370715e-01 -2.806575726314323727e-01
2.985251122936787294e-01 -2.802996423277021032e-01
3.099209885178879631e-01 -2.796765696012415425e-01
3.214905884428678196e-01 -2.787925454249293167e-01
3.332309994837083789e-01 -2.776519971221360072e-01
3.451392660547150104e-01 -2.762594534807765734e-01
3.572123903134606371e-01 -2.746194104130497138e-01
3.694473329154774888e-01 -2.727362029874978444e-01
3.818410137793947223e-01 -2.706138896392594750e-01
3.943903128623333920e-01 -2.682561541080270562e-01
4.070920709453594855e-01 -2.656662301552335514e-01
4.199430904288018462e-01 -2.628468533741519231e-01
4.329401361372292589e-01 -2.598002434391646909e-01
4.460799361338897429e-01 -2.565281189623945246e-01
4.593591825444023335e-01 -2.530317457651476976e-01
4.727745323894976259e-01 -2.493120178649270158e-01
4.863226084265935834e-01 -2.453695688714026268e-01
5.000000000000001110e-01 -2.412049098299040295e-01
5.138032638995313484e-01 -2.368185879090681234e-01
5.277289252273172915e-01 -2.322113587666874701e-01
5.417734782725895926e-01 -2.273843640158016710e-01
5.559333873942259308e-01 -2.223393040261852638e-01
5.702050879108284676e-01 -2.170785954107694593e-01
5.845849869981135649e-01 -2.116055020380682994e-01
5.990694645933862805e-01 -2.059242283539816365e-01
6.136548743068714895e-01 -2.000399642587031568e-01
6.283375443396724824e-01 -1.939588718296220426e-01
6.431137784081281117e-01 -1.876880058631685000e-01
6.579798566743311206e-01 -1.812351625708081837e-01
6.729320366825783939e-01 -1.746086538372674246e-01
6.879665543015128781e-01 -1.678170082482614844e-01
7.030796246717250231e-01 -1.608686046196793618e-01
7.182674431585703845e-01 -1.537712489915768477e-01
7.335261863099650226e-01 -1.465317119504397636e-01
7.488520128189207758e-01 -1.391552496539436301e-01
7.642410644905727191e-01 -1.316451389751664702e-01
7.796894672134594417e-01 -1.240022646584687110e-01
7.951933319348093443e-01 -1.162248041671719856e-01
8.107487556395898132e-01 -1.083080638641394783e-01
8.263518223330695855e-01 -1.002445281422925105e-01
8.419986040266501659e-01 -9.202419093802044481e-02
8.576851617267149397e-01 -8.363524652667252146e-02
8.734075464262507360e-01 -7.506522341399614329e-02
8.891618000989889303e-01 -6.630265128948788222e-02
9.049439566958173975e-01 -5.733935618030967796e-02
9.207500431432115162e-01 -4.817348291882506128e-02
9.365760803434354242e-01 -3.881334659599913056e-02
9.524180841762578398e-01 -2.928221560623472594e-02
9.682720665019324269e-01 -1.962412799670346097e-02
9.841340361651920166e-01 -9.910839931185638427e-03
9.999999999999998890e-01 -2.500000000000670631e-04
