9.999999999999998890e-01 2.500000000001246885e-04
9.841340361651920166e-01 1.796360412756481742e-02
9.682720665019324269e-01 3.541931461843484535e-02
9.524180841762578398e-01 5.257127454217911527e-02
9.365760803434354242e-01 6.939164341642338474e-02
9.207500431432115162e-01 8.586598007568643776e-02
9.049439566958173975e-01 1.019893919875425464e-01
8.891618000989889303e-01 1.177633837525405153e-01
8.734075464262507360e-01 1.331933352350621602e-01
8.576851617267149397e-01 1.482865389149825019e-01
8.419986040266501659e-01 1.630507265009397133e-01
8.263518223330695855e-01 1.774930164693657442e-01
8.107487556395898132e-01 1.916192168442471255e-01
7.951933319348093443e-01 2.054334210601411193e-01
7.796894672134594417e-01 2.189378390017349130e-01
7.642410644905727191e-01 2.321328101338508421e-01
7.488520128189207758e-01 2.450169508757920611e-01
7.335261863099650226e-01 2.575873938882695113e-01
7.182674431585703845e-01 2.698400825924869295e-01
7.030796246717250231e-01 2.817700899016111205e-01
6.879665543015128781e-01 2.933719356984418880e-01
6.729320366825783939e-01 3.046398829359650562e-01
6.579798566743311206e-01 3.155681972796253731e-01
6.431137784081281117e-01 3.261513598760529264e-01
6.283375443396724824e-01 3.363842270618072061e-01
6.136548743068714895e-01 3.462621345715181098e-01
5.990694645933862805e-01 3.557809470362773840e-01
5.845849869981135649e-01 3.649370562630206427e-01
5.702050879108284676e-01 3.737273339500632452e-01
5.559333873942259308e-01 3.821490461314239195e-01
5.417734782725895926e-01 3.901997377728171901e-01
5.277289252273172915e-01 3.978770965948664196e-01
5.138032638995313484e-01 4.051788054123195981e-01
5.000000000000001110e-01 4.121023920969492660e-01
4.863226084265935834e-01 4.186450857469128373e-01
4.727745323894976259e-01 4.248036868310103853e-01
4.593591825444023335e-01 4.305744580291854251e-01
4.460799361338897429e-01 4.359530412682200429e-01
4.329401361372292589e-01 4.409344051107745299e-01
4.199430904288018462e-01 4.455128252516142306e-01
4.070920709453594855e-01 4.496818994589149576e-01
3.943903128623333920e-01 4.534345969186407976e-01
3.818410137793947223e-01 4.567633406388273976e-01
3.694473329154774888e-01 4.596601203852020978e-01
3.572123903134606371e-01 4.621166325806678743e-01
3.451392660547150104e-01 4.641244427329756506e-01
3.332309994837083789e-01 4.656751652748876147e-01
3.214905884428678196e-01 4.667606552199897729e-01
3.099209885178879631e-01 4.673732057592580036e-01
2.985251122936787294e-01 4.675057458464104143e-01
2.873058286211370715e-01 4.671520319361577300e-01
2.762659618949298013e-01 4.663068283356101018e-01
2.654082913424666845e-01 4.649660710876786229e-01
2.547355503242452190e-01 4.631270109049047679e-01
2.442504256457417311e-01 4.607883313883159859e-01
2.339555568810219865e-01 4.579502395720573826e-01
2.238535357082431787e-01 4.546145267027333903e-01
2.139469052572124941e-01 4.507845980642415928e-01
2.042381594691679014e-01 4.464654715662631501e-01
1.947297424689413692e-01 4.416637457005487266e-01
1.854240479496642724e-01 4.363875383084271364e-01
1.763234185701672008e-01 4.306463983728042177e-01
1.674301453652287108e-01 4.244511937283957370e-01
1.587464671688187945e-01 4.178139781585180623e-01
1.502745700504856119e-01 4.107478418026053180e-01
1.420165867650229341e-01 4.032667491267329929e-01
1.339745962155614034e-01 3.953853689048469344e-01
1.261506229302150617e-01 3.871189007200807053e-01
1.185466365524179277e-01 3.784829024263544617e-01
1.111645513450765232e-01 3.694931228168345516e-01
1.040062257086641351e-01 3.601653434376336227e-01
9.707346171337882801e-02 3.505152330750685441e-01
9.036800464548166989e-02 3.405582179481339566e-01
8.389154256793041053e-02 3.303093700718187087e-01
7.764570589541863743e-02 3.197833156401750365e-01
7.163206698392743377e-02 3.089941646302002409e-01
6.585213973489323358e-02 2.979554621684908922e-01
6.030737921409157209e-02 2.866801615518606572e-01
5.499918128533154427e-02 2.751806181895044001e-01
4.992888225905456334e-02 2.634686031553313823e-01
4.509775855592612626e-02 2.515553345205007174e-01
4.050702638550263135e-02 2.394515241915254056e-01
3.615784144005795842e-02 2.271674376196591016e-01
3.205129860364375194e-02 2.147129634808931931e-01
2.818843167645834757e-02 2.020976902582050927e-01
2.457021311459295365e-02 1.893309865910199619e-01
2.119755378522125699e-02 1.764220822905466501e-01
1.807130273729329328e-02 1.633801470500854669e-01
1.519224698779197968e-02 1.502143641001975893e-01
1.256111132360571148e-02 1.369339963608041111e-01
1.017855811906731578e-02 1.235484430146356893e-01
8.045187169204659483e-03 1.100672848558691547e-01
6.161535538745877005e-03 9.650031723966250030e-02
4.528077426915411152e-03 8.285756995695034433e-02
3.145224048057615462e-03 6.914931386810678482e-02
2.013323528115562588e-03 5.538605463246006055e-02
1.132660816992037134e-03 4.157851435228204079e-02
5.034576168149174080e-04 2.773760239453760407e-02
1.258723261249317105e-04 1.387437704748990461e-02
0.000000000000000000e+00 0.000000000000000000e+00
1.258723261249317105e-04 -1.328403906788068987e-02
5.034576168149174080e-04 -2.653915271386714236e-02
1.132660816992037134e-03 -3.973665240933496601e-02
2.013323528115562588e-03 -5.284844306591755109e-02
3.145224048057615462e-03 -6.584730433160769503e-02
4.528077426915411152e-03 -7.870715379655496280e-02
6.161535538745877005e-03 -9.140328677973909299e-02
8.045187169204659483e-03 -1.039125879451412021e-01
1.017855811906731578e-02 -1.162137106889179206e-01
1.256111132360571148e-02 -1.282872210292904658e-01
1.519224698779197968e-02 -1.401157035977332599e-01
1.807130273729329328e-02 -1.516838282508269353e-01
2.119755378522125699e-02 -1.629783767728632260e-01
2.457021311459295365e-02 -1.739882300949976424e-01
2.818843167645834757e-02 -1.847043173925707327e-01
3.205129860364375194e-02 -1.951195293137297226e-01
3.615784144005795842e-02 -2.052285984165340693e-01
4.050702638550263135e-02 -2.150279506269668905e-01
4.509775855592612626e-02 -2.245155321577958774e-01
4.992888225905456334e-02 -2.336906168320174171e-01
5.499918128533154427e-02 -2.425535991220788001e-01
6.030737921409157209e-02 -2.511057784382781932e-01
6.585213973489323358e-02 -2.593491402717951755e-01
7.163206698392743377e-02 -2.672861397188835975e-01
7.764570589541863743e-02 -2.749194926862720822e-01
8.389154256793041053e-02 -2.822519797111943118e-01
9.036800464548166989e-02 -2.892862668341358856e-01
9.707346171337882801e-02 -2.960247473533064166e-01
1.040062257086641351e-01 -3.024694075852655262e-01
1.111645513450765232e-01 -3.086217189770015246e-01
1.185466365524179277e-01 -3.144825580842187107e-01
1.261506229302150617e-01 -3.200521550732732812e-01
1.339745962155614034e-01 -3.253300705456190767e-01
1.420165867650229341e-01 -3.303151996493939313e-01
1.502745700504856119e-01 -3.350058016578655873e-01
1.587464671688187945e-01 -3.393995524825423327e-01
1.674301453652287108e-01 -3.434936169713700416e-01
1.763234185701672008e-01 -3.472847373384421177e-01
1.854240479496642724e-01 -3.507693336965678199e-01
1.947297424689413692e-01 -3.539436124294997321e-01
2.042381594691679014e-01 -3.568036780540287389e-01
2.139469052572124941e-01 -3.593456442862653089e-01
2.238535357082431787e-01 -3.615657402392773445e-01
2.339555568810219865e-01 -3.634604080339965404e-01
2.442504256457417311e-01 -3.650263885903629046e-01
2.547355503242452190e-01 -3.662607929649396299e-01
2.654082913424666845e-01 -3.671611572943990764e-01
2.762659618949298013e-01 -3.677254801674187945e-01
2.873058286211370715e-01 -3.679522420536121552e-01
2.985251122936787294e-01 -3.678404072378539946e-01
3.099209885178879631e-01 -3.673894095109619951e-01
3.214905884428678196e-01 -3.665991236218344995e-01
3.332309994837083789e-01 -3.654698251709306844e-01
3.451392660547150104e-01 -3.640021421909764854e-01
3.572123903134606371e-01 -3.621970020910272869e-01
3.694473329154774888e-01 -3.600555779110586330e-01
3.818410137793947223e-01 -3.575792379271139909e-01
3.943903128623333920e-01 -3.547695025480862574e-01
4.070920709453594855e-01 -3.516280121470349296e-01
4.199430904288018462e-01 -3.481565089719482198e-01
4.329401361372292589e-01 -3.443568355899018774e-01
4.460799361338897429e-01 -3.402309514491901887e-01
4.593591825444023335e-01 -3.357809681187483575e-01
4.727745323894976259e-01 -3.310092026134414667e-01
4.863226084265935834e-01 -3.259182469756451428e-01
5.000000000000001110e-01 -3.205110510032233018e-01
5.138032638995313484e-01 -3.147910137432873290e-01
5.277289252273172915e-01 -3.087620781672995030e-01
5.417734782725895926e-01 -3.024288223679738041e-01
5.559333873942259308e-01 -2.957965397368919613e-01
5.702050879108284676e-01 -2.888712999603662013e-01
5.845849869981135649e-01 -2.816599823762861443e-01
5.990694645933862805e-01 -2.741702733311659479e-01
6.136548743068714895e-01 -2.664106197252885666e-01
6.283375443396724824e-01 -2.583901319900251403e-01
6.431137784081281117e-01 -2.501184313527635705e-01
6.579798566743311206e-01 -2.416054384495748553e-01
6.729320366825783939e-01 -2.328611031705261347e-01
6.879665543015128781e-01 -2.238950790810635694e-01
7.030796246717250231e-01 -2.147163498540505533e-01
7.182674431585703845e-01 -2.053328198537461291e-01
7.335261863099650226e-01 -1.957508863008955713e-01
7.488520128189207758e-01 -1.859750162648737826e-01
7.642410644905727191e-01 -1.760073580036347618e-01
7.796894672134594417e-01 -1.658474228155903674e-01
7.951933319348093443e-01 -1.554918804716149405e-01
8.107487556395898132e-01 -1.449345183345094601e-01
8.263518223330695855e-01 -1.341664213051857735e-01
8.419986040266501659e-01 -1.231764366020408341e-01
8.576851617267149397e-01 -1.119519939117291640e-01
8.734075464262507360e-01 -1.004803574640634051e-01
8.891618000989889303e-01 -8.875039189108484272e-02
9.049439566958173975e-01 -7.675492813522462321e-02
9.207500431432115162e-01 -6.449381897689727972e-02
9.365760803434354242e-01 -5.197777576261038840e-02
9.524180841762578398e-01 -3.923307844125355909e-02
9.682720665019324269e-01 -2.630724987887689964e-02
9.841340361651920166e-01 -1.327578245514889413e-02
9.999999999999998890e-01 -2.500000000000907529e-04
