9.999999999999998890e-01 2.500000000000898856e-04
9.841340361651920166e-01 1.307488193175775776e-02
9.682720665019324269e-01 2.579587740178711230e-02
9.524180841762578398e-01 3.834745584463688378e-02
9.365760803434354242e-01 5.068602076809327478e-02
9.207500431432115162e-01 6.278495706548065103e-02
9.049439566958173975e-01 7.463040759127412271e-02
8.891618000989889303e-01 8.621772519085747766e-02
8.734075464262507360e-01 9.754854311359402452e-02
8.576851617267149397e-01 1.086284047574611195e-01
8.419986040266501659e-01 1.194648929012486344e-01
8.263518223330695855e-01 1.300661988726455054e-01
8.107487556395898132e-01 1.404400733639224741e-01
7.951933319348093443e-01 1.505931027211020734e-01
7.796894672134594417e-01 1.605302573730118254e-01
7.642410644905727191e-01 1.702546625072541564e-01
7.488520128189207758e-01 1.797675450153132515e-01
7.335261863099650226e-01 1.890683149959987430e-01
7.182674431585703845e-01 1.981547446072092211e-01
7.030796246717250231e-01 2.070232116791857757e-01
6.879665543015128781e-01 2.156689801446745325e-01
6.729320366825783939e-01 2.240864939087919283e-01
6.579798566743311206e-01 2.322696651903016218e-01
6.431137784081281117e-01 2.402121425440608138e-01
6.283375443396724824e-01 2.479075476607740247e-01
6.136548743068714895e-01 2.553496735859744349e-01
5.990694645933862805e-01 2.625326401682915867e-01
5.845849869981135649e-01 2.694510053120893756e-01
5.702050879108284676e-01 2.760998329572033616e-01
5.559333873942259308e-01 2.824747206350100015e-01
5.417734782725895926e-01 2.885717909613835230e-01
5.277289252273172915e-01 2.943876525379720555e-01
5.138032638995313484e-01 2.999193364660863725e-01
5.000000000000001110e-01 3.051642150613553262e-01
4.863226084265935834e-01 3.101199094265316702e-01
4.727745323894976259e-01 3.147841923329339764e-01
4.593591825444023335e-01 3.191548924194256842e-01
4.460799361338897429e-01 3.232298050846625359e-01
4.329401361372292589e-01 3.270066146673014096e-01
4.199430904288018462e-01 3.304828316230880025e-01
4.070920709453594855e-01 3.336557474588722205e-01
3.943903128623333920e-01 3.365224092108515808e-01
3.818410137793947223e-01 3.390796142937622104e-01
3.694473329154774888e-01 3.413239256315152015e-01
3.572123903134606371e-01 3.432517061358225652e-01
3.451392660547150104e-01 3.448591708508046971e-01
3.332309994837083789e-01 3.461424544467213704e-01
3.214905884428678196e-01 3.470976912379696855e-01
3.099209885178879631e-01 3.477211045276216717e-01
2.985251122936787294e-01 3.480091018463641328e-01
2.873058286211370715e-01 3.479583725565880692e-01
2.762659618949298013e-01 3.475659843271259319e-01
2.654082913424666845e-01 3.468294751415907373e-01
2.547355503242452190e-01 3.457469377710080671e-01
2.442504256457417311e-01 3.443170940043657757e-01
2.339555568810219865e-01 3.425393563716435663e-01
2.238535357082431787e-01 3.404138755942373029e-01
2.139469052572124941e-01 3.379415725379910085e-01
2.042381594691679014e-01 3.351241540046538958e-01
1.947297424689413692e-01 3.319641122592020821e-01
1.854240479496642724e-01 3.284647087347525307e-01
1.763234185701672008e-01 3.246299428667734910e-01
1.674301453652287108e-01 3.204645074688767248e-01
1.587464671688187945e-01 3.159737324606976538e-01
1.502745700504856119e-01 3.111635190838137888e-01
1.420165867650229341e-01 3.060402669865059377e-01
1.339745962155614034e-01 3.006107967174599938e-01
1.261506229302150617e-01 2.948822702400440421e-01
1.185466365524179277e-01 2.888621120631934547e-01
1.111645513450765232e-01 2.825579334854257385e-01
1.040062257086641351e-01 2.759774622708148772e-01
9.707346171337882801e-02 2.691284798277929213e-01
9.036800464548166989e-02 2.620187676532249044e-01
8.389154256793041053e-02 2.546560644467032453e-01
7.764570589541863743e-02 2.470480349059621661e-01
7.163206698392743377e-02 2.392022507970192891e-01
6.585213973489323358e-02 2.311261844657857001e-01
6.030737921409157209e-02 2.228272145350336519e-01
5.499918128533154427e-02 2.143126431249322283e-01
4.992888225905456334e-02 2.055897235591789829e-01
4.509775855592612626e-02 1.966656971832182466e-01
4.050702638550263135e-02 1.875478376358232502e-01
3.615784144005795842e-02 1.782435006884118545e-01
3.205129860364375194e-02 1.687601776038780976e-01
2.818843167645834757e-02 1.591055498724658901e-01
2.457021311459295365e-02 1.492875431581174583e-01
2.119755378522125699e-02 1.393143783345032749e-01
1.807130273729329328e-02 1.291946176031585070e-01
1.519224698779197968e-02 1.189372038624093991e-01
1.256111132360571148e-02 1.085514917287959819e-01
1.017855811906731578e-02 9.804726889459482175e-02
8.045187169204659483e-03 8.743476682652497056e-02
6.161535538745877005e-03 7.672466016142297229e-02
4.528077426915411152e-03 6.592805452340429195e-02
3.145224048057615462e-03 5.505646286225514968e-02
2.013323528115562588e-03 4.412177078272609687e-02
1.132660816992037134e-03 3.313619168767038131e-02
5.034576168149174080e-04 2.211221288364531579e-02
1.258723261249317105e-04 1.106253408571745631e-02
0.000000000000000000e+00 0.000000000000000000e+00
1.258723261249317105e-04 -1.092286234604190540e-02
5.034576168149174080e-04 -2.182616056887991610e-02
1.132660816992037134e-03 -3.269047966675817096e-02
2.013323528115562588e-03 -4.349682375002931339e-02
3.145224048057615462e-03 -5.422681318964353570e-02
4.528077426915411152e-03 -6.486286723317868930e-02
6.161535538745877005e-03 -7.538836784393267154e-02
8.045187169204659483e-03 -8.578780101200636499e-02
1.017855811906731578e-02 -9.604687237788921139e-02
1.256111132360571148e-02 -1.061525946830392531e-01
1.519224698779197968e-02 -1.160933453003289151e-01
1.807130273729329328e-02 -1.258588928801898932e-01
2.119755378522125699e-02 -1.354403929549444496e-01
2.457021311459295365e-02 -1.448303531524123000e-01
2.818843167645834757e-02 -1.540225694587503136e-01
3.205129860364375194e-02 -1.630120357183220403e-01
3.615784144005795842e-02 -1.717948292450149073e-01
4.050702638550263135e-02 -1.803679760262123788e-01
4.509775855592612626e-02 -1.887292995111025107e-01
4.992888225905456334e-02 -1.968772573752057831e-01
5.499918128533154427e-02 -2.048107709319788583e-01
6.030737921409157209e-02 -2.125290520123484794e-01
6.585213973489323358e-02 -2.200314321498682002e-01
7.163206698392743377e-02 -2.273171987922414927e-01
7.764570589541863743e-02 -2.343854430123694377e-01
8.389154256793041053e-02 -2.412349228205401541e-01
9.036800464548166989e-02 -2.478639456941127417e-01
9.707346171337882801e-02 -2.542702733554904060e-01
1.040062257086641351e-01 -2.604510511596532796e-01
1.111645513450765232e-01 -2.664027637178391639e-01
1.185466365524179277e-01 -2.721212176049245812e-01
1.261506229302150617e-01 -2.776015511968834004e-01
1.339745962155614034e-01 -2.828382708844602855e-01
1.420165867650229341e-01 -2.878253121331507680e-01
1.502745700504856119e-01 -2.925561231305397469e-01
1.587464671688187945e-01 -2.970237681017462439e-01
1.674301453652287108e-01 -3.012210468021303544e-01
1.763234185701672008e-01 -3.051406262312019724e-01
1.854240479496642724e-01 -3.087751802676217405e-01
1.947297424689413692e-01 -3.121175327137153399e-01
2.042381594691679014e-01 -3.151607991667237929e-01
2.139469052572124941e-01 -3.178985232066741107e-01
2.238535357082431787e-01 -3.203248026066326526e-01
2.339555568810219865e-01 -3.224344016251907696e-01
2.442504256457417311e-01 -3.242228459239858140e-01
2.547355503242452190e-01 -3.256864972513871526e-01
2.654082913424666845e-01 -3.268226057297717313e-01
2.762659618949298013e-01 -3.276293383571681206e-01
2.873058286211370715e-01 -3.281057831605477260e-01
2.985251122936787294e-01 -3.282519292913966824e-01
3.099209885178879631e-01 -3.280686242064044800e-01
3.214905884428678196e-01 -3.275575098982403399e-01
3.332309994837083789e-01 -3.267209409044790624e-01
3.451392660547150104e-01 -3.255618874985662381e-01
3.572123903134606371e-01 -3.240838280287893225e-01
3.694473329154774888e-01 -3.222906347956159268e-01
3.818410137793947223e-01 -3.201864581240206342e-01
3.943903128623333920e-01 -3.177756133793321891e-01
4.070920709453594855e-01 -3.150624755815399358e-01
4.199430904288018462e-01 -3.120513859883511376e-01
4.329401361372292589e-01 -3.087465745423149110e-01
4.460799361338897429e-01 -3.051521014192562498e-01
4.593591825444023335e-01 -3.012718200882443798e-01
4.727745323894976259e-01 -2.971093633183632954e-01
4.863226084265935834e-01 -2.926681524725105454e-01
5.000000000000001110e-01 -2.879514292476887394e-01
5.138032638995313484e-01 -2.829623077951936572e-01
5.277289252273172915e-01 -2.777038439285429705e-01
5.417734782725895926e-01 -2.721791169522856380e-01
5.559333873942259308e-01 -2.663913185748243984e-01
5.702050879108284676e-01 -2.603438424592955380e-01
5.845849869981135649e-01 -2.540403672755763842e-01
5.990694645933862805e-01 -2.474849257004418934e-01
6.136548743068714895e-01 -2.406819517265949837e-01
6.283375443396724824e-01 -2.336362989360502851e-01
6.431137784081281117e-01 -2.263532231152572405e-01
6.579798566743311206e-01 -2.188383237777417334e-01
6.729320366825783939e-01 -2.110974408458336227e-01
6.879665543015128781e-01 -2.031365049473070061e-01
7.030796246717250231e-01 -1.949613425152432467e-01
7.182674431585703845e-01 -1.865774401374307723e-01
7.335261863099650226e-01 -1.779896763688228467e-01
7.488520128189207758e-01 -1.692020334663462966e-01
7.642410644905727191e-01 -1.602173061840646839e-01
7.796894672134594417e-01 -1.510368298174901425e-01
7.951933319348093443e-01 -1.416602550326511722e-01
8.107487556395898132e-01 -1.320854025673812160e-01
8.263518223330695855e-01 -1.223082365440453789e-01
8.419986040266501659e-01 -1.123230007661964736e-01
8.576851617267149397e-01 -1.021225678562606015e-01
8.734075464262507360e-01 -9.169905628696002620e-02
8.891618000989889303e-01 -8.104477511733770845e-02
9.049439566958173975e-01 -7.015356041069018000e-02
9.207500431432115162e-01 -5.902257072898778323e-02
9.365760803434354242e-01 -4.765461160862104889e-02
9.524180841762578398e-01 -3.606106037040145845e-02
9.682720665019324269e-01 -2.426546285333439079e-02
9.841340361651920166e-01 -1.230787254662394498e-02
9.999999999999998890e-01 -2.500000000000845188e-04
