9.999999999999998890e-01 2.500000000001800370e-04
9.841340361651920166e-01 2.577829511392767253e-02
9.682720665019324269e-01 5.080350738596605548e-02
9.524180841762578398e-01 7.520623250880562050e-02
9.365760803434354242e-01 9.889366057087915773e-02
9.207500431432115162e-01 1.217965893449750869e-01
9.049439566958173975e-01 1.438665598639246590e-01
8.891618000989889303e-01 1.650731300272758328e-01
8.734075464262507360e-01 1.854012993534645826e-01
8.576851617267149397e-01 2.048490954078820980e-01
8.419986040266501659e-01 2.234253299239004065e-01
8.263518223330695855e-01 2.411475302147072231e-01
8.107487556395898132e-01 2.580400491696682730e-01
7.951933319348093443e-01 2.741323549584154806e-01
7.796894672134594417e-01 2.894574995448666588e-01
7.642410644905727191e-01 3.040507632552156836e-01
7.488520128189207758e-01 3.179484709591648417e-01
7.335261863099650226e-01 3.311869739202548679e-01
7.182674431585703845e-01 3.438017900543299810e-01
7.030796246717250231e-01 3.558268942077143504e-01
6.879665543015128781e-01 3.672941491287495808e-01
6.729320366825783939e-01 3.782328670559167993e-01
6.579798566743311206e-01 3.886694912784816602e-01
6.431137784081281117e-01 3.986273866351868200e-01
6.283375443396724824e-01 4.081267276948134515e-01
6.136548743068714895e-01 4.171844732996668470e-01
5.990694645933862805e-01 4.258144162380861353e-01
5.845849869981135649e-01 4.340272970325465551e-01
5.702050879108284676e-01 4.418309711725792455e-01
5.559333873942259308e-01 4.492306195725505602e-01
5.417734782725895926e-01 4.562289925788746148e-01
5.277289252273172915e-01 4.628266784747315787e-01
5.138032638995313484e-01 4.690223881180799470e-01
5.000000000000001110e-01 4.748132480860713378e-01
4.863226084265935834e-01 4.801950954716849296e-01
4.727745323894976259e-01 4.851627682727633339e-01
4.593591825444023335e-01 4.897103861166922090e-01
4.460799361338897429e-01 4.938316168635088488e-01
4.329401361372292589e-01 4.975199254150882155e-01
4.199430904288018462e-01 5.007688018180499467e-01
4.070920709453594855e-01 5.035719664741722390e-01
3.943903128623333920e-01 5.059235509565399580e-01
3.818410137793947223e-01 5.078182535658277708e-01
3.694473329154774888e-01 5.092514693436384077e-01
3.572123903134606371e-01 5.102193947846089817e-01
3.451392660547150104e-01 5.107191079531224753e-01
3.332309994837083789e-01 5.107486251122131948e-01
3.214905884428678196e-01 5.103069353110255557e-01
3.099209885178879631e-01 5.093940146533872948e-01
2.985251122936787294e-01 5.080108221850948569e-01
2.873058286211370715e-01 5.061592794936655704e-01
2.762659618949298013e-01 5.038422362145673628e-01
2.654082913424666845e-01 5.010634236860506130e-01
2.547355503242452190e-01 4.978273989948512890e-01
2.442504256457417311e-01 4.941394816119578093e-01
2.339555568810219865e-01 4.900056847362779799e-01
2.238535357082431787e-01 4.854326433496767290e-01
2.139469052572124941e-01 4.804275408447862827e-01
2.042381594691679014e-01 4.749980359225607907e-01
1.947297424689413692e-01 4.691521912750254986e-01
1.854240479496642724e-01 4.628984053751231675e-01
1.763234185701672008e-01 4.562453484948502114e-01
1.674301453652287108e-01 4.492019038695108102e-01
1.587464671688187945e-01 4.417771147240763807e-01
1.502745700504856119e-01 4.339801376810631384e-01
1.420165867650229341e-01 4.258202028813193873e-01
1.339745962155614034e-01 4.173065809725188813e-01
1.261506229302150617e-01 4.084485569572894326e-01
1.185466365524179277e-01 3.992554107456748325e-01
1.111645513450765232e-01 3.897364041264024248e-01
1.040062257086641351e-01 3.799007737591395539e-01
9.707346171337882801e-02 3.697577296960822268e-01
9.036800464548166989e-02 3.593164588658852021e-01
8.389154256793041053e-02 3.485861328958525518e-01
7.764570589541863743e-02 3.375759196088472525e-01
7.163206698392743377e-02 3.262949975086291143e-01
6.585213973489323358e-02 3.147525725601803548e-01
6.030737921409157209e-02 3.029578965786661193e-01
5.499918128533154427e-02 2.909202865605429733e-01
4.992888225905456334e-02 2.786491443213928165e-01
4.509775855592612626e-02 2.661539758456735738e-01
4.050702638550263135e-02 2.534444098020949832e-01
3.615784144005795842e-02 2.405302147331402629e-01
3.205129860364375194e-02 2.274213144867375525e-01
2.818843167645834757e-02 2.141278015208050167e-01
2.457021311459295365e-02 2.006599477759103689e-01
2.119755378522125699e-02 1.870282128763762763e-01
1.807130273729329328e-02 1.732432494846693483e-01
1.519224698779197968e-02 1.593159056968783960e-01
1.256111132360571148e-02 1.452572244276587321e-01
1.017855811906731578e-02 1.310784397905193910e-01
8.045187169204659483e-03 1.167909705332010190e-01
6.161535538745877005e-03 1.024064106377264721e-01
4.528077426915411152e-03 8.793651724017287341e-02
3.145224048057615462e-03 7.339319606618031899e-02
2.013323528115562588e-03 5.878848461446398166e-02
1.132660816992037134e-03 4.413453335220075824e-02
5.034576168149174080e-04 2.944358521306216295e-02
1.258723261249317105e-04 1.472795371092440117e-02
0.000000000000000000e+00 0.000000000000000000e+00
1.258723261249317105e-04 -1.437034468510126756e-02
5.034576168149174080e-04 -2.871006281851913242e-02
1.132660816992037134e-03 -4.298881889936567030e-02
2.013323528115562588e-03 -5.717697640365682760e-02
3.145224048057615462e-03 -7.124592500519937033e-02
4.528077426915411152e-03 -8.516838177762786621e-02
6.161535538745877005e-03 -9.891865886906267558e-02
8.045187169204659483e-03 -1.124728910962005668e-01
1.017855811906731578e-02 -1.258092180467032251e-01
1.256111132360571148e-02 -1.389079165749260436e-01
1.519224698779197968e-02 -1.517514809892509531e-01
1.807130273729329328e-02 -1.643246497189257416e-01
2.119755378522125699e-02 -1.766143787715897251e-01
2.457021311459295365e-02 -1.886097638054440861e-01
2.818843167645834757e-02 -2.003019140984372837e-01
3.205129860364375194e-02 -2.116837830582460611e-01
3.615784144005795842e-02 -2.227499611411905833e-01
4.050702638550263135e-02 -2.334964380991703947e-01
4.509775855592612626e-02 -2.439203423196477094e-01
4.992888225905456334e-02 -2.540196656387259111e-01
5.499918128533154427e-02 -2.637929823720956413e-01
6.030737921409157209e-02 -2.732391714107348935e-01
6.585213973489323358e-02 -2.823571500630745468e-01
7.163206698392743377e-02 -2.911456278958751143e-01
7.764570589541863743e-02 -2.996028881432483137e-01
8.389154256793041053e-02 -3.077266033355024466e-01
9.036800464548166989e-02 -3.155136906725262702e-01
9.707346171337882801e-02 -3.229602113624647775e-01
1.040062257086641351e-01 -3.300613167035185702e-01
1.111645513450765232e-01 -3.368112421475750740e-01
1.185466365524179277e-01 -3.432033489954866012e-01
1.261506229302150617e-01 -3.492302117838789188e-01
1.339745962155614034e-01 -3.548837478821658120e-01
1.420165867650229341e-01 -3.601553843752544060e-01
1.502745700504856119e-01 -3.650362560096422904e-01
1.587464671688187945e-01 -3.695174268723459554e-01
1.674301453652287108e-01 -3.735901275926720722e-01
1.763234185701672008e-01 -3.772459992396514084e-01
1.854240479496642724e-01 -3.804773347591673960e-01
1.947297424689413692e-01 -3.832773087724755667e-01
2.042381594691679014e-01 -3.856401868510060393e-01
2.139469052572124941e-01 -3.875615059905984650e-01
2.238535357082431787e-01 -3.890382189213474340e-01
2.339555568810219865e-01 -3.900687960867892934e-01
2.442504256457417311e-01 -3.906532805783014539e-01
2.547355503242452190e-01 -3.907932929781918197e-01
2.654082913424666845e-01 -3.904919849004254151e-01
2.762659618949298013e-01 -3.897539419663557103e-01
2.873058286211370715e-01 -3.885850389531210758e-01
2.985251122936787294e-01 -3.869922518389808941e-01
3.099209885178879631e-01 -3.849834333743718529e-01
3.214905884428678196e-01 -3.825670605605386854e-01
3.332309994837083789e-01 -3.797519639509989720e-01
3.451392660547150104e-01 -3.765470499397812754e-01
3.572123903134606371e-01 -3.729610281045998010e-01
3.694473329154774888e-01 -3.690021561805552075e-01
3.818410137793947223e-01 -3.646780153076624176e-01
3.943903128623333920e-01 -3.599953277918810923e-01
4.070920709453594855e-01 -3.549598287257177964e-01
4.199430904288018462e-01 -3.495762014266442508e-01
4.329401361372292589e-01 -3.438480847809072816e-01
4.460799361338897429e-01 -3.377781582544905903e-01
4.593591825444023335e-01 -3.313683075966115110e-01
4.727745323894976259e-01 -3.246198711755871047e-01
4.863226084265935834e-01 -3.175339635300554741e-01
5.000000000000001110e-01 -3.101118691838619656e-01
5.138032638995313484e-01 -3.023554961682002329e-01
5.277289252273172915e-01 -2.942678751401852089e-01
5.417734782725895926e-01 -2.858536866136938692e-01
5.559333873942259308e-01 -2.771197957645574750e-01
5.702050879108284676e-01 -2.680757716814795577e-01
5.845849869981135649e-01 -2.587343659513247629e-01
5.990694645933862805e-01 -2.491119242356895913e-01
6.136548743068714895e-01 -2.392287041521833912e-01
6.283375443396724824e-01 -2.291090734462059297e-01
6.431137784081281117e-01 -2.187815642412543060e-01
6.579798566743311206e-01 -2.082787621844081061e-01
6.729320366825783939e-01 -1.976370136337966266e-01
6.879665543015128781e-01 -1.868959397167735681e-01
7.030796246717250231e-01 -1.760977531431648091e-01
7.182674431585703845e-01 -1.652863820780927362e-01
7.335261863099650226e-01 -1.545064151206020364e-01
7.488520128189207758e-01 -1.438018924191486470e-01
7.642410644905727191e-01 -1.332149800676060702e-01
7.796894672134594417e-01 -1.227845780129164649e-01
7.951933319348093443e-01 -1.125449255776617419e-01
8.107487556395898132e-01 -1.025242831309393504e-01
8.263518223330695855e-01 -9.274378316757679597e-02
8.419986040266501659e-01 -8.321655878524648886e-02
8.576851617267149397e-01 -7.394727195897354832e-02
8.734075464262507360e-01 -6.493217775569028183e-02
8.891618000989889303e-01 -5.615987334100329409e-02
9.049439566958173975e-01 -4.761289192522606684e-02
9.207500431432115162e-01 -3.927031128729342735e-02
9.365760803434354242e-01 -3.111155381383225865e-02
9.524180841762578398e-01 -2.312155971336488092e-02
9.682720665019324269e-01 -1.529751684352394919e-02
9.841340361651920166e-01 -7.657329075660708646e-03
9.999999999999998890e-01 -2.500000000000508001e-04
