9.999999999999998890e-01 2.500000000000893435e-04
9.841340361651920166e-01 1.290963806500004113e-02
9.682720665019324269e-01 2.533367673100130404e-02
9.524180841762578398e-01 3.751562208749137373e-02
9.365760803434354242e-01 4.945219159146750643e-02
9.207500431432115162e-01 6.114242620457975563e-02
9.049439566958173975e-01 7.258695774313222993e-02
8.891618000989889303e-01 8.378741601013102447e-02
8.734075464262507360e-01 9.474596010379408850e-02
8.576851617267149397e-01 1.054649184227140213e-01
8.419986040266501659e-01 1.159465222819178465e-01
8.263518223330695855e-01 1.261927186819948865e-01
8.107487556395898132e-01 1.362050485994518723e-01
7.951933319348093443e-01 1.459845781540962395e-01
7.796894672134594417e-01 1.555318711222009598e-01
7.642410644905727191e-01 1.648469924669044295e-01
7.488520128189207758e-01 1.739295338155381898e-01
7.335261863099650226e-01 1.827786530950907540e-01
7.182674431585703845e-01 1.913931218119346300e-01
7.030796246717250231e-01 1.997713747032378029e-01
6.879665543015128781e-01 2.079115576712163016e-01
6.729320366825783939e-01 2.158115710170770973e-01
6.579798566743311206e-01 2.234691060021510023e-01
6.431137784081281117e-01 2.308816736660190549e-01
6.283375443396724824e-01 2.380466256156834881e-01
6.136548743068714895e-01 2.449611671599097873e-01
5.990694645933862805e-01 2.516223636960878141e-01
5.845849869981135649e-01 2.580271416638690307e-01
5.702050879108284676e-01 2.641722856639703298e-01
5.559333873942259308e-01 2.700544335080943270e-01
5.417734782725895926e-01 2.756700710254645914e-01
5.277289252273172915e-01 2.810155284135248399e-01
5.138032638995313484e-01 2.860869797970243544e-01
5.000000000000001110e-01 2.908804474642851523e-01
4.863226084265935834e-01 2.953918119960298183e-01
4.727745323894976259e-01 2.996168292051697435e-01
4.593591825444023335e-01 3.035511544799365247e-01
4.460799361338897429e-01 3.071903747817810726e-01
4.329401361372292589e-01 3.105300482070475487e-01
4.199430904288018462e-01 3.135657506900299540e-01
4.070920709453594855e-01 3.162931291159074565e-01
3.943903128623333920e-01 3.187079598350584519e-01
3.818410137793947223e-01 3.208062113336019316e-01
3.694473329154774888e-01 3.225841096252165530e-01
3.572123903134606371e-01 3.240382047910654317e-01
3.451392660547150104e-01 3.251654370108975622e-01
3.332309994837083789e-01 3.259632004002407935e-01
3.214905884428678196e-01 3.264294029953972998e-01
3.099209885178879631e-01 3.265625213074919708e-01
2.985251122936787294e-01 3.263616479953538319e-01
2.873058286211370715e-01 3.258265313795095097e-01
2.762659618949298013e-01 3.249576057298689813e-01
2.654082913424666845e-01 3.237560115007308559e-01
2.547355503242452190e-01 3.222236049507834488e-01
2.442504256457417311e-01 3.203629568646785275e-01
2.339555568810219865e-01 3.181773403781049114e-01
2.238535357082431787e-01 3.156707081917869417e-01
2.139469052572124941e-01 3.128476597333889053e-01
2.042381594691679014e-01 3.097133990823263128e-01
1.947297424689413692e-01 3.062736847040362087e-01
1.854240479496642724e-01 3.025347722412425888e-01
1.763234185701672008e-01 2.985033517750274035e-01
1.674301453652287108e-01 2.941864810940631458e-01
1.587464671688187945e-01 2.895915165932794744e-01
1.502745700504856119e-01 2.847260434618896774e-01
1.420165867650229341e-01 2.795978068146415252e-01
1.339745962155614034e-01 2.742146453701956310e-01
1.261506229302150617e-01 2.685844291886101409e-01
1.185466365524179277e-01 2.627150028490951028e-01
1.111645513450765232e-01 2.566141352835255574e-01
1.040062257086641351e-01 2.502894772855911998e-01
9.707346171337882801e-02 2.437485274955442094e-01
9.036800464548166989e-02 2.369986074224833539e-01
8.389154256793041053e-02 2.300468458165636776e-01
7.764570589541863743e-02 2.229001724492611913e-01
7.163206698392743377e-02 2.155653211076574427e-01
6.585213973489323358e-02 2.080488413653469038e-01
6.030737921409157209e-02 2.003571184643549441e-01
5.499918128533154427e-02 1.924964004352710534e-01
4.992888225905456334e-02 1.844728314019213333e-01
4.509775855592612626e-02 1.762924898668018769e-01
4.050702638550263135e-02 1.679614306578192384e-01
3.615784144005795842e-02 1.594857291383409703e-01
3.205129860364375194e-02 1.508715262427904324e-01
2.818843167645834757e-02 1.421250728997223711e-01
2.457021311459295365e-02 1.332527724430429827e-01
2.119755378522125699e-02 1.242612196884010090e-01
1.807130273729329328e-02 1.151572354633466216e-01
1.519224698779197968e-02 1.059478955233440212e-01
1.256111132360571148e-02 9.664055295699511272e-02
1.017855811906731578e-02 8.724285337806707286e-02
8.045187169204659483e-03 7.776274241371729234e-02
6.161535538745877005e-03 6.820846522186603533e-02
4.528077426915411152e-03 5.858855799985115964e-02
3.145224048057615462e-03 4.891183167515896629e-02
2.013323528115562588e-03 3.918734819091271998e-02
1.132660816992037134e-03 2.942439000804104171e-02
5.034576168149174080e-04 1.963242363699066809e-02
1.258723261249317105e-04 9.821058179413484635e-03
0.000000000000000000e+00 0.000000000000000000e+00
1.258723261249317105e-04 -9.577828441169149859e-03
5.034576168149174080e-04 -1.913675904774485986e-02
1.132660816992037134e-03 -2.865803373028874557e-02
2.013323528115562588e-03 -3.812329487070675177e-02
3.145224048057615462e-03 -4.751477343464453190e-02
4.528077426915411152e-03 -5.681546290544769312e-02
6.161535538745877005e-03 -6.600927493367528265e-02
8.045187169204659483e-03 -7.508117310511495945e-02
1.017855811906731578e-02 -8.401728183889338453e-02
1.256111132360571148e-02 -9.280496811838258309e-02
1.519224698779197968e-02 -1.014328945115836045e-01
1.807130273729329328e-02 -1.098910427330365147e-01
2.119755378522125699e-02 -1.181707078134830169e-01
2.457021311459295365e-02 -1.262644637531459835e-01
2.818843167645834757e-02 -1.341661023164388289e-01
3.205129860364375194e-02 -1.418705473576327702e-01
3.615784144005795842e-02 -1.493737477273502923e-01
4.050702638550263135e-02 -1.566725523794914865e-01
4.509775855592612626e-02 -1.637645717606533990e-01
4.992888225905456334e-02 -1.706480299055466443e-01
5.499918128533154427e-02 -1.773216118720976064e-01
6.030737921409157209e-02 -1.837843112222825592e-01
6.585213973489323358e-02 -1.900352821867351272e-01
7.163206698392743377e-02 -1.960737009442821421e-01
7.764570589541863743e-02 -2.018986401074369108e-01
8.389154256793041053e-02 -2.075089600410690294e-01
9.036800464548166989e-02 -2.129032200673277864e-01
9.707346171337882801e-02 -2.180796119421906099e-01
1.040062257086641351e-01 -2.230359172474751794e-01
1.111645513450765232e-01 -2.277694895490205707e-01
1.185466365524179277e-01 -2.322772613510700190e-01
1.261506229302150617e-01 -2.365557750539346027e-01
1.339745962155614034e-01 -2.406012363224959982e-01
1.420165867650229341e-01 -2.444095875224664705e-01
1.502745700504856119e-01 -2.479765982039411065e-01
1.587464671688187945e-01 -2.512979690302841185e-01
1.674301453652287108e-01 -2.543694450848647537e-01
1.763234185701672008e-01 -2.571869341555498290e-01
1.854240479496642724e-01 -2.597466254103313332e-01
1.947297424689413692e-01 -2.620451038459240545e-01
2.042381594691679014e-01 -2.640794560188610696e-01
2.139469052572124941e-01 -2.658473628548355672e-01
2.238535357082431787e-01 -2.673471757710227381e-01
2.339555568810219865e-01 -2.685779729270011407e-01
2.442504256457417311e-01 -2.695395931268746437e-01
2.547355503242452190e-01 -2.702326457078423894e-01
2.654082913424666845e-01 -2.706584956441049905e-01
2.762659618949298013e-01 -2.708192240413714313e-01
2.873058286211370715e-01 -2.707175651651220760e-01
2.985251122936787294e-01 -2.703568221019251316e-01
3.099209885178879631e-01 -2.697407640630327119e-01
3.214905884428678196e-01 -2.688735091686116907e-01
3.332309994837083789e-01 -2.677593972656140409e-01
3.451392660547150104e-01 -2.664028579007987618e-01
3.572123903134606371e-01 -2.648082789642534074e-01
3.694473329154774888e-01 -2.629798817135895472e-01
3.818410137793947223e-01 -2.609216078657334847e-01
3.943903128623333920e-01 -2.586370241889694999e-01
4.070920709453594855e-01 -2.561292495367634148e-01
4.199430904288018462e-01 -2.534009085387131655e-01
4.329401361372292589e-01 -2.504541152128602066e-01
4.460799361338897429e-01 -2.472904886062222141e-01
4.593591825444023335e-01 -2.439112012342352087e-01
4.727745323894976259e-01 -2.403170596109089618e-01
4.863226084265935834e-01 -2.365086145843642296e-01
5.000000000000001110e-01 -2.324862975692588984e-01
5.138032638995313484e-01 -2.282505771576682774e-01
5.277289252273172915e-01 -2.238021290584416567e-01
5.417734782725895926e-01 -2.191420109318157616e-01
5.559333873942259308e-01 -2.142718325242240207e-01
5.702050879108284676e-01 -2.091939106424862416e-01
5.845849869981135649e-01 -2.039113980113007873e-01
5.990694645933862805e-01 -1.984283750053642548e-01
6.136548743068714895e-01 -1.927498937054249184e-01
6.283375443396724824e-01 -1.868819647576238918e-01
6.431137784081281117e-01 -1.808314791705907532e-01
6.579798566743311206e-01 -1.746060595073132549e-01
6.729320366825783939e-01 -1.682138379485593749e-01
6.879665543015128781e-01 -1.616631624368832509e-01
7.030796246717250231e-01 -1.549622365540834490e-01
7.182674431585703845e-01 -1.481187039218833934e-01
7.335261863099650226e-01 -1.411391937081735715e-01
7.488520128189207758e-01 -1.340288502123307135e-01
7.642410644905727191e-01 -1.267908764156210066e-01
7.796894672134594417e-01 -1.194261287188389531e-01
7.951933319348093443e-01 -1.119328077314612480e-01
8.107487556395898132e-01 -1.043062977876561687e-01
8.263518223330695855e-01 -9.653921568932308239e-02
8.419986040266501659e-01 -8.862173684323278178e-02
8.576851617267149397e-01 -8.054227428216929885e-02
8.734075464262507360e-01 -7.228859284067046254e-02
8.891618000989889303e-01 -6.384944678749815417e-02
9.049439566958173975e-01 -5.521683428661504356e-02
9.207500431432115162e-01 -4.638896595150182600e-02
9.365760803434354242e-01 -3.737404726134483518e-02
9.524180841762578398e-01 -2.819497551535667113e-02
9.682720665019324269e-01 -1.889505111714896712e-02
9.841340361651920166e-01 -9.544800123557378724e-03
9.999999999999998890e-01 -2.500000000000645152e-04
