9.999999999999998890e-01 2.500000000000722673e-04
9.841340361651920166e-01 1.040463448726765966e-02
9.682720665019324269e-01 2.018229215469279081e-02
9.524180841762578398e-01 2.954215976564840765e-02
9.365760803434354242e-01 3.844309462123080001e-02
9.207500431432115162e-01 4.684687736351812043e-02
9.049439566958173975e-01 5.472063617476076447e-02
8.891618000989889303e-01 6.203853327728234279e-02
8.734075464262507360e-01 6.878280562641859996e-02
8.576851617267149397e-01 7.494425101692103741e-02
8.419986040266501659e-01 8.052224865311412294e-02
8.263518223330695855e-01 8.552439973892063396e-02
8.107487556395898132e-01 8.996586900895865713e-02
7.951933319348093443e-01 9.386850253491137164e-02
7.796894672134594417e-01 9.725979079256438786e-02
7.642410644905727191e-01 1.001717390527849805e-01
7.488520128189207758e-01 1.026396998477079603e-01
7.335261863099650226e-01 1.047012147369430352e-01
7.182674431585703845e-01 1.063949050225497100e-01
7.030796246717250231e-01 1.077594435877810425e-01
6.879665543015128781e-01 1.088326328003353521e-01
6.729320366825783939e-01 1.096506065469639440e-01
6.579798566743311206e-01 1.102471680562564227e-01
6.431137784081281117e-01 1.106532693056690858e-01
6.283375443396724824e-01 1.108966325643731682e-01
6.136548743068714895e-01 1.110015100438970642e-01
5.990694645933862805e-01 1.109885737445004822e-01
5.845849869981135649e-01 1.108749244101815967e-01
5.702050879108284676e-01 1.106742060364059449e-01
5.559333873942259308e-01 1.103968105943523015e-01
5.417734782725895926e-01 1.100501565125329845e-01
5.277289252273172915e-01 1.096390239481394302e-01
5.138032638995313484e-01 1.091659299334745425e-01
5.000000000000001110e-01 1.086315270363710644e-01
4.863226084265935834e-01 1.080350101604106994e-01
4.727745323894976259e-01 1.073745174596983237e-01
4.593591825444023335e-01 1.066475129802391814e-01
4.460799361338897429e-01 1.058511404914748988e-01
4.329401361372292589e-01 1.049825399643511126e-01
4.199430904288018462e-01 1.040391202163472167e-01
4.070920709453594855e-01 1.030187833133716924e-01
3.943903128623333920e-01 1.019200983329801025e-01
3.818410137793947223e-01 1.007424239991873693e-01
3.694473329154774888e-01 9.948598144974979407e-02
3.572123903134606371e-01 9.815187995365090567e-02
3.451392660547150104e-01 9.674209972943725866e-02
3.332309994837083789e-01 9.525943710230043437e-02
3.214905884428678196e-01 9.370741806612206681e-02
3.099209885178879631e-01 9.209018688102528494e-02
2.985251122936787294e-01 9.041237664002202412e-02
2.873058286211370715e-01 8.867896879002382104e-02
2.762659618949298013e-01 8.689514840916164051e-02
2.654082913424666845e-01 8.506616164604322017e-02
2.547355503242452190e-01 8.319718114394308861e-02
2.442504256457417311e-01 8.129318453435081804e-02
2.339555568810219865e-01 7.935885022281745360e-02
2.238535357082431787e-01 7.739847374027465643e-02
2.139469052572124941e-01 7.541590693014577074e-02
2.042381594691679014e-01 7.341452122040162398e-02
1.947297424689413692e-01 7.139719522364247617e-02
1.854240479496642724e-01 6.936632594850956901e-02
1.763234185701672008e-01 6.732386202046868051e-02
1.674301453652287108e-01 6.527135652388478537e-02
1.587464671688187945e-01 6.321003641079764312e-02
1.502745700504856119e-01 6.114088489089181816e-02
1.420165867650229341e-01 5.906473283302453997e-02
1.339745962155614034e-01 5.698235497766248464e-02
1.261506229302150617e-01 5.489456668314464383e-02
1.185466365524179277e-01 5.280231700359529212e-02
1.111645513450765232e-01 5.070677411488359182e-02
1.040062257086641351e-01 4.860939945553537089e-02
9.707346171337882801e-02 4.651200741664621163e-02
9.036800464548166989e-02 4.441680798029509075e-02
8.389154256793041053e-02 4.232643034900236689e-02
7.764570589541863743e-02 4.024392630695629303e-02
7.163206698392743377e-02 3.817275278356916518e-02
6.585213973489323358e-02 3.611673382759256201e-02
6.030737921409157209e-02 3.408000292205819876e-02
5.499918128533154427e-02 3.206692725427031515e-02
4.992888225905456334e-02 3.008201618015420367e-02
4.509775855592612626e-02 2.812981666984735313e-02
4.050702638550263135e-02 2.621479897557515981e-02
3.615784144005795842e-02 2.434123611073621060e-02
3.205129860364375194e-02 2.251308096125955241e-02
2.818843167645834757e-02 2.073384496083166897e-02
2.457021311459295365e-02 1.900648224834431896e-02
2.119755378522125699e-02 1.733328309042597021e-02
1.807130273729329328e-02 1.571578009931264355e-02
1.519224698779197968e-02 1.415467041512464240e-02
1.256111132360571148e-02 1.264975656347929259e-02
1.017855811906731578e-02 1.119990815866921292e-02
8.045187169204659483e-03 9.803046016042133923e-03
6.161535538745877005e-03 8.456149583206002199e-03
4.528077426915411152e-03 7.155287917967934931e-03
3.145224048057615462e-03 5.895673751903731698e-03
2.013323528115562588e-03 4.671739502623214156e-03
1.132660816992037134e-03 3.477233455150708936e-03
5.034576168149174080e-04 2.305333742304274593e-03
1.258723261249317105e-04 1.148777232871343651e-03
0.000000000000000000e+00 0.000000000000000000e+00
1.258723261249317105e-04 -7.911681151051339457e-04
5.034576168149174080e-04 -1.571811167308342092e-03
1.132660816992037134e-03 -2.331518740092965516e-03
2.013323528115562588e-03 -3.060230957622239040e-03
3.145224048057615462e-03 -3.748402297253462800e-03
4.528077426915411152e-03 -4.387152017009420847e-03
6.161535538745877005e-03 -4.968397347806354294e-03
8.045187169204659483e-03 -5.484966101486779891e-03
1.017855811906731578e-02 -5.930685944412544472e-03
1.256111132360571148e-02 -6.300448265114675164e-03
1.519224698779197968e-02 -6.590245303464764386e-03
1.807130273729329328e-02 -6.797179986390294512e-03
2.119755378522125699e-02 -6.919448708451685255e-03
2.457021311459295365e-02 -6.956298081197100774e-03
2.818843167645834757e-02 -6.907957429773949228e-03
3.205129860364375194e-02 -6.775549516221239001e-03
3.615784144005795842e-02 -6.560982595025689236e-03
4.050702638550263135e-02 -6.266827438761900931e-03
4.509775855592612626e-02 -5.896183393420530681e-03
4.992888225905456334e-02 -5.452537820936958525e-03
5.499918128533154427e-02 -4.939623450576126514e-03
6.030737921409157209e-02 -4.361278185184078691e-03
6.585213973489323358e-02 -3.721311790951148911e-03
7.163206698392743377e-02 -3.023383642528686653e-03
7.764570589541863743e-02 -2.270895305590961595e-03
8.389154256793041053e-02 -1.466901226829411646e-03
9.036800464548166989e-02 -6.140401813599339568e-04
9.707346171337882801e-02 2.855105824137802849e-04
1.040062257086641351e-01 1.230057339269375943e-03
1.111645513450765232e-01 2.218387687928022323e-03
1.185466365524179277e-01 3.249744663143175512e-03
1.261506229302150617e-01 4.323778503497069034e-03
1.339745962155614034e-01 5.440478222846885370e-03
1.420165867650229341e-01 6.600085876424564325e-03
1.502745700504856119e-01 7.802997069586292342e-03
1.587464671688187945e-01 9.049651804491879933e-03
1.674301453652287108e-01 1.034042017661773033e-02
1.763234185701672008e-01 1.167548770140688225e-02
1.854240479496642724e-01 1.305474515800216818e-02
1.947297424689413692e-01 1.447768777291998273e-02
2.042381594691679014e-01 1.594332832773717387e-02
2.139469052572124941e-01 1.745012836271741738e-02
2.238535357082431787e-01 1.899595106962160759e-02
2.339555568810219865e-01 2.057803873405873382e-02
2.442504256457417311e-01 2.219301671835552728e-02
2.547355503242452190e-01 2.383692499287048266e-02
2.654082913424666845e-01 2.550527715443619628e-02
2.762659618949298013e-01 2.719314574675019136e-02
2.873058286211370715e-01 2.889527155397487307e-02
2.985251122936787294e-01 3.060619341298345328e-02
3.099209885178879631e-01 3.232039402057879096e-02
3.214905884428678196e-01 3.403245623907855122e-02
3.332309994837083789e-01 3.573722356573542230e-02
3.451392660547150104e-01 3.742995776557222348e-02
3.572123903134606371e-01 3.910648620740517917e-02
3.694473329154774888e-01 4.076333121899593237e-02
3.818410137793947223e-01 4.239781381402458332e-02
3.943903128623333920e-01 4.400812445919746047e-02
4.070920709453594855e-01 4.559335415528881913e-02
4.199430904288018462e-01 4.715348000417568519e-02
4.329401361372292589e-01 4.868930061910264895e-02
4.460799361338897429e-01 5.020231819243968496e-02
4.593591825444023335e-01 5.169456573949503947e-02
4.727745323894976259e-01 5.316837995441844877e-02
4.863226084265935834e-01 5.462612220142421676e-02
5.000000000000001110e-01 5.606985236913408777e-02
5.138032638995313484e-01 5.750096257721905302e-02
5.277289252273172915e-01 5.891977997487225088e-02
5.417734782725895926e-01 6.032515003602878512e-02
5.559333873942259308e-01 6.171401375803588218e-02
5.702050879108284676e-01 6.308099392694922758e-02
5.845849869981135649e-01 6.441800704079307660e-02
5.990694645933862805e-01 6.571391849964010323e-02
6.136548743068714895e-01 6.695425919864708697e-02
6.283375443396724824e-01 6.812102162252023363e-02
6.431137784081281117e-01 6.919255286965922402e-02
6.579798566743311206e-01 7.014356067307932208e-02
6.729320366825783939e-01 7.094524638618210366e-02
6.879665543015128781e-01 7.156557603099203413e-02
7.030796246717250231e-01 7.196969684636041198e-02
7.182674431585703845e-01 7.212050232258541971e-02
7.335261863099650226e-01 7.197934348402669491e-02
7.488520128189207758e-01 7.150687821925501286e-02
7.642410644905727191e-01 7.066404381603844098e-02
7.796894672134594417e-01 6.941313061375367632e-02
7.951933319348093443e-01 6.771892693713445210e-02
8.107487556395898132e-01 6.554989734151929481e-02
8.263518223330695855e-01 6.287934781940004991e-02
8.419986040266501659e-01 5.968652314781554974e-02
8.576851617267149397e-01 5.595757316924665492e-02
8.734075464262507360e-01 5.168631668276071900e-02
8.891618000989889303e-01 4.687472397660680939e-02
9.049439566958173975e-01 4.153303206639299278e-02
9.207500431432115162e-01 3.567940062790384004e-02
9.365760803434354242e-01 2.933901164573548756e-02
9.524180841762578398e-01 2.254251215118619964e-02
9.682720665019324269e-01 1.532369730173277489e-02
9.841340361651920166e-01 7.716330655700957483e-03
9.999999999999998890e-01 -2.499999999999430304e-04
