9.999999999999998890e-01 2.500000000000328565e-04
9.841340361651920166e-01 4.943784629785086607e-03
9.682720665019324269e-01 9.608441001208440149e-03
9.524180841762578398e-01 1.422030861734963243e-02
9.365760803434354242e-01 1.876022219879472722e-02
9.207500431432115162e-01 2.321338314713343801e-02
9.049439566958173975e-01 2.756907197555102940e-02
8.891618000989889303e-01 3.182024111236690656e-02
8.734075464262507360e-01 3.596302467419635468e-02
8.576851617267149397e-01 3.999619852450461699e-02
8.419986040266501659e-01 4.392062028744433272e-02
8.263518223330695855e-01 4.773867508245972086e-02
8.107487556395898132e-01 5.145374868629370990e-02
7.951933319348093443e-01 5.506974571561824849e-02
7.796894672134594417e-01 5.859066634945837848e-02
7.642410644905727191e-01 6.202025116239208435e-02
7.488520128189207758e-01 6.536169989493517685e-02
7.335261863099650226e-01 6.861746651453037860e-02
7.182674431585703845e-01 7.178912977650507565e-02
7.030796246717250231e-01 7.487733572542928928e-02
6.879665543015128781e-01 7.788180621818573124e-02
6.729320366825783939e-01 8.080140562390243641e-02
6.579798566743311206e-01 8.363425637444588112e-02
6.431137784081281117e-01 8.637789300319660690e-02
6.283375443396724824e-01 8.902944370970129750e-02
6.136548743068714895e-01 9.158582830428310673e-02
5.990694645933862805e-01 9.404396159192339455e-02
5.845849869981135649e-01 9.640095181325596119e-02
5.702050879108284676e-01 9.865428463054302932e-02
5.559333873942259308e-01 1.008019842811473249e-01
5.417734782725895926e-01 1.028427448696504903e-01
5.277289252273172915e-01 1.047760262793713260e-01
5.138032638995313484e-01 1.066021108005425072e-01
5.000000000000001110e-01 1.083221182420102541e-01
4.863226084265935834e-01 1.099379789637484617e-01
4.727745323894976259e-01 1.114523658891220792e-01
4.593591825444023335e-01 1.128685880828459720e-01
4.460799361338897429e-01 1.141904498717676020e-01
4.329401361372292589e-01 1.154220807052472597e-01
4.199430904288018462e-01 1.165677419703827072e-01
4.070920709453594855e-01 1.176316177715872185e-01
3.943903128623333920e-01 1.186175972379041321e-01
3.818410137793947223e-01 1.195290562257773914e-01
3.694473329154774888e-01 1.203686463376271165e-01
3.572123903134606371e-01 1.211380989821402160e-01
3.451392660547150104e-01 1.218380517717547601e-01
3.332309994837083789e-01 1.224679039034790445e-01
3.214905884428678196e-01 1.230257063233584081e-01
3.099209885178879631e-01 1.235080914596946022e-01
2.985251122936787294e-01 1.239102461564825369e-01
2.873058286211370715e-01 1.242259301803950444e-01
2.762659618949298013e-01 1.244475413480257975e-01
2.654082913424666845e-01 1.245662269621335833e-01
2.547355503242452190e-01 1.245720398936217277e-01
2.442504256457417311e-01 1.244541363365136155e-01
2.339555568810219865e-01 1.242010110311640991e-01
2.238535357082431787e-01 1.238007646288457886e-01
2.139469052572124941e-01 1.232413968878992572e-01
2.042381594691679014e-01 1.225111185731725949e-01
1.947297424689413692e-01 1.215986742974023010e-01
1.854240479496642724e-01 1.204936681114838065e-01
1.763234185701672008e-01 1.191868834310315234e-01
1.674301453652287108e-01 1.176705888845920450e-01
1.587464671688187945e-01 1.159388218842335450e-01
1.502745700504856119e-01 1.139876421464708217e-01
1.420165867650229341e-01 1.118153480198474659e-01
1.339745962155614034e-01 1.094226492893464325e-01
1.261506229302150617e-01 1.068127911070011204e-01
1.185466365524179277e-01 1.039916248185491221e-01
1.111645513450765232e-01 1.009676226902743862e-01
1.040062257086641351e-01 9.775183485821893614e-02
9.707346171337882801e-02 9.435778819168379183e-02
9.036800464548166989e-02 9.080132815119298928e-02
8.389154256793041053e-02 8.710040609431932146e-02
7.764570589541863743e-02 8.327481580785127402e-02
7.163206698392743377e-02 7.934588428982132513e-02
6.585213973489323358e-02 7.533612293997067610e-02
6.030737921409157209e-02 7.126884631500819689e-02
5.499918128533154427e-02 6.716776644151734033e-02
4.992888225905456334e-02 6.305657133439311612e-02
4.509775855592612626e-02 5.895849682634843325e-02
4.050702638550263135e-02 5.489590106304838291e-02
3.615784144005795842e-02 5.088985105244548529e-02
3.205129860364375194e-02 4.695973047451824922e-02
2.818843167645834757e-02 4.312287756255243215e-02
2.457021311459295365e-02 3.939426126794288996e-02
2.119755378522125699e-02 3.578620313058113872e-02
1.807130273729329328e-02 3.230815131396554823e-02
1.519224698779197968e-02 2.896651214996872822e-02
1.256111132360571148e-02 2.576454329793653047e-02
1.017855811906731578e-02 2.270231128459393108e-02
8.045187169204659483e-03 1.977671478546575226e-02
6.161535538745877005e-03 1.698157356710829416e-02
4.528077426915411152e-03 1.430778156512636616e-02
3.145224048057615462e-03 1.174352115854778930e-02
2.013323528115562588e-03 9.274534348756836855e-03
1.132660816992037134e-03 6.884445291599193897e-03
5.034576168149174080e-04 4.555127493064047885e-03
1.258723261249317105e-04 2.267107987985564864e-03
0.000000000000000000e+00 0.000000000000000000e+00
1.258723261249317105e-04 -1.289405928484086469e-03
5.034576168149174080e-04 -2.552761521670796584e-03
1.132660816992037134e-03 -3.764461482102915077e-03
2.013323528115562588e-03 -4.899905548888414293e-03
3.145224048057615462e-03 -5.935973955077791797e-03
4.528077426915411152e-03 -6.851471094942994042e-03
6.161535538745877005e-03 -7.627527941261421501e-03
8.045187169204659483e-03 -8.247954692843294938e-03
1.017855811906731578e-02 -8.699536265808865271e-03
1.256111132360571148e-02 -8.972264542038007121e-03
1.519224698779197968e-02 -9.059502724393661902e-03
1.807130273729329328e-02 -8.958078687188309255e-03
2.119755378522125699e-02 -8.668305815950676230e-03
2.457021311459295365e-02 -8.193931465323101015e-03
2.818843167645834757e-02 -7.542014789673110418e-03
3.205129860364375194e-02 -6.722737279748982123e-03
3.615784144005795842e-02 -5.749150833578944332e-03
4.050702638550263135e-02 -4.636869565926918235e-03
4.509775855592612626e-02 -3.403712785908054924e-03
4.992888225905456334e-02 -2.069307618349230590e-03
5.499918128533154427e-02 -6.546605869250676259e-04
6.030737921409157209e-02 8.182919033717235254e-04
6.585213973489323358e-02 2.327143864327346941e-03
7.163206698392743377e-02 3.849480345920913617e-03
7.764570589541863743e-02 5.363328034575898240e-03
8.389154256793041053e-02 6.847585837028487971e-03
9.036800464548166989e-02 8.282426049025347001e-03
9.707346171337882801e-02 9.649657518667573153e-03
1.040062257086641351e-01 1.093304322464377920e-02
1.111645513450765232e-01 1.211856587462396308e-02
1.185466365524179277e-01 1.319463645921559874e-02
1.261506229302150617e-01 1.415224213902671960e-02
1.339745962155614034e-01 1.498503136065544757e-02
1.420165867650229341e-01 1.568933565401848737e-02
1.502745700504856119e-01 1.626412911950821799e-02
1.587464671688187945e-01 1.671092813013276557e-02
1.674301453652287108e-01 1.703363521303711409e-02
1.763234185701672008e-01 1.723833240045803683e-02
1.854240479496642724e-01 1.733303051881621148e-02
1.947297424689413692e-01 1.732738188648532546e-02
2.042381594691679014e-01 1.723236469037697782e-02
2.139469052572124941e-01 1.705994788848053806e-02
2.238535357082431787e-01 1.682274582516541175e-02
2.339555568810219865e-01 1.653367183971745855e-02
2.442504256457417311e-01 1.620559999391462530e-02
2.547355503242452190e-01 1.585104364561256210e-02
2.654082913424666845e-01 1.548185896292834235e-02
2.762659618949298013e-01 1.510898062458196703e-02
2.873058286211370715e-01 1.474219590910996747e-02
2.985251122936787294e-01 1.438996216727058894e-02
3.099209885178879631e-01 1.405927133106434426e-02
3.214905884428678196e-01 1.375556367645209936e-02
3.332309994837083789e-01 1.348269156522884787e-02
3.451392660547150104e-01 1.324293238686756642e-02
3.572123903134606371e-01 1.303704844678415208e-02
3.694473329154774888e-01 1.286439014658077688e-02
3.818410137793947223e-01 1.272303751633038597e-02
3.943903128623333920e-01 1.260997402837355993e-02
4.070920709453594855e-01 1.252128568234981733e-02
4.199430904288018462e-01 1.245237763357886357e-02
4.329401361372292589e-01 1.239820016709851196e-02
4.460799361338897429e-01 1.235347561677762121e-02
4.593591825444023335e-01 1.231291790478663759e-02
4.727745323894976259e-01 1.227143673526281953e-02
4.863226084265935834e-01 1.222431911287040832e-02
5.000000000000001110e-01 1.216738175919196419e-02
5.138032638995313484e-01 1.209708914597378351e-02
5.277289252273172915e-01 1.201063322426251627e-02
5.417734782725895926e-01 1.190597246448337788e-02
5.559333873942259308e-01 1.178182948920772355e-02
5.702050879108284676e-01 1.163764832585874494e-02
5.845849869981135649e-01 1.147351407349281489e-02
5.990694645933862805e-01 1.129003950432365400e-02
6.136548743068714895e-01 1.108822474212793445e-02
6.283375443396724824e-01 1.086929760994480472e-02
6.431137784081281117e-01 1.063454345260656832e-02
6.579798566743311206e-01 1.038513415155671235e-02
6.729320366825783939e-01 1.012196659971661104e-02
6.879665543015128781e-01 9.845521037855528915e-03
7.030796246717250231e-01 9.555749323145399862e-03
7.182674431585703845e-01 9.252002366293492555e-03
7.335261863099650226e-01 8.933004607152851898e-03
7.488520128189207758e-01 8.596881483090519638e-03
7.642410644905727191e-01 8.241243375709996627e-03
7.796894672134594417e-01 7.863326509828382979e-03
7.951933319348093443e-01 7.460187748685709851e-03
8.107487556395898132e-01 7.028946221200581615e-03
8.263518223330695855e-01 6.567060286034620900e-03
8.419986040266501659e-01 6.072623553843814644e-03
8.576851617267149397e-01 5.544658638645083050e-03
8.734075464262507360e-01 4.983382090851137987e-03
8.891618000989889303e-01 4.390408690065146675e-03
9.049439566958173975e-01 3.768858068201630038e-03
9.207500431432115162e-01 3.123321625291388629e-03
9.365760803434354242e-01 2.459643031038474814e-03
9.524180841762578398e-01 1.784461419252215183e-03
9.682720665019324269e-01 1.104462826283679347e-03
9.841340361651920166e-01 4.252826445061552306e-04
9.999999999999998890e-01 -2.499999999999952889e-04
