9.999999999999998890e-01 2.500000000000674968e-04
9.841340361651920166e-01 9.368177663248182171e-03
9.682720665019324269e-01 1.754566428932196123e-02
9.524180841762578398e-01 2.495417711968889174e-02
9.365760803434354242e-01 3.173852280692162492e-02
9.207500431432115162e-01 3.801951151410464663e-02
9.049439566958173975e-01 4.389672279522222054e-02
8.891618000989889303e-01 4.945111020506435390e-02
8.734075464262507360e-01 5.474743462632594704e-02
8.576851617267149397e-01 5.983651922664287581e-02
8.419986040266501659e-01 6.475732173984999340e-02
8.263518223330695855e-01 6.953882237775579900e-02
8.107487556395898132e-01 7.420172809884156839e-02
7.951933319348093443e-01 7.875999616994656949e-02
7.796894672134594417e-01 8.322218194150354798e-02
7.642410644905727191e-01 8.759261750545384306e-02
7.488520128189207758e-01 9.187242941067516599e-02
7.335261863099650226e-01 9.606040487046824117e-02
7.182674431585703845e-01 1.001537169108782654e-01
7.030796246717250231e-01 1.041485196813536768e-01
6.879665543015128781e-01 1.080404256876687646e-01
6.729320366825783939e-01 1.118248770213402937e-01
6.579798566743311206e-01 1.154974227627802580e-01
6.431137784081281117e-01 1.190539146423312267e-01
6.283375443396724824e-01 1.224906327712846771e-01
6.136548743068714895e-01 1.258043528227625885e-01
5.990694645933862805e-01 1.289923654699855482e-01
5.845849869981135649e-01 1.320524581978360368e-01
5.702050879108284676e-01 1.349828688141462008e-01
5.559333873942259308e-01 1.377822191212908221e-01
5.417734782725895926e-01 1.404494362877373725e-01
5.277289252273172915e-01 1.429836685038974320e-01
5.138032638995313484e-01 1.453842005367899370e-01
5.000000000000001110e-01 1.476503738323530490e-01
4.863226084265935834e-01 1.497815148700204768e-01
4.727745323894976259e-01 1.517768745670821651e-01
4.593591825444023335e-01 1.536355806742694674e-01
4.460799361338897429e-01 1.553566043108851880e-01
4.329401361372292589e-01 1.569387410675779915e-01
4.199430904288018462e-01 1.583806064653681400e-01
4.070920709453594855e-01 1.596806450065069993e-01
3.943903128623333920e-01 1.608371515898378845e-01
3.818410137793947223e-01 1.618483036921371243e-01
3.694473329154774888e-01 1.627122024371189524e-01
3.572123903134606371e-01 1.634269204832284883e-01
3.451392660547150104e-01 1.639905545562003464e-01
3.332309994837083789e-01 1.644012804272841632e-01
3.214905884428678196e-01 1.646574081863884931e-01
3.099209885178879631e-01 1.647574357734212513e-01
2.985251122936787294e-01 1.647000989021677464e-01
2.873058286211370715e-01 1.644844157298480936e-01
2.762659618949298013e-01 1.641097248823107924e-01
2.654082913424666845e-01 1.635757157297038356e-01
2.547355503242452190e-01 1.628824501105046452e-01
2.442504256457417311e-01 1.620303750132850995e-01
2.339555568810219865e-01 1.610203260362555455e-01
2.238535357082431787e-01 1.598535217457931756e-01
2.139469052572124941e-01 1.585315493388942398e-01
2.042381594691679014e-01 1.570563422737525638e-01
1.947297424689413692e-01 1.554301507614415934e-01
1.854240479496642724e-01 1.536555062050211085e-01
1.763234185701672008e-01 1.517351808265092472e-01
1.674301453652287108e-01 1.496721438344645883e-01
1.587464671688187945e-01 1.474695155539770819e-01
1.502745700504856119e-01 1.451305209664427998e-01
1.420165867650229341e-01 1.426584440894597960e-01
1.339745962155614034e-01 1.400565845694776435e-01
1.261506229302150617e-01 1.373282177643652957e-01
1.185466365524179277e-01 1.344765594636015971e-01
1.111645513450765232e-01 1.315047362348598925e-01
1.040062257086641351e-01 1.284157622024651446e-01
9.707346171337882801e-02 1.252125228611532526e-01
9.036800464548166989e-02 1.218977663136389666e-01
8.389154256793041053e-02 1.184741020987881838e-01
7.764570589541863743e-02 1.149440075547539380e-01
7.163206698392743377e-02 1.113098414442243445e-01
6.585213973489323358e-02 1.075738643626076158e-01
6.030737921409157209e-02 1.037382652598019817e-01
5.499918128533154427e-02 9.980519323690349720e-02
4.992888225905456334e-02 9.577679363489874365e-02
4.509775855592612626e-02 9.165524731646784717e-02
4.050702638550263135e-02 8.744281195708991650e-02
3.615784144005795842e-02 8.314186410949764294e-02
3.205129860364375194e-02 7.875494078707286072e-02
2.818843167645834757e-02 7.428477932709237619e-02
2.457021311459295365e-02 6.973435434301340774e-02
2.119755378522125699e-02 6.510691065463117266e-02
1.807130273729329328e-02 6.040599119355476859e-02
1.519224698779197968e-02 5.563545901596192444e-02
1.256111132360571148e-02 5.079951271129930224e-02
1.017855811906731578e-02 4.590269467028351008e-02
8.045187169204659483e-03 4.094989186359290073e-02
6.161535538745877005e-03 3.594632897910778752e-02
4.528077426915411152e-03 3.089755396534484347e-02
3.145224048057615462e-03 2.580941622672759325e-02
2.013323528115562588e-03 2.068803790743230231e-02
1.132660816992037134e-03 1.553977887992929498e-02
5.034576168149174080e-04 1.037119621743114346e-02
1.258723261249317105e-04 5.188999072152624716e-03
0.000000000000000000e+00 0.000000000000000000e+00
1.258723261249317105e-04 -5.157103153497950149e-03
5.034576168149174080e-04 -1.030581867046091553e-02
1.132660816992037134e-03 -1.543777804273000279e-02
2.013323528115562588e-03 -2.054477480198881739e-02
3.145224048057615462e-03 -2.561884034608440802e-02
4.528077426915411152e-03 -3.065231369316980675e-02
6.161535538745877005e-03 -3.563790341698801212e-02
8.045187169204659483e-03 -4.056874024387936706e-02
1.017855811906731578e-02 -4.543841906337916375e-02
1.256111132360571148e-02 -5.024102941160772662e-02
1.519224698779197968e-02 -5.497117382099217520e-02
1.807130273729329328e-02 -5.962397378129803693e-02
2.119755378522125699e-02 -6.419506341513134262e-02
2.457021311459295365e-02 -6.868057132532365272e-02
2.818843167645834757e-02 -7.307709141141323361e-02
3.205129860364375194e-02 -7.738164376760887919e-02
3.615784144005795842e-02 -8.159162705570922880e-02
4.050702638550263135e-02 -8.570476398494862591e-02
4.509775855592612626e-02 -8.971904171939507067e-02
4.992888225905456334e-02 -9.363264916652196124e-02
5.499918128533154427e-02 -9.744391317375344919e-02
6.030737921409157209e-02 -1.011512356707529731e-01
6.585213973489323358e-02 -1.047530337434753184e-01
7.163206698392743377e-02 -1.082476845129104193e-01
7.764570589541863743e-02 -1.116334765203019636e-01
8.389154256793041053e-02 -1.149085690964960493e-01
9.036800464548166989e-02 -1.180709609227378054e-01
9.707346171337882801e-02 -1.211184686819550133e-01
1.040062257086641351e-01 -1.240487163628858358e-01
1.111645513450765232e-01 -1.268591354248629066e-01
1.185466365524179277e-01 -1.295469756699041408e-01
1.261506229302150617e-01 -1.321093263125787676e-01
1.339745962155614034e-01 -1.345431463985320153e-01
1.420165867650229341e-01 -1.368453034108333688e-01
1.502745700504856119e-01 -1.390126186300165434e-01
1.587464671688187945e-01 -1.410419175883115828e-01
1.674301453652287108e-01 -1.429300837892543419e-01
1.763234185701672008e-01 -1.446741137570426439e-01
1.854240479496642724e-01 -1.462711714402160634e-01
1.947297424689413692e-01 -1.477186400238575115e-01
2.042381594691679014e-01 -1.490141693036727277e-01
2.139469052572124941e-01 -1.501557169417641335e-01
2.238535357082431787e-01 -1.511415821530758541e-01
2.339555568810219865e-01 -1.519704306564620966e-01
2.442504256457417311e-01 -1.526413100560416736e-01
2.547355503242452190e-01 -1.531536551859388751e-01
2.654082913424666845e-01 -1.535072833419665328e-01
2.762659618949298013e-01 -1.537023797232619782e-01
2.873058286211370715e-01 -1.537394738003724781e-01
2.985251122936787294e-01 -1.536194076983950496e-01
3.099209885178879631e-01 -1.533432980191058448e-01
3.214905884428678196e-01 -1.529124928097369551e-01
3.332309994837083789e-01 -1.523285256044558666e-01
3.451392660547150104e-01 -1.515930686055937116e-01
3.572123903134606371e-01 -1.507078871253859087e-01
3.694473329154774888e-01 -1.496747973682474031e-01
3.818410137793947223e-01 -1.484956294943939048e-01
3.943903128623333920e-01 -1.471721976675068322e-01
4.070920709453594855e-01 -1.457062784555923640e-01
4.199430904288018462e-01 -1.440995985328363260e-01
4.329401361372292589e-01 -1.423538321330477807e-01
4.460799361338897429e-01 -1.404706081485033176e-01
4.593591825444023335e-01 -1.384515261722145119e-01
4.727745323894976259e-01 -1.362981801714741870e-01
4.863226084265935834e-01 -1.340121878843730796e-01
5.000000000000001110e-01 -1.315952234804762255e-01
5.138032638995313484e-01 -1.290490505563787471e-01
5.277289252273172915e-01 -1.263755521827814310e-01
5.417734782725895926e-01 -1.235767545195994993e-01
5.559333873942259308e-01 -1.206548405072428443e-01
5.702050879108284676e-01 -1.176121503626737785e-01
5.845849869981135649e-01 -1.144511660934170866e-01
5.990694645933862805e-01 -1.111744780237094027e-01
6.136548743068714895e-01 -1.077847324326775269e-01
6.283375443396724824e-01 -1.042845608578548133e-01
6.431137784081281117e-01 -1.006764934351362106e-01
6.579798566743311206e-01 -9.696286083765823238e-02
6.729320366825783939e-01 -9.314569194183867917e-02
6.879665543015128781e-01 -8.922661728036325457e-02
7.030796246717250231e-01 -8.520679162058418521e-02
7.182674431585703845e-01 -8.108685260321918387e-02
7.335261863099650226e-01 -7.686693624986529194e-02
7.488520128189207758e-01 -7.254677424678381004e-02
7.642410644905727191e-01 -6.812590217339425935e-02
7.796894672134594417e-01 -6.360401219252916072e-02
7.951933319348093443e-01 -5.898148807069762689e-02
8.107487556395898132e-01 -5.426016465540839384e-02
8.263518223330695855e-01 -4.944435799914129182e-02
8.419986040266501659e-01 -4.454221607429355301e-02
8.576851617267149397e-01 -3.956744335269849616e-02
8.734075464262507360e-01 -3.454145530504058176e-02
8.891618000989889303e-01 -2.949602098518326609e-02
9.049439566958173975e-01 -2.447645317730928402e-02
9.207500431432115162e-01 -1.954540597715707581e-02
9.365760803434354242e-01 -1.478733903435642920e-02
9.524180841762578398e-01 -1.031370588987446345e-02
9.682720665019324269e-01 -6.268920799554567394e-03
9.841340361651920166e-01 -2.837154052733236332e-03
9.999999999999998890e-01 -2.500000000000144793e-04
