9.999999999999998890e-01 2.500000000000722131e-04
9.841340361651920166e-01 1.045528507499279142e-02
9.682720665019324269e-01 2.025784015595488707e-02
9.524180841762578398e-01 2.946502652197643263e-02
9.365760803434354242e-01 3.795677977122489249e-02
9.207500431432115162e-01 4.567100955700170717e-02
9.049439566958173975e-01 5.259081167666897899e-02
8.891618000989889303e-01 5.873339872506552761e-02
8.734075464262507360e-01 6.414064328704052742e-02
8.576851617267149397e-01 6.887111827003727926e-02
8.419986040266501659e-01 7.299351233636953984e-02
8.263518223330695855e-01 7.658129432368214473e-02
8.107487556395898132e-01 7.970849885231370835e-02
7.951933319348093443e-01 8.244650579967002790e-02
7.796894672134594417e-01 8.486168874761369774e-02
7.642410644905727191e-01 8.701381164115537525e-02
7.488520128189207758e-01 8.895505849061484394e-02
7.335261863099650226e-01 9.072958775808555310e-02
7.182674431585703845e-01 9.237351084792820577e-02
7.030796246717250231e-01 9.391520263183725237e-02
6.879665543015128781e-01 9.537586095329673996e-02
6.729320366825783939e-01 9.677024135851512721e-02
6.579798566743311206e-01 9.810750269144032087e-02
6.431137784081281117e-01 9.939210848740050175e-02
6.283375443396724824e-01 1.006247381411714548e-01
6.136548743068714895e-01 1.018031704696651385e-01
5.990694645933862805e-01 1.029231104175466205e-01
5.845849869981135649e-01 1.039789371685500147e-01
5.702050879108284676e-01 1.049643587506803866e-01
5.559333873942259308e-01 1.058729643059036635e-01
5.417734782725895926e-01 1.066986705009456970e-01
5.277289252273172915e-01 1.074360630714140535e-01
5.138032638995313484e-01 1.080806382204561877e-01
5.000000000000001110e-01 1.086289515555513285e-01
4.863226084265935834e-01 1.090786844770233049e-01
4.727745323894976259e-01 1.094286394758662018e-01
4.593591825444023335e-01 1.096786767129869916e-01
4.460799361338897429e-01 1.098296046013817473e-01
4.329401361372292589e-01 1.098830369672417068e-01
4.199430904288018462e-01 1.098412287993483921e-01
4.070920709453594855e-01 1.097069016838592564e-01
3.943903128623333920e-01 1.094830688389743928e-01
3.818410137793947223e-01 1.091728682843588483e-01
3.694473329154774888e-01 1.087794111734625702e-01
3.572123903134606371e-01 1.083056507481254954e-01
3.451392660547150104e-01 1.077542758032860315e-01
3.332309994837083789e-01 1.071276310276532279e-01
3.214905884428678196e-01 1.064276651588530742e-01
3.099209885178879631e-01 1.056559065959692678e-01
2.985251122936787294e-01 1.048134649776679556e-01
2.873058286211370715e-01 1.039010562812916622e-01
2.762659618949298013e-01 1.029190482406595192e-01
2.654082913424666845e-01 1.018675223236197164e-01
2.547355503242452190e-01 1.007463481535493394e-01
2.442504256457417311e-01 9.955526609464880605e-02
2.339555568810219865e-01 9.829397373624979006e-02
2.238535357082431787e-01 9.696221218905878847e-02
2.139469052572124941e-01 9.555984842525162837e-02
2.042381594691679014e-01 9.408695033081902748e-02
1.947297424689413692e-01 9.254385166696246778e-02
1.854240479496642724e-01 9.093120473119827019e-02
1.763234185701672008e-01 8.925001914169204686e-02
1.674301453652287108e-01 8.750168581457853922e-02
1.587464671688187945e-01 8.568798583952449976e-02
1.502745700504856119e-01 8.381108456165110854e-02
1.420165867650229341e-01 8.187351172892573525e-02
1.339745962155614034e-01 7.987812904717044027e-02
1.261506229302150617e-01 7.782808688722994694e-02
1.185466365524179277e-01 7.572677220149663657e-02
1.111645513450765232e-01 7.357774992445773043e-02
1.040062257086641351e-01 7.138470025234469607e-02
9.707346171337882801e-02 6.915135422190368808e-02
9.036800464548166989e-02 6.688142994250732831e-02
8.389154256793041053e-02 6.457857168688808935e-02
7.764570589541863743e-02 6.224629382370543140e-02
7.163206698392743377e-02 5.988793129196529758e-02
6.585213973489323358e-02 5.750659798646446524e-02
6.030737921409157209e-02 5.510515405937201072e-02
5.499918128533154427e-02 5.268618276065847872e-02
4.992888225905456334e-02 5.025197705414141680e-02
4.509775855592612626e-02 4.780453587066536836e-02
4.050702638550263135e-02 4.534556950859337798e-02
3.615784144005795842e-02 4.287651337616978781e-02
3.205129860364375194e-02 4.039854900046039449e-02
2.818843167645834757e-02 3.791263101153014015e-02
2.457021311459295365e-02 3.541951865407699102e-02
2.119755378522125699e-02 3.291981028538436965e-02
1.807130273729329328e-02 3.041397928926835303e-02
1.519224698779197968e-02 2.790240986943824664e-02
1.256111132360571148e-02 2.538543127888182038e-02
1.017855811906731578e-02 2.286334918901139490e-02
8.045187169204659483e-03 2.033647309604121045e-02
6.161535538745877005e-03 1.780513889358788931e-02
4.528077426915411152e-03 1.526972599979498600e-02
3.145224048057615462e-03 1.273066870360730837e-02
2.013323528115562588e-03 1.018846167694899101e-02
1.132660816992037134e-03 7.643659876312176166e-03
5.034576168149174080e-04 5.096873317808552940e-03
1.258723261249317105e-04 2.548757444015372232e-03
0.000000000000000000e+00 0.000000000000000000e+00
1.258723261249317105e-04 -2.301011329556140999e-03
5.034576168149174080e-04 -4.595610985865793488e-03
1.132660816992037134e-03 -6.877370567970794366e-03
2.013323528115562588e-03 -9.139953782019993173e-03
3.145224048057615462e-03 -1.137716167733808861e-02
4.528077426915411152e-03 -1.358297686126275043e-02
6.161535538745877005e-03 -1.575160630359184050e-02
8.045187169204659483e-03 -1.787752230460501815e-02
1.017855811906731578e-02 -1.995550116039650906e-02
1.256111132360571148e-02 -2.198065901922228310e-02
1.519224698779197968e-02 -2.394848438661596052e-02
1.807130273729329328e-02 -2.585486670921327557e-02
2.119755378522125699e-02 -2.769612045160738112e-02
2.457021311459295365e-02 -2.946900408095401436e-02
2.818843167645834757e-02 -3.117073339389878767e-02
3.205129860364375194e-02 -3.279898866254349343e-02
3.615784144005795842e-02 -3.435191514268595009e-02
4.050702638550263135e-02 -3.582811657962856750e-02
4.509775855592612626e-02 -3.722664146459209872e-02
4.992888225905456334e-02 -3.854696193721189601e-02
5.499918128533154427e-02 -3.978894539458653623e-02
6.030737921409157209e-02 -4.095281905156140240e-02
6.585213973489323358e-02 -4.203912789590102950e-02
7.163206698392743377e-02 -4.304868669019395327e-02
7.764570589541863743e-02 -4.398252688328498777e-02
8.389154256793041053e-02 -4.484183950049919903e-02
9.036800464548166989e-02 -4.562791527611398390e-02
9.707346171337882801e-02 -4.634208346533020412e-02
1.040062257086641351e-01 -4.698565091821833156e-02
1.111645513450765232e-01 -4.755984310683915306e-02
1.185466365524179277e-01 -4.806574886157662096e-02
1.261506229302150617e-01 -4.850427058713700779e-02
1.339745962155614034e-01 -4.887608168728986568e-02
1.420165867650229341e-01 -4.918159282632234008e-02
1.502745700504856119e-01 -4.942092849212369882e-02
1.587464671688187945e-01 -4.959391510052778979e-02
1.674301453652287108e-01 -4.970008159484076010e-02
1.763234185701672008e-01 -4.973867315244434595e-02
1.854240479496642724e-01 -4.970867821837223616e-02
1.947297424689413692e-01 -4.960886865249600902e-02
2.042381594691679014e-01 -4.943785231335037778e-02
2.139469052572124941e-01 -4.919413692067370336e-02
2.238535357082431787e-01 -4.887620355528907862e-02
2.339555568810219865e-01 -4.848258768539825264e-02
2.442504256457417311e-01 -4.801196517025799887e-02
2.547355503242452190e-01 -4.746324030382245707e-02
2.654082913424666845e-01 -4.683563264073272586e-02
2.762659618949298013e-01 -4.612875911311405119e-02
2.873058286211370715e-01 -4.534270781613343460e-02
2.985251122936787294e-01 -4.447809982870202378e-02
3.099209885178879631e-01 -4.353613555635549998e-02
3.214905884428678196e-01 -4.251862234659707640e-02
3.332309994837083789e-01 -4.142798053972032019e-02
3.451392660547150104e-01 -4.026722568311801725e-02
3.572123903134606371e-01 -3.903992535249826978e-02
3.694473329154774888e-01 -3.775012988235738887e-02
3.818410137793947223e-01 -3.640227729817561986e-02
3.943903128623333920e-01 -3.500107384610289668e-02
4.070920709453594855e-01 -3.355135270859300328e-02
4.199430904288018462e-01 -3.205791474695315890e-02
4.329401361372292589e-01 -3.052535638891678421e-02
4.460799361338897429e-01 -2.895789104063892921e-02
4.593591825444023335e-01 -2.735917160267007167e-02
4.727745323894976259e-01 -2.573212275903130966e-02
4.863226084265935834e-01 -2.407879263468448716e-02
5.000000000000001110e-01 -2.240023412426513441e-02
5.138032638995313484e-01 -2.069642662744515180e-02
5.277289252273172915e-01 -1.896624902719227027e-02
5.417734782725895926e-01 -1.720751446130329432e-02
5.559333873942259308e-01 -1.541707671247570174e-02
5.702050879108284676e-01 -1.359101682972652103e-02
5.845849869981135649e-01 -1.172491685190252438e-02
5.990694645933862805e-01 -9.814225197529722819e-03
6.136548743068714895e-01 -7.854715388502096773e-03
6.283375443396724824e-01 -5.843036272785542655e-03
6.431137784081281117e-01 -3.777347800005730841e-03
6.579798566743311206e-01 -1.658031693286854706e-03
6.729320366825783939e-01 5.115389248846839969e-04
6.879665543015128781e-01 2.724192716327833701e-03
7.030796246717250231e-01 4.968144185710269937e-03
7.182674431585703845e-01 7.226203389905320323e-03
7.335261863099650226e-01 9.475053105348183943e-03
7.488520128189207758e-01 1.168464250798884919e-02
7.642410644905727191e-01 1.381775376370191107e-02
7.796894672134594417e-01 1.582980523084055735e-02
7.951933319348093443e-01 1.766896209195680315e-02
8.107487556395898132e-01 1.927663199729909640e-02
8.263518223330695855e-01 2.058842954699996453e-02
8.419986040266501659e-01 2.153569898231931859e-02
8.576851617267149397e-01 2.204768911390105404e-02
8.734075464262507360e-01 2.205447809916136551e-02
8.891618000989889303e-01 2.149074800465824303e-02
9.049439566958173975e-01 2.030050996954550421e-02
9.207500431432115162e-01 1.844288004743531439e-02
9.365760803434354242e-01 1.589900328179916916e-02
9.524180841762578398e-01 1.268021911496801900e-02
9.682720665019324269e-01 8.837554712068292420e-03
9.841340361651920166e-01 4.472624090458888341e-03
9.999999999999998890e-01 -2.499999999999661781e-04
