9.999999999999998890e-01 2.500000000000971497e-04
9.841340361651920166e-01 1.411223717550182111e-02
9.682720665019324269e-01 2.787148422187016999e-02
9.524180841762578398e-01 4.145726109932919290e-02
9.365760803434354242e-01 5.481910665504137470e-02
9.207500431432115162e-01 6.792298299048543653e-02
9.049439566958173975e-01 8.074802365754572830e-02
8.891618000989889303e-01 9.328362917538557397e-02
8.734075464262507360e-01 1.055269081505081502e-01
8.576851617267149397e-01 1.174804574758697151e-01
8.419986040266501659e-01 1.291504707284917286e-01
8.263518223330695855e-01 1.405451600169903281e-01
8.107487556395898132e-01 1.516734731800311875e-01
7.951933319348093443e-01 1.625440854240378930e-01
7.796894672134594417e-01 1.731646422245073091e-01
7.642410644905727191e-01 1.835412286020349781e-01
7.488520128189207758e-01 1.936780387149498461e-01
7.335261863099650226e-01 2.035772190703992179e-01
7.182674431585703845e-01 2.132388585221560162e-01
7.030796246717250231e-01 2.226610985666647446e-01
6.879665543015128781e-01 2.318403382328442230e-01
6.729320366825783939e-01 2.407715090444209061e-01
6.579798566743311206e-01 2.494483970699016284e-01
6.431137784081281117e-01 2.578639909149136877e-01
6.283375443396724824e-01 2.660108366019923731e-01
6.136548743068714895e-01 2.738813825697365423e-01
5.990694645933862805e-01 2.814683004516064790e-01
5.845849869981135649e-01 2.887647698097403071e-01
5.702050879108284676e-01 2.957647175474472090e-01
5.559333873942259308e-01 3.024630052539678537e-01
5.417734782725895926e-01 3.088555601980393917e-01
5.277289252273172915e-01 3.149394480377568639e-01
5.138032638995313484e-01 3.207128875124719003e-01
5.000000000000001110e-01 3.261752093921803097e-01
4.863226084265935834e-01 3.313267637505057372e-01
4.727745323894976259e-01 3.361687811741801979e-01
4.593591825444023335e-01 3.407031948059678905e-01
4.460799361338897429e-01 3.449324311264663212e-01
4.329401361372292589e-01 3.488591781064286912e-01
4.199430904288018462e-01 3.524861398044404903e-01
4.070920709453594855e-01 3.558157866500175626e-01
3.943903128623333920e-01 3.588501105500110921e-01
3.818410137793947223e-01 3.615903936022533127e-01
3.694473329154774888e-01 3.640369986149021297e-01
3.572123903134606371e-01 3.661891888372758030e-01
3.451392660547150104e-01 3.680449833358455658e-01
3.332309994837083789e-01 3.696010533280708610e-01
3.214905884428678196e-01 3.708526635494987511e-01
3.099209885178879631e-01 3.717936614100726955e-01
2.985251122936787294e-01 3.724165153284949015e-01
2.873058286211370715e-01 3.727124022533647163e-01
2.762659618949298013e-01 3.726713430204246502e-01
2.654082913424666845e-01 3.722823828889191278e-01
2.547355503242452190e-01 3.715338133770427764e-01
2.442504256457417311e-01 3.704134304043175674e-01
2.339555568810219865e-01 3.689088227719184432e-01
2.238535357082431787e-01 3.670076841913051391e-01
2.139469052572124941e-01 3.646981414239228170e-01
2.042381594691679014e-01 3.619690906328901780e-01
1.947297424689413692e-01 3.588105337798200845e-01
1.854240479496642724e-01 3.552139068300657621e-01
1.763234185701672008e-01 3.511723916571309889e-01
1.674301453652287108e-01 3.466812038567685383e-01
1.587464671688187945e-01 3.417378491842426036e-01
1.502745700504856119e-01 3.363423420013048060e-01
1.420165867650229341e-01 3.304973799459543504e-01
1.339745962155614034e-01 3.242084699982466511e-01
1.261506229302150617e-01 3.174840021867220141e-01
1.185466365524179277e-01 3.103352683377952337e-01
1.111645513450765232e-01 3.027764244882781286e-01
1.040062257086641351e-01 2.948243968317453279e-01
9.707346171337882801e-02 2.864987323247931150e-01
9.036800464548166989e-02 2.778213963116479279e-01
8.389154256793041053e-02 2.688165207079974972e-01
7.764570589541863743e-02 2.595101073915844769e-01
7.163206698392743377e-02 2.499296924540370113e-01
6.585213973489323358e-02 2.401039778539369729e-01
6.030737921409157209e-02 2.300624377562808520e-01
5.499918128533154427e-02 2.198349074324247587e-01
4.992888225905456334e-02 2.094511630148821191e-01
4.509775855592612626e-02 1.989405006441687385e-01
4.050702638550263135e-02 1.883313236052749085e-01
3.615784144005795842e-02 1.776507459282329893e-01
3.205129860364375194e-02 1.669242206233936265e-01
2.818843167645834757e-02 1.561752002440953413e-01
2.457021311459295365e-02 1.454248368276363779e-01
2.119755378522125699e-02 1.346917274735657533e-01
1.807130273729329328e-02 1.239917108930961992e-01
1.519224698779197968e-02 1.133377192245075826e-01
1.256111132360571148e-02 1.027396882786714288e-01
1.017855811906731578e-02 9.220452818009632068e-02
8.045187169204659483e-03 8.173615512735324384e-02
6.161535538745877005e-03 7.133558373844799128e-02
4.528077426915411152e-03 6.100107819798009784e-02
3.145224048057615462e-03 5.072835920994683834e-02
2.013323528115562588e-03 4.051086260806618933e-02
1.132660816992037134e-03 3.034004440863746072e-02
5.034576168149174080e-04 2.020572613142047891e-02
1.258723261249317105e-04 1.009647338180399978e-02
0.000000000000000000e+00 0.000000000000000000e+00
1.258723261249317105e-04 -8.979099516206361445e-03
5.034576168149174080e-04 -1.791730771479807874e-02
1.132660816992037134e-03 -2.677434838839201983e-02
2.013323528115562588e-03 -3.551128653308624483e-02
3.145224048057615462e-03 -4.409116204755040430e-02
4.528077426915411152e-03 -5.247958011760536778e-02
6.161535538745877005e-03 -6.064524545294719404e-02
8.045187169204659483e-03 -6.856042886809603221e-02
1.017855811906731578e-02 -7.620135629513408171e-02
1.256111132360571148e-02 -8.354851214268352311e-02
1.519224698779197968e-02 -9.058685092959750662e-02
1.807130273729329328e-02 -9.730591327412459191e-02
2.119755378522125699e-02 -1.036998445577423517e-01
2.457021311459295365e-02 -1.097673168530930166e-01
2.818843167645834757e-02 -1.155113569524938849e-01
3.205129860364375194e-02 -1.209390855028247835e-01
3.615784144005795842e-02 -1.260613742916587843e-01
4.050702638550263135e-02 -1.308924305889031248e-01
4.509775855592612626e-02 -1.354493190829896831e-01
4.992888225905456334e-02 -1.397514333213375204e-01
5.499918128533154427e-02 -1.438199296384702341e-01
6.030737921409157209e-02 -1.476771373061813997e-01
6.585213973489323358e-02 -1.513459590509058372e-01
7.163206698392743377e-02 -1.548492761447639865e-01
7.764570589541863743e-02 -1.582093719881700056e-01
8.389154256793041053e-02 -1.614473874716748081e-01
9.036800464548166989e-02 -1.645828204497251090e-01
9.707346171337882801e-02 -1.676330804042891476e-01
1.040062257086641351e-01 -1.706131078544667612e-01
1.111645513450765232e-01 -1.735350663187181786e-01
1.185466365524179277e-01 -1.764081127045164510e-01
1.261506229302150617e-01 -1.792382499360991865e-01
1.339745962155614034e-01 -1.820282634881079664e-01
1.420165867650229341e-01 -1.847777413269660884e-01
1.502745700504856119e-01 -1.874831746292941193e-01
1.587464671688187945e-01 -1.901381346032637865e-01
1.674301453652287108e-01 -1.927335188381425479e-01
1.763234185701672008e-01 -1.952578588994605957e-01
1.854240479496642724e-01 -1.976976794174197805e-01
1.947297424689413692e-01 -2.000378977234384403e-01
2.042381594691679014e-01 -2.022622522059715766e-01
2.139469052572124941e-01 -2.043537470057154859e-01
2.238535357082431787e-01 -2.062951004669089650e-01
2.339555568810219865e-01 -2.080691849112310532e-01
2.442504256457417311e-01 -2.096594457996618088e-01
2.547355503242452190e-01 -2.110502891818484272e-01
2.654082913424666845e-01 -2.122274274787547543e-01
2.762659618949298013e-01 -2.131781750704382361e-01
2.873058286211370715e-01 -2.138916868261549475e-01
2.985251122936787294e-01 -2.143591345707960283e-01
3.099209885178879631e-01 -2.145738184758494704e-01
3.214905884428678196e-01 -2.145312124358144945e-01
3.332309994837083789e-01 -2.142289445801158210e-01
3.451392660547150104e-01 -2.136667161122793035e-01
3.572123903134606371e-01 -2.128461635987562162e-01
3.694473329154774888e-01 -2.117706715875500301e-01
3.818410137793947223e-01 -2.104451439636806365e-01
3.943903128623333920e-01 -2.088757436919788102e-01
4.070920709453594855e-01 -2.070696115124558145e-01
4.199430904288018462e-01 -2.050345747030212495e-01
4.329401361372292589e-01 -2.027788571823614105e-01
4.460799361338897429e-01 -2.003108019774655080e-01
4.593591825444023335e-01 -1.976386164231346831e-01
4.727745323894976259e-01 -1.947701494054108473e-01
4.863226084265935834e-01 -1.917127085312577972e-01
5.000000000000001110e-01 -1.884729233405197935e-01
5.138032638995313484e-01 -1.850566586238785172e-01
5.277289252273172915e-01 -1.814689796354492790e-01
5.417734782725895926e-01 -1.777141685655431458e-01
5.559333873942259308e-01 -1.737957891528909005e-01
5.702050879108284676e-01 -1.697167938596585435e-01
5.845849869981135649e-01 -1.654796657067654220e-01
5.990694645933862805e-01 -1.610865847754374691e-01
6.136548743068714895e-01 -1.565396076294033600e-01
6.283375443396724824e-01 -1.518408466054991801e-01
6.431137784081281117e-01 -1.469926351597044545e-01
6.579798566743311206e-01 -1.419976653350892015e-01
6.729320366825783939e-01 -1.368590840224130911e-01
6.879665543015128781e-01 -1.315805360852882466e-01
7.030796246717250231e-01 -1.261661446766160766e-01
7.182674431585703845e-01 -1.206204222202771209e-01
7.335261863099650226e-01 -1.149481095903169409e-01
7.488520128189207758e-01 -1.091539459853541894e-01
7.642410644905727191e-01 -1.032423778408681214e-01
7.796894672134594417e-01 -9.721722179337480285e-02
7.951933319348093443e-01 -9.108130412926808417e-02
8.107487556395898132e-01 -8.483610721198819871e-02
8.263518223330695855e-01 -7.848146195296436256e-02
8.419986040266501659e-01 -7.201533431813172959e-02
8.576851617267149397e-01 -6.543376296282578386e-02
8.734075464262507360e-01 -5.873101416201446240e-02
8.891618000989889303e-01 -5.190002902974288207e-02
9.049439566958173975e-01 -4.493324636519793053e-02
9.207500431432115162e-01 -3.782389207483117383e-02
9.365760803434354242e-01 -3.056783274458071270e-02
9.524180841762578398e-01 -2.316609631432305777e-02
9.682720665019324269e-01 -1.562816668098425746e-02
9.841340361651920166e-01 -7.976161177061760060e-03
9.999999999999998890e-01 -2.500000000000541611e-04
