9.999999999999998890e-01 2.500000000000731889e-04
9.841340361651920166e-01 1.069562510155568948e-02
9.682720665019324269e-01 2.105688001741558985e-02
9.524180841762578398e-01 3.128039714250004794e-02
9.365760803434354242e-01 4.133057614111075584e-02
9.207500431432115162e-01 5.118559690169359466e-02
9.049439566958173975e-01 6.083401459274825201e-02
8.891618000989889303e-01 7.027189464278447983e-02
8.734075464262507360e-01 7.950044276532799992e-02
8.576851617267149397e-01 8.852408346500161007e-02
8.419986040266501659e-01 9.734893972157027120e-02
8.263518223330695855e-01 1.059816666748026742e-01
8.107487556395898132e-01 1.144285930356661873e-01
7.951933319348093443e-01 1.226951255348167624e-01
7.796894672134594417e-01 1.307853738900651985e-01
7.642410644905727191e-01 1.387019564314321829e-01
7.488520128189207758e-01 1.464459495667056743e-01
7.335261863099650226e-01 1.540169476052557496e-01
7.182674431585703845e-01 1.614132029899486842e-01
7.030796246717250231e-01 1.686318206280254528e-01
6.879665543015128781e-01 1.756689836796211379e-01
6.729320366825783939e-01 1.825201917822960873e-01
6.579798566743311206e-01 1.891804961946287333e-01
6.431137784081281117e-01 1.956447196733647476e-01
6.283375443396724824e-01 2.019076520076609205e-01
6.136548743068714895e-01 2.079642149807054974e-01
5.990694645933862805e-01 2.138095930828747271e-01
5.845849869981135649e-01 2.194393285401084748e-01
5.702050879108284676e-01 2.248493811337292092e-01
5.559333873942259308e-01 2.300361548691344515e-01
5.417734782725895926e-01 2.349964948040580426e-01
5.277289252273172915e-01 2.397276582827769786e-01
5.138032638995313484e-01 2.442272654572742452e-01
5.000000000000001110e-01 2.484932343317862169e-01
4.863226084265935834e-01 2.525237056695426308e-01
4.727745323894976259e-01 2.563169629794375681e-01
4.593591825444023335e-01 2.598713524878901726e-01
4.460799361338897429e-01 2.631852075307919980e-01
4.329401361372292589e-01 2.662567812063417194e-01
4.199430904288018462e-01 2.690841904456136024e-01
4.070920709453594855e-01 2.716653739167340098e-01
3.943903128623333920e-01 2.739980654116447312e-01
3.818410137793947223e-01 2.760797836003378580e-01
3.694473329154774888e-01 2.779078383020097687e-01
3.572123903134606371e-01 2.794793527383428455e-01
3.451392660547150104e-01 2.807913006200375428e-01
3.332309994837083789e-01 2.818405563889461174e-01
3.214905884428678196e-01 2.826239565059346925e-01
3.099209885178879631e-01 2.831383693463137563e-01
2.985251122936787294e-01 2.833807710438899230e-01
2.873058286211370715e-01 2.833483245114101767e-01
2.762659618949298013e-01 2.830384588560279635e-01
2.654082913424666845e-01 2.824489464971006725e-01
2.547355503242452190e-01 2.815779754711706939e-01
2.442504256457417311e-01 2.804242146642791922e-01
2.339555568810219865e-01 2.789868700319679817e-01
2.238535357082431787e-01 2.772657302383860767e-01
2.139469052572124941e-01 2.752612005529995742e-01
2.042381594691679014e-01 2.729743242714167129e-01
1.947297424689413692e-01 2.704067913608582674e-01
1.854240479496642724e-01 2.675609344564962577e-01
1.763234185701672008e-01 2.644397127389329083e-01
1.674301453652287108e-01 2.610466845934707458e-01
1.587464671688187945e-01 2.573859702781396419e-01
1.502745700504856119e-01 2.534622061011466698e-01
1.420165867650229341e-01 2.492804918229143130e-01
1.339745962155614034e-01 2.448463331487492900e-01
1.261506229302150617e-01 2.401655812630950071e-01
1.185466365524179277e-01 2.352443713750951571e-01
1.111645513450765232e-01 2.300890621996713736e-01
1.040062257086641351e-01 2.247061781922434220e-01
9.707346171337882801e-02 2.191023561940810271e-01
9.036800464548166989e-02 2.132842979360212166e-01
8.389154256793041053e-02 2.072587295991443757e-01
7.764570589541863743e-02 2.010323693511069376e-01
7.163206698392743377e-02 1.946119034760173394e-01
6.585213973489323358e-02 1.880039714041365218e-01
6.030737921409157209e-02 1.812151596354857341e-01
5.499918128533154427e-02 1.742520042485371790e-01
4.992888225905456334e-02 1.671210014009170686e-01
4.509775855592612626e-02 1.598286249719668428e-01
4.050702638550263135e-02 1.523813502745766102e-01
3.615784144005795842e-02 1.447856825821529636e-01
3.205129860364375194e-02 1.370481890807135616e-01
2.818843167645834757e-02 1.291755327692493682e-01
2.457021311459295365e-02 1.211745067953630961e-01
2.119755378522125699e-02 1.130520677279262670e-01
1.807130273729329328e-02 1.048153663326385071e-01
1.519224698779197968e-02 9.647177452698731115e-02
1.256111132360571148e-02 8.802890734385356020e-02
1.017855811906731578e-02 7.949463892232556950e-02
8.045187169204659483e-03 7.087711176355124265e-02
6.161535538745877005e-03 6.218473873122910139e-02
4.528077426915411152e-03 5.342619753253263770e-02
3.145224048057615462e-03 4.461041767751435655e-02
2.013323528115562588e-03 3.574656017476110503e-02
1.132660816992037134e-03 2.684399046999444427e-02
5.034576168149174080e-04 1.791224536443014950e-02
1.258723261249317105e-04 8.960994853743662475e-03
0.000000000000000000e+00 0.000000000000000000e+00
1.258723261249317105e-04 -8.821323135730746792e-03
5.034576168149174080e-04 -1.762619309216785501e-02
1.132660816992037134e-03 -2.639827851081215024e-02
2.013323528115562588e-03 -3.512161322067625102e-02
3.145224048057615462e-03 -4.378076809740832909e-02
4.528077426915411152e-03 -5.236101034518643449e-02
6.161535538745877005e-03 -6.084844652307268981e-02
8.045187169204659483e-03 -6.923014606064969989e-02
1.017855811906731578e-02 -7.749424251525441343e-02
1.256111132360571148e-02 -8.563001040155004961e-02
1.519224698779197968e-02 -9.362791605820723617e-02
1.807130273729329328e-02 -1.014796416892250197e-01
2.119755378522125699e-02 -1.091780824111031611e-01
2.457021311459295365e-02 -1.167173168331382821e-01
2.818843167645834757e-02 -1.240925523780579132e-01
3.205129860364375194e-02 -1.313000471958294946e-01
3.615784144005795842e-02 -1.383370111175245831e-01
4.050702638550263135e-02 -1.452014886226321577e-01
4.509775855592612626e-02 -1.518922272380446303e-01
4.992888225905456334e-02 -1.584085351380656315e-01
5.499918128533154427e-02 -1.647501319627197314e-01
6.030737921409157209e-02 -1.709169970096076629e-01
6.585213973489323358e-02 -1.769092189787879466e-01
7.163206698392743377e-02 -1.827268513599380750e-01
7.764570589541863743e-02 -1.883697773488190175e-01
8.389154256793041053e-02 -1.938375878713019251e-01
9.036800464548166989e-02 -1.991294758864124437e-01
9.707346171337882801e-02 -2.042441496462195916e-01
1.040062257086641351e-01 -2.091797670236484885e-01
1.111645513450765232e-01 -2.139338923952613103e-01
1.185466365524179277e-01 -2.185034769022833334e-01
1.261506229302150617e-01 -2.228848622284484438e-01
1.339745962155614034e-01 -2.270738073471567919e-01
1.420165867650229341e-01 -2.310655370227459315e-01
1.502745700504856119e-01 -2.348548102208047328e-01
1.587464671688187945e-01 -2.384360060089774358e-01
1.674301453652287108e-01 -2.418032240297315616e-01
1.763234185701672008e-01 -2.449503962153333769e-01
1.854240479496642724e-01 -2.478714061055999618e-01
1.947297424689413692e-01 -2.505602119309058851e-01
2.042381594691679014e-01 -2.530109695433024330e-01
2.139469052572124941e-01 -2.552181513209177965e-01
2.238535357082431787e-01 -2.571766573349436591e-01
2.339555568810219865e-01 -2.588819153506844439e-01
2.442504256457417311e-01 -2.603299666269139889e-01
2.547355503242452190e-01 -2.615175349701659435e-01
2.654082913424666845e-01 -2.624420770782975310e-01
2.762659618949298013e-01 -2.631018128534098888e-01
2.873058286211370715e-01 -2.634957350581214053e-01
2.985251122936787294e-01 -2.636235984093246998e-01
3.099209885178879631e-01 -2.634858889264740656e-01
3.214905884428678196e-01 -2.630837750528522423e-01
3.332309994837083789e-01 -2.624190427237172996e-01
3.451392660547150104e-01 -2.614940171408698943e-01
3.572123903134606371e-01 -2.603114745064737390e-01
3.694473329154774888e-01 -2.588745473494733496e-01
3.818410137793947223e-01 -2.571866273280393744e-01
3.943903128623333920e-01 -2.552512694970081042e-01
4.070920709453594855e-01 -2.530721019802733007e-01
4.199430904288018462e-01 -2.506527447792098462e-01
4.329401361372292589e-01 -2.479967410793194882e-01
4.460799361338897429e-01 -2.451075038936710304e-01
4.593591825444023335e-01 -2.419882802144148748e-01
4.727745323894976259e-01 -2.386421340494663534e-01
4.863226084265935834e-01 -2.350719488229072729e-01
5.000000000000001110e-01 -2.312804486427393613e-01
5.138032638995313484e-01 -2.272702369214615881e-01
5.277289252273172915e-01 -2.230438498112017887e-01
5.417734782725895926e-01 -2.186038209273749866e-01
5.559333873942259308e-01 -2.139527529276349094e-01
5.702050879108284676e-01 -2.090933907329072250e-01
5.845849869981135649e-01 -2.040286905721457322e-01
5.990694645933862805e-01 -1.987618786495524703e-01
6.136548743068714895e-01 -1.932964931182682422e-01
6.283375443396724824e-01 -1.876364032410618998e-01
6.431137784081281117e-01 -1.817858001652676303e-01
6.579798566743311206e-01 -1.757491546695480744e-01
6.729320366825783939e-01 -1.695311385805610693e-01
6.879665543015128781e-01 -1.631365083267598826e-01
7.030796246717250231e-01 -1.565699513035459234e-01
7.182674431585703845e-01 -1.498358983677334499e-01
7.335261863099650226e-01 -1.429383088474634189e-01
7.488520128189207758e-01 -1.358804379221372483e-01
7.642410644905727191e-01 -1.286646000590538907e-01
7.796894672134594417e-01 -1.212919463399920739e-01
7.951933319348093443e-01 -1.137622779101137155e-01
8.107487556395898132e-01 -1.060739223589911573e-01
8.263518223330695855e-01 -9.822370451315146078e-02
8.419986040266501659e-01 -9.020704778411176017e-02
8.576851617267149397e-01 -8.201824676835467454e-02
8.734075464262507360e-01 -7.365095612041724915e-02
8.891618000989889303e-01 -6.509894469471785849e-02
9.049439566958173975e-01 -5.635716744840726933e-02
9.207500431432115162e-01 -4.742321048606153167e-02
9.365760803434354242e-01 -3.829916677657834584e-02
9.524180841762578398e-01 -2.899400135436429327e-02
9.682720665019324269e-01 -1.952646510660370482e-02
9.841340361651920166e-01 -9.928615429277984697e-03
9.999999999999998890e-01 -2.500000000000678221e-04
