9.999999999999998890e-01 2.500000000000681473e-04
9.841340361651920166e-01 9.821796163418987369e-03
9.682720665019324269e-01 1.909550508377147113e-02
9.524180841762578398e-01 2.811924640436710282e-02
9.365760803434354242e-01 3.692629909827795792e-02
9.207500431432115162e-01 4.553830134466864410e-02
9.049439566958173975e-01 5.396799592327843065e-02
8.891618000989889303e-01 6.222155177978902496e-02
8.734075464262507360e-01 7.030049483624561946e-02
8.576851617267149397e-01 7.820328276448884619e-02
8.419986040266501659e-01 8.592655935471285589e-02
8.263518223330695855e-01 9.346612435158811738e-02
8.107487556395898132e-01 1.008176542589502012e-01
7.951933319348093443e-01 1.079772086977596190e-01
7.796894672134594417e-01 1.149415555110937515e-01
7.642410644905727191e-01 1.217083460164625069e-01
7.488520128189207758e-01 1.282761696823621622e-01
7.335261863099650226e-01 1.346445151245621030e-01
7.182674431585703845e-01 1.408136617480332253e-01
7.030796246717250231e-01 1.467845236695314581e-01
6.879665543015128781e-01 1.525584648064790827e-01
6.729320366825783939e-01 1.581371012680009291e-01
6.579798566743311206e-01 1.635221044863233442e-01
6.431137784081281117e-01 1.687150159278196782e-01
6.283375443396724824e-01 1.737170817629677400e-01
6.136548743068714895e-01 1.785291135869714330e-01
5.990694645933862805e-01 1.831513791946915160e-01
5.845849869981135649e-01 1.875835255450676864e-01
5.702050879108284676e-01 1.918245344151700282e-01
5.559333873942259308e-01 1.958727098499416786e-01
5.417734782725895926e-01 1.997256953623379738e-01
5.277289252273172915e-01 2.033805179263130092e-01
5.138032638995313484e-01 2.068336551235214205e-01
5.000000000000001110e-01 2.100811213410667122e-01
4.863226084265935834e-01 2.131185686559055603e-01
4.727745323894976259e-01 2.159413979624953128e-01
4.593591825444023335e-01 2.185448759825802667e-01
4.460799361338897429e-01 2.209242540167205004e-01
4.329401361372292589e-01 2.230748846324454582e-01
4.199430904288018462e-01 2.249923329096218949e-01
4.070920709453594855e-01 2.266724793559473650e-01
3.943903128623333920e-01 2.281116121413976627e-01
3.818410137793947223e-01 2.293065068582796906e-01
3.694473329154774888e-01 2.302544925732675218e-01
3.572123903134606371e-01 2.309535034814841070e-01
3.451392660547150104e-01 2.314021159846910980e-01
3.332309994837083789e-01 2.315995714828383012e-01
3.214905884428678196e-01 2.315457855800604481e-01
3.099209885178879631e-01 2.312413447548611056e-01
2.985251122936787294e-01 2.306874918244464501e-01
2.873058286211370715e-01 2.298861017423213804e-01
2.762659618949298013e-01 2.288396494060638831e-01
2.654082913424666845e-01 2.275511712206303161e-01
2.547355503242452190e-01 2.260242221655330286e-01
2.442504256457417311e-01 2.242628300574478761e-01
2.339555568810219865e-01 2.222714485902980430e-01
2.238535357082431787e-01 2.200549105808031758e-01
2.139469052572124941e-01 2.176183826578209635e-01
2.042381594691679014e-01 2.149673224179524111e-01
1.947297424689413692e-01 2.121074388373943020e-01
1.854240479496642724e-01 2.090446564903086224e-01
1.763234185701672008e-01 2.057850838860385834e-01
1.674301453652287108e-01 2.023349860096578801e-01
1.587464671688187945e-01 1.987007609400431307e-01
1.502745700504856119e-01 1.948889202333188020e-01
1.420165867650229341e-01 1.909060726023413257e-01
1.339745962155614034e-01 1.867589102988053695e-01
1.261506229302150617e-01 1.824541975161765861e-01
1.185466365524179277e-01 1.779987600802273029e-01
1.111645513450765232e-01 1.733994756794328407e-01
1.040062257086641351e-01 1.686632639085577923e-01
9.707346171337882801e-02 1.637970754529833595e-01
9.036800464548166989e-02 1.588078798251980339e-01
8.389154256793041053e-02 1.537026511740707257e-01
7.764570589541863743e-02 1.484883518169822225e-01
7.163206698392743377e-02 1.431719132890633961e-01
6.585213973489323358e-02 1.377602148567960705e-01
6.030737921409157209e-02 1.322600595990850447e-01
5.499918128533154427e-02 1.266781483116814766e-01
4.992888225905456334e-02 1.210210516348737414e-01
4.509775855592612626e-02 1.152951809344233552e-01
4.050702638550263135e-02 1.095067585771600516e-01
3.615784144005795842e-02 1.036617883315429089e-01
3.205129860364375194e-02 9.776602668671284524e-02
2.818843167645834757e-02 9.182495591891796927e-02
2.457021311459295365e-02 8.584375974042458834e-02
2.119755378522125699e-02 7.982730234285694004e-02
1.807130273729329328e-02 7.378011159502831373e-02
1.519224698779197968e-02 6.770636707635559193e-02
1.256111132360571148e-02 6.160989352336895819e-02
1.017855811906731578e-02 5.549416014190575869e-02
8.045187169204659483e-03 4.936228609522957250e-02
6.161535538745877005e-03 4.321705232302185812e-02
4.528077426915411152e-03 3.706091968278475007e-02
3.145224048057615462e-03 3.089605323880461815e-02
2.013323528115562588e-03 2.472435235957794186e-02
1.132660816992037134e-03 1.854748612764617333e-02
5.034576168149174080e-04 1.236693342094644620e-02
1.258723261249317105e-04 6.184026896550594635e-03
0.000000000000000000e+00 0.000000000000000000e+00
1.258723261249317105e-04 -5.778643995080977661e-03
5.034576168149174080e-04 -1.154082576355055893e-02
1.132660816992037134e-03 -1.727022565208833141e-02
2.013323528115562588e-03 -2.295093014301074000e-02
3.145224048057615462e-03 -2.856762281864703296e-02
4.528077426915411152e-03 -3.410576117034191251e-02
6.161535538745877005e-03 -3.955173515247891597e-02
8.045187169204659483e-03 -4.489300388961565969e-02
1.017855811906731578e-02 -5.011820755172079200e-02
1.256111132360571148e-02 -5.521725210127190198e-02
1.519224698779197968e-02 -6.018136536691619243e-02
1.807130273729329328e-02 -6.500312368995060652e-02
2.119755378522125699e-02 -6.967644919934994074e-02
2.457021311459295365e-02 -7.419657857508751841e-02
2.818843167645834757e-02 -7.856000493484940894e-02
3.205129860364375194e-02 -8.276439520342382394e-02
3.615784144005795842e-02 -8.680848597596062255e-02
4.050702638550263135e-02 -9.069196144683190630e-02
4.509775855592612626e-02 -9.441531742845810093e-02
4.992888225905456334e-02 -9.797971581570699695e-02
5.499918128533154427e-02 -1.013868340513418703e-01
6.030737921409157209e-02 -1.046387142102711137e-01
6.585213973489323358e-02 -1.077376162428715506e-01
7.163206698392743377e-02 -1.106858797023376750e-01
7.764570589541863743e-02 -1.134857979339361361e-01
8.389154256793041053e-02 -1.161395082352569691e-01
9.036800464548166989e-02 -1.186489009198781058e-01
9.707346171337882801e-02 -1.210155495495243566e-01
1.040062257086641351e-01 -1.232406638619910483e-01
1.111645513450765232e-01 -1.253250661364195273e-01
1.185466365524179277e-01 -1.272691909283443779e-01
1.261506229302150617e-01 -1.290731072997770290e-01
1.339745962155614034e-01 -1.307365618902950888e-01
1.420165867650229341e-01 -1.322590404491323368e-01
1.502745700504856119e-01 -1.336398447998880523e-01
1.587464671688187945e-01 -1.348781816610530038e-01
1.674301453652287108e-01 -1.359732593167734815e-01
1.763234185701672008e-01 -1.369243878395236813e-01
1.854240479496642724e-01 -1.377310784220813489e-01
1.947297424689413692e-01 -1.383931373884519367e-01
2.042381594691679014e-01 -1.389107506253955959e-01
2.139469052572124941e-01 -1.392845545061646706e-01
2.238535357082431787e-01 -1.395156898589417771e-01
2.339555568810219865e-01 -1.396058361521111402e-01
2.442504256457417311e-01 -1.395572238097286533e-01
2.547355503242452190e-01 -1.393726234115509333e-01
2.654082913424666845e-01 -1.390553114467142914e-01
2.762659618949298013e-01 -1.386090132490301607e-01
2.873058286211370715e-01 -1.380378247124670055e-01
2.985251122936787294e-01 -1.373461153333628282e-01
3.099209885178879631e-01 -1.365384160159173466e-01
3.214905884428678196e-01 -1.356192958742847843e-01
3.332309994837083789e-01 -1.345932329340663314e-01
3.451392660547150104e-01 -1.334644841464138476e-01
3.572123903134606371e-01 -1.322369604510392205e-01
3.694473329154774888e-01 -1.309141127364442658e-01
3.818410137793947223e-01 -1.294988344285732673e-01
3.943903128623333920e-01 -1.279933860813278201e-01
4.070920709453594855e-01 -1.263993467399220638e-01
4.199430904288018462e-01 -1.247175960049290155e-01
4.329401361372292589e-01 -1.229483296537963039e-01
4.460799361338897429e-01 -1.210911103992494270e-01
4.593591825444023335e-01 -1.191449539111009148e-01
4.727745323894976259e-01 -1.171084486392383744e-01
4.863226084265935834e-01 -1.149799062992400978e-01
5.000000000000001110e-01 -1.127575381743812916e-01
5.138032638995313484e-01 -1.104396507120614934e-01
5.277289252273172915e-01 -1.080248523181560893e-01
5.417734782725895926e-01 -1.055122618533625573e-01
5.559333873942259308e-01 -1.029017081881776485e-01
5.702050879108284676e-01 -1.001939093559044147e-01
5.845849869981135649e-01 -9.739061943356620843e-02
5.990694645933862805e-01 -9.449473135361256826e-02
6.136548743068714895e-01 -9.151032447475297704e-02
6.283375443396724824e-01 -8.844264698097922817e-02
6.431137784081281117e-01 -8.529802508734420086e-02
6.579798566743311206e-01 -8.208369365138572238e-02
6.729320366825783939e-01 -7.880754614867303831e-02
6.879665543015128781e-01 -7.547780608277174230e-02
7.030796246717250231e-01 -7.210262675968122370e-02
7.182674431585703845e-01 -6.868963194148273999e-02
7.335261863099650226e-01 -6.524541616058331106e-02
7.488520128189207758e-01 -6.177503036080518595e-02
7.642410644905727191e-01 -5.828148594962138940e-02
7.796894672134594417e-01 -5.476531819068011092e-02
7.951933319348093443e-01 -5.122425801003704926e-02
8.107487556395898132e-01 -4.765306958568005929e-02
8.263518223330695855e-01 -4.404361937160745921e-02
8.419986040266501659e-01 -4.038525029142793488e-02
8.576851617267149397e-01 -3.666554252388612434e-02
8.734075464262507360e-01 -3.287154938343964106e-02
8.891618000989889303e-01 -2.899160305359614956e-02
9.049439566958173975e-01 -2.501779013426580142e-02
9.207500431432115162e-01 -2.094920089044628037e-02
9.365760803434354242e-01 -1.679605851430022653e-02
9.524180841762578398e-01 -1.258483541935100786e-02
9.682720665019324269e-01 -8.364462369018802954e-03
9.841340361651920166e-01 -4.213732913352104432e-03
9.999999999999998890e-01 -2.500000000000267308e-04
