9.999999999999998890e-01 2.500000000000950897e-04
9.841340361651920166e-01 1.369633797793750815e-02
9.682720665019324269e-01 2.685224771802817434e-02
9.524180841762578398e-01 3.972051626738468816e-02
9.365760803434354242e-01 5.230666641821475615e-02
9.207500431432115162e-01 6.461761569952946538e-02
9.049439566958173975e-01 7.666064022379996679e-02
8.891618000989889303e-01 8.844260860143592085e-02
8.734075464262507360e-01 9.996945097817162840e-02
8.576851617267149397e-01 1.112458287317650008e-01
8.419986040266501659e-01 1.222749714185058234e-01
8.263518223330695855e-01 1.330586491156926787e-01
8.107487556395898132e-01 1.435972502889081015e-01
7.951933319348093443e-01 1.538899376462750657e-01
7.796894672134594417e-01 1.639348570492344392e-01
7.642410644905727191e-01 1.737293773551477627e-01
7.488520128189207758e-01 1.832703419979402892e-01
7.335261863099650226e-01 1.925543160993415936e-01
7.182674431585703845e-01 2.015778158798878783e-01
7.030796246717250231e-01 2.103375100460393166e-01
6.879665543015128781e-01 2.188303856140343395e-01
6.729320366825783939e-01 2.270538732457599296e-01
6.579798566743311206e-01 2.350059295774529489e-01
6.431137784081281117e-01 2.426850761864507711e-01
6.283375443396724824e-01 2.500903967400102679e-01
6.136548743068714895e-01 2.572214954864742165e-01
5.990694645933862805e-01 2.640784215731974416e-01
5.845849869981135649e-01 2.706615647050328866e-01
5.702050879108284676e-01 2.769715283958165686e-01
5.559333873942259308e-01 2.830089875231739382e-01
5.417734782725895926e-01 2.887745370895102859e-01
5.277289252273172915e-01 2.942685390393450784e-01
5.138032638995313484e-01 2.994909737092621427e-01
5.000000000000001110e-01 3.044413020188811436e-01
4.863226084265935834e-01 3.091183438789962823e-01
4.727745323894976259e-01 3.135201775274801261e-01
4.593591825444023335e-01 3.176440636366266723e-01
4.460799361338897429e-01 3.214863970991783115e-01
4.329401361372292589e-01 3.250426884255643856e-01
4.199430904288018462e-01 3.283075757016862828e-01
4.070920709453594855e-01 3.312748670928251093e-01
3.943903128623333920e-01 3.339376129603356946e-01
3.818410137793947223e-01 3.362882058063061397e-01
3.694473329154774888e-01 3.383185054966229011e-01
3.572123903134606371e-01 3.400199865507770869e-01
3.451392660547150104e-01 3.413839037395168807e-01
3.332309994837083789e-01 3.424014718076912045e-01
3.214905884428678196e-01 3.430640548442111526e-01
3.099209885178879631e-01 3.433633606553656570e-01
2.985251122936787294e-01 3.432916354597003727e-01
2.873058286211370715e-01 3.428418543071646840e-01
2.762659618949298013e-01 3.420079028242444252e-01
2.654082913424666845e-01 3.407847461898723673e-01
2.547355503242452190e-01 3.391685816414981569e-01
2.442504256457417311e-01 3.371569712826256726e-01
2.339555568810219865e-01 3.347489524969560759e-01
2.238535357082431787e-01 3.319451238538454474e-01
2.139469052572124941e-01 3.287477049985902955e-01
2.042381594691679014e-01 3.251605696426547176e-01
1.947297424689413692e-01 3.211892513874689548e-01
1.854240479496642724e-01 3.168409227157905073e-01
1.763234185701672008e-01 3.121243480529927172e-01
1.674301453652287108e-01 3.070498123246822586e-01
1.587464671688187945e-01 3.016290269060964979e-01
1.502745700504856119e-01 2.958750152640841069e-01
1.420165867650229341e-01 2.898019809274088865e-01
1.339745962155614034e-01 2.834251606810624935e-01
1.261506229302150617e-01 2.767606660627144888e-01
1.185466365524179277e-01 2.698253163439889857e-01
1.111645513450765232e-01 2.626364662074850975e-01
1.040062257086641351e-01 2.552118312857968863e-01
9.707346171337882801e-02 2.475693146163247815e-01
9.036800464548166989e-02 2.397268368919577008e-01
8.389154256793041053e-02 2.317021731605189150e-01
7.764570589541863743e-02 2.235127983539373087e-01
7.163206698392743377e-02 2.151757437208345614e-01
6.585213973489323358e-02 2.067074659034221495e-01
6.030737921409157209e-02 1.981237300511966004e-01
5.499918128533154427e-02 1.894395080096847872e-01
4.992888225905456334e-02 1.806688922717850920e-01
4.509775855592612626e-02 1.718250260407814811e-01
4.050702638550263135e-02 1.629200494357270212e-01
3.615784144005795842e-02 1.539650615784483589e-01
3.205129860364375194e-02 1.449700980425150387e-01
2.818843167645834757e-02 1.359441229225542558e-01
2.457021311459295365e-02 1.268950346002484519e-01
2.119755378522125699e-02 1.178296841429035957e-01
1.807130273729329328e-02 1.087539051718718341e-01
1.519224698779197968e-02 9.967255398035546055e-02
1.256111132360571148e-02 9.058955866094887954e-02
1.017855811906731578e-02 8.150797601935624859e-02
8.045187169204659483e-03 7.243005509776288819e-02
6.161535538745877005e-03 6.335730620428010884e-02
4.528077426915411152e-03 5.429057443804786304e-02
3.145224048057615462e-03 4.523011680698583309e-02
2.013323528115562588e-03 3.617568215054810243e-02
1.132660816992037134e-03 2.712659319707329611e-02
5.034576168149174080e-04 1.808183019845773648e-02
1.258723261249317105e-04 9.040115688447895523e-03
0.000000000000000000e+00 0.000000000000000000e+00
1.258723261249317105e-04 -8.095574799461579749e-03
5.034576168149174080e-04 -1.616431047055687936e-02
1.132660816992037134e-03 -2.417961374094614382e-02
2.013323528115562588e-03 -3.211550320064619074e-02
3.145224048057615462e-03 -3.994690102517186453e-02
4.528077426915411152e-03 -4.764990799696248308e-02
6.161535538745877005e-03 -5.520205684407997887e-02
8.045187169204659483e-03 -6.258253939903468677e-02
1.017855811906731578e-02 -6.977240366267810356e-02
1.256111132360571148e-02 -7.675471752410932547e-02
1.519224698779197968e-02 -8.351469662115056092e-02
1.807130273729329328e-02 -9.003979460915811917e-02
2.119755378522125699e-02 -9.631975491969882452e-02
2.457021311459295365e-02 -1.023466239150873230e-01
2.818843167645834757e-02 -1.081147261600290815e-01
3.205129860364375194e-02 -1.136206033180166136e-01
3.615784144005795842e-02 -1.188629189189166074e-01
4.050702638550263135e-02 -1.238423319179182414e-01
4.509775855592612626e-02 -1.285613425590149683e-01
4.992888225905456334e-02 -1.330241145549623250e-01
5.499918128533154427e-02 -1.372362779892163376e-01
6.030737921409157209e-02 -1.412047176255313008e-01
6.585213973489323358e-02 -1.449373514725185719e-01
7.163206698392743377e-02 -1.484429044915026308e-01
7.764570589541863743e-02 -1.517306822576285630e-01
8.389154256793041053e-02 -1.548103491906780704e-01
9.036800464548166989e-02 -1.576917156707712264e-01
9.707346171337882801e-02 -1.603845379552531480e-01
1.040062257086641351e-01 -1.628983343292680630e-01
1.111645513450765232e-01 -1.652422203687417823e-01
1.185466365524179277e-01 -1.674247655873876417e-01
1.261506229302150617e-01 -1.694538730969403217e-01
1.339745962155614034e-01 -1.713366832509122806e-01
1.420165867650229341e-01 -1.730795015858508923e-01
1.502745700504856119e-01 -1.746877507391838558e-01
1.587464671688187945e-01 -1.761659454272874181e-01
1.674301453652287108e-01 -1.775176890280718012e-01
1.763234185701672008e-01 -1.787456898439988562e-01
1.854240479496642724e-01 -1.798517947365667058e-01
1.947297424689413692e-01 -1.808370375317897016e-01
2.042381594691679014e-01 -1.817016994049159007e-01
2.139469052572124941e-01 -1.824453783651669159e-01
2.238535357082431787e-01 -1.830670649778412540e-01
2.339555568810219865e-01 -1.835652215784320251e-01
2.442504256457417311e-01 -1.839378624447733646e-01
2.547355503242452190e-01 -1.841826326886829013e-01
2.654082913424666845e-01 -1.842968839951261983e-01
2.762659618949298013e-01 -1.842777457589144796e-01
2.873058286211370715e-01 -1.841221906284652432e-01
2.985251122936787294e-01 -1.838270939435859563e-01
3.099209885178879631e-01 -1.833892870288632293e-01
3.214905884428678196e-01 -1.828056047548636542e-01
3.332309994837083789e-01 -1.820729281850658188e-01
3.451392660547150104e-01 -1.811882234672740344e-01
3.572123903134606371e-01 -1.801485783860055923e-01
3.694473329154774888e-01 -1.789512381511943750e-01
3.818410137793947223e-01 -1.775936420458894272e-01
3.943903128623333920e-01 -1.760734624825929240e-01
4.070920709453594855e-01 -1.743886478199986600e-01
4.199430904288018462e-01 -1.725374699695254033e-01
4.329401361372292589e-01 -1.705185773797749105e-01
4.460799361338897429e-01 -1.683310534379497125e-01
4.593591825444023335e-01 -1.659744796869855321e-01
4.727745323894976259e-01 -1.634490025478917696e-01
4.863226084265935834e-01 -1.607554014861038161e-01
5.000000000000001110e-01 -1.578951558010878720e-01
5.138032638995313484e-01 -1.548705064870382897e-01
5.277289252273172915e-01 -1.516845089501002164e-01
5.417734782725895926e-01 -1.483410718179370147e-01
5.559333873942259308e-01 -1.448449766864181310e-01
5.702050879108284676e-01 -1.412018734623945171e-01
5.845849869981135649e-01 -1.374182460272648232e-01
5.990694645933862805e-01 -1.335013433079803580e-01
6.136548743068714895e-01 -1.294590715419244586e-01
6.283375443396724824e-01 -1.252998445969269736e-01
6.431137784081281117e-01 -1.210323906888656903e-01
6.579798566743311206e-01 -1.166655157509550317e-01
6.729320366825783939e-01 -1.122078260663968985e-01
6.879665543015128781e-01 -1.076674155852349740e-01
7.030796246717250231e-01 -1.030515266016844428e-01
7.182674431585703845e-01 -9.836619615268038519e-02
7.335261863099650226e-01 -9.361590458195516440e-02
7.488520128189207758e-01 -8.880324715344131703e-02
7.642410644905727191e-01 -8.392865433645148310e-02
7.796894672134594417e-01 -7.899019135255064272e-02
7.951933319348093443e-01 -7.398347268660628029e-02
8.107487556395898132e-01 -6.890173242563546463e-02
8.263518223330695855e-01 -6.373609639028057772e-02
8.419986040266501659e-01 -5.847610694573664863e-02
8.576851617267149397e-01 -5.311055599310917502e-02
8.734075464262507360e-01 -4.762868581232585635e-02
8.891618000989889303e-01 -4.202182101219552324e-02
9.049439566958173975e-01 -3.628549769714353723e-02
9.207500431432115162e-01 -3.042215793808154822e-02
9.365760803434354242e-01 -2.444447859341984663e-02
9.524180841762578398e-01 -1.837940332706892999e-02
9.682720665019324269e-01 -1.227294518309902417e-02
9.841340361651920166e-01 -6.195824182373140844e-03
9.999999999999998890e-01 -2.500000000000408254e-04
