9.999999999999998890e-01 2.500000000000439154e-04
9.841340361651920166e-01 6.497338055287759685e-03
9.682720665019324269e-01 1.262960224396673242e-02
9.524180841762578398e-01 1.858674647936969793e-02
9.365760803434354242e-01 2.433061159280242719e-02
9.207500431432115162e-01 2.984029683270024436e-02
9.049439566958173975e-01 3.510815419866753634e-02
8.891618000989889303e-01 4.013636627288293818e-02
8.734075464262507360e-01 4.493406477359180445e-02
8.576851617267149397e-01 4.951494465708203285e-02
8.419986040266501659e-01 5.389532717230748754e-02
8.263518223330695855e-01 5.809262475242730345e-02
8.107487556395898132e-01 6.212416092776409243e-02
7.951933319348093443e-01 6.600629947643073259e-02
7.796894672134594417e-01 6.975383869905393830e-02
7.642410644905727191e-01 7.337962891704270796e-02
7.488520128189207758e-01 7.689437395342445247e-02
7.335261863099650226e-01 8.030658036617403794e-02
7.182674431585703845e-01 8.362262147359031395e-02
7.030796246717250231e-01 8.684688665111559014e-02
6.879665543015128781e-01 8.998198990585550006e-02
6.729320366825783939e-01 9.302901527217813382e-02
6.579798566743311206e-01 9.598778004968171185e-02
6.431137784081281117e-01 9.885710026204580503e-02
6.283375443396724824e-01 1.016350458988264926e-01
6.136548743068714895e-01 1.043191764678932099e-01
5.990694645933862805e-01 1.069067500986042168e-01
5.845849869981135649e-01 1.093949018684391428e-01
5.702050879108284676e-01 1.117807891606993898e-01
5.559333873942259308e-01 1.140617036882751456e-01
5.417734782725895926e-01 1.162351513362519934e-01
5.277289252273172915e-01 1.182989021892066617e-01
5.138032638995313484e-01 1.202510140286295603e-01
5.000000000000001110e-01 1.220898332287140703e-01
4.863226084265935834e-01 1.238139773660953402e-01
4.727745323894976259e-01 1.254223040160792335e-01
4.593591825444023335e-01 1.269138701623793719e-01
4.460799361338897429e-01 1.282878864292271714e-01
4.329401361372292589e-01 1.295436699848630524e-01
4.199430904288018462e-01 1.306805994950262506e-01
4.070920709453594855e-01 1.316980749547894680e-01
3.943903128623333920e-01 1.325954846263640852e-01
3.818410137793947223e-01 1.333721806869371806e-01
3.694473329154774888e-01 1.340274645694224387e-01
3.572123903134606371e-01 1.345605823826627190e-01
3.451392660547150104e-01 1.349707302454263014e-01
3.332309994837083789e-01 1.352570688764507811e-01
3.214905884428678196e-01 1.354187463632723076e-01
3.099209885178879631e-01 1.354549276945683778e-01
2.985251122936787294e-01 1.353648293896995980e-01
2.873058286211370715e-01 1.351477573971783253e-01
2.762659618949298013e-01 1.348031463599121682e-01
2.654082913424666845e-01 1.343305983554193284e-01
2.547355503242452190e-01 1.337299193074134029e-01
2.442504256457417311e-01 1.330011514227190939e-01
2.339555568810219865e-01 1.321446002241608020e-01
2.238535357082431787e-01 1.311608550143487373e-01
2.139469052572124941e-01 1.300508019047774688e-01
2.042381594691679014e-01 1.288156288665324167e-01
1.947297424689413692e-01 1.274568225903487395e-01
1.854240479496642724e-01 1.259761572723427370e-01
1.763234185701672008e-01 1.243756757557435283e-01
1.674301453652287108e-01 1.226576637477678894e-01
1.587464671688187945e-01 1.208246180851098861e-01
1.502745700504856119e-01 1.188792102336368450e-01
1.420165867650229341e-01 1.168242463717793223e-01
1.339745962155614034e-01 1.146626255186087434e-01
1.261506229302150617e-01 1.123972972244107055e-01
1.185466365524179277e-01 1.100312203432694119e-01
1.111645513450765232e-01 1.075673243551669572e-01
1.040062257086641351e-01 1.050084746024670113e-01
9.707346171337882801e-02 1.023574426570368068e-01
9.036800464548166989e-02 9.961688284564661211e-02
8.389154256793041053e-02 9.678931573979816794e-02
7.764570589541863743e-02 9.387711916974174342e-02
7.163206698392743377e-02 9.088252705974066148e-02
6.585213973489323358e-02 8.780763611153132031e-02
6.030737921409157209e-02 8.465442009435665549e-02
5.499918128533154427e-02 8.142475124163361944e-02
4.992888225905456334e-02 7.812042801447921514e-02
4.509775855592612626e-02 7.474320827845831738e-02
4.050702638550263135e-02 7.129484675857801490e-02
3.615784144005795842e-02 6.777713549418555583e-02
3.205129860364375194e-02 6.419194591418064810e-02
2.818843167645834757e-02 6.054127109665209672e-02
2.457021311459295365e-02 5.682726676705136121e-02
2.119755378522125699e-02 5.305228962526670200e-02
1.807130273729329328e-02 4.921893167295132016e-02
1.519224698779197968e-02 4.533004933534703906e-02
1.256111132360571148e-02 4.138878633251007189e-02
1.017855811906731578e-02 3.739858944806467855e-02
8.045187169204659483e-03 3.336321656319777423e-02
6.161535538745877005e-03 2.928673656263390893e-02
4.528077426915411152e-03 2.517352097029982444e-02
3.145224048057615462e-03 2.102822742752949794e-02
2.013323528115562588e-03 1.685577537806110318e-02
1.132660816992037134e-03 1.266131456404467719e-02
5.034576168149174080e-04 8.450187158448668745e-03
1.258723261249317105e-04 4.227884554882765065e-03
0.000000000000000000e+00 0.000000000000000000e+00
1.258723261249317105e-04 -4.178335302431532977e-03
5.034576168149174080e-04 -8.349934634077928880e-03
1.132660816992037134e-03 -1.250805661820185953e-02
2.013323528115562588e-03 -1.664607369194881156e-02
3.145224048057615462e-03 -2.075752589632556475e-02
4.528077426915411152e-03 -2.483617100268027678e-02
6.161535538745877005e-03 -2.887602989616765148e-02
8.045187169204659483e-03 -3.287142625364206788e-02
1.017855811906731578e-02 -3.681701969414899467e-02
1.256111132360571148e-02 -4.070783174123851489e-02
1.519224698779197968e-02 -4.453926411375140615e-02
1.807130273729329328e-02 -4.830710905114017628e-02
2.119755378522125699e-02 -5.200755157613969754e-02
2.457021311459295365e-02 -5.563716379678999152e-02
2.818843167645834757e-02 -5.919289154650565765e-02
3.205129860364375194e-02 -6.267203385015543415e-02
3.615784144005795842e-02 -6.607221588121330036e-02
4.050702638550263135e-02 -6.939135623548126075e-02
4.509775855592612626e-02 -7.262762948657007500e-02
4.992888225905456334e-02 -7.577942510364234219e-02
5.499918128533154427e-02 -7.884530389983973597e-02
6.030737921409157209e-02 -8.182395323795257913e-02
6.585213973489323358e-02 -8.471414224659028214e-02
7.163206698392743377e-02 -8.751467829447670543e-02
7.764570589541863743e-02 -9.022436593243685077e-02
8.389154256793041053e-02 -9.284196944286914055e-02
9.036800464548166989e-02 -9.536618003652246045e-02
9.707346171337882801e-02 -9.779558860850923185e-02
1.040062257086641351e-01 -1.001286648126947787e-01
1.111645513450765232e-01 -1.023637430395901438e-01
1.185466365524179277e-01 -1.044990156919010232e-01
1.261506229302150617e-01 -1.065325339487073197e-01
1.339745962155614034e-01 -1.084622159989958451e-01
1.420165867650229341e-01 -1.102858625133455311e-01
1.502745700504856119e-01 -1.120011789145006903e-01
1.587464671688187945e-01 -1.136058038089072797e-01
1.674301453652287108e-01 -1.150973427574275426e-01
1.763234185701672008e-01 -1.164734063995383068e-01
1.854240479496642724e-01 -1.177316518060948919e-01
1.947297424689413692e-01 -1.188698258254244217e-01
2.042381594691679014e-01 -1.198858091096922790e-01
2.139469052572124941e-01 -1.207776594659882435e-01
2.238535357082431787e-01 -1.215436531714388785e-01
2.339555568810219865e-01 -1.221823229249691806e-01
2.442504256457417311e-01 -1.226924911802840801e-01
2.547355503242452190e-01 -1.230732977143974838e-01
2.654082913424666845e-01 -1.233242204317993168e-01
2.762659618949298013e-01 -1.234450885833359018e-01
2.873058286211370715e-01 -1.234360877873601076e-01
2.985251122936787294e-01 -1.232977564740866394e-01
3.099209885178879631e-01 -1.230309736269561416e-01
3.214905884428678196e-01 -1.226369379610725285e-01
3.332309994837083789e-01 -1.221171389517531347e-01
3.451392660547150104e-01 -1.214733203988032639e-01
3.572123903134606371e-01 -1.207074374768949548e-01
3.694473329154774888e-01 -1.198216084718661256e-01
3.818410137793947223e-01 -1.188180626293836861e-01
3.943903128623333920e-01 -1.176990857389765693e-01
4.070920709453594855e-01 -1.164669652360949131e-01
4.199430904288018462e-01 -1.151239367213037906e-01
4.329401361372292589e-01 -1.136721338634565093e-01
4.460799361338897429e-01 -1.121135436680672365e-01
4.593591825444023335e-01 -1.104499690495412273e-01
4.727745323894976259e-01 -1.086830005440057451e-01
4.863226084265935834e-01 -1.068139988370745974e-01
5.000000000000001110e-01 -1.048440895581992105e-01
5.138032638995313484e-01 -1.027741715119401128e-01
5.277289252273172915e-01 -1.006049391796088321e-01
5.417734782725895926e-01 -9.833691993680111765e-02
5.559333873942259308e-01 -9.597052599928374006e-02
5.702050879108284676e-01 -9.350612063878303848e-02
5.845849869981135649e-01 -9.094409770996356168e-02
5.990694645933862805e-01 -8.828497300993382035e-02
6.136548743068714895e-01 -8.552948546258824780e-02
6.283375443396724824e-01 -8.267870559341837511e-02
6.431137784081281117e-01 -7.973414824811962676e-02
6.579798566743311206e-01 -7.669788602278861112e-02
6.729320366825783939e-01 -7.357265942728888342e-02
6.879665543015128781e-01 -7.036197940890338842e-02
7.030796246717250231e-01 -6.707021753275897724e-02
7.182674431585703845e-01 -6.370267886016227343e-02
7.335261863099650226e-01 -6.026565239649102346e-02
7.488520128189207758e-01 -5.676643390609152628e-02
7.642410644905727191e-01 -5.321331592081334633e-02
7.796894672134594417e-01 -4.961553990784834528e-02
7.951933319348093443e-01 -4.598320581613693503e-02
8.107487556395898132e-01 -4.232713459148827045e-02
8.263518223330695855e-01 -3.865867973937295310e-02
8.419986040266501659e-01 -3.498948461950247141e-02
8.576851617267149397e-01 -3.133118287395617041e-02
8.734075464262507360e-01 -2.769504021457844245e-02
8.891618000989889303e-01 -2.409153671718347600e-02
9.049439566958173975e-01 -2.052988977905099988e-02
9.207500431432115162e-01 -1.701751897941915573e-02
9.365760803434354242e-01 -1.355945522530887029e-02
9.524180841762578398e-01 -1.015769775036298034e-02
9.682720665019324269e-01 -6.810523744156599807e-03
9.841340361651920166e-01 -3.511756604006941243e-03
9.999999999999998890e-01 -2.500000000000227192e-04
