9.999999999999998890e-01 2.500000000002505643e-04
9.841340361651920166e-01 3.186071968859623127e-02
9.682720665019324269e-01 5.628518861174586912e-02
9.524180841762578398e-01 7.510858546002628644e-02
9.365760803434354242e-01 8.962836611171398626e-02
9.207500431432115162e-01 1.008943637179191832e-01
9.049439566958173975e-01 1.097451446824184162e-01
8.891618000989889303e-01 1.168407183432158963e-01
8.734075464262507360e-01 1.226917322073076966e-01
8.576851617267149397e-01 1.276853131354440674e-01
8.419986040266501659e-01 1.321077380493834996e-01
8.263518223330695855e-01 1.361641357380528050e-01
8.107487556395898132e-01 1.399954344290220976e-01
7.951933319348093443e-01 1.436927782769641115e-01
7.796894672134594417e-01 1.473096401528970201e-01
7.642410644905727191e-01 1.508718584820715192e-01
7.488520128189207758e-01 1.543858227840120001e-01
7.335261863099650226e-01 1.578450264410930504e-01
7.182674431585703845e-01 1.612351964954642503e-01
7.030796246717250231e-01 1.645381993814367116e-01
6.879665543015128781e-01 1.677349088676445277e-01
6.729320366825783939e-01 1.708072085226902126e-01
6.579798566743311206e-01 1.737392861222921692e-01
6.431137784081281117e-01 1.765183619533523540e-01
6.283375443396724824e-01 1.791349772802815210e-01
6.136548743068714895e-01 1.815829536287071888e-01
5.990694645933862805e-01 1.838591182841090299e-01
5.845849869981135649e-01 1.859628767344553013e-01
5.702050879108284676e-01 1.878956989058892246e-01
5.559333873942259308e-01 1.896605731109674842e-01
5.417734782725895926e-01 1.912614697752201554e-01
5.277289252273172915e-01 1.927028463197063834e-01
5.138032638995313484e-01 1.939892151109101903e-01
5.000000000000001110e-01 1.951247881694543052e-01
4.863226084265935834e-01 1.961132053516764229e-01
4.727745323894976259e-01 1.969573469533977550e-01
4.593591825444023335e-01 1.976592270810760277e-01
4.460799361338897429e-01 1.982199606208537024e-01
4.329401361372292589e-01 1.986397941242309673e-01
4.199430904288018462e-01 1.989181893216904473e-01
4.070920709453594855e-01 1.990539471656211368e-01
3.943903128623333920e-01 1.990453601791978833e-01
3.818410137793947223e-01 1.988903813343233240e-01
3.694473329154774888e-01 1.985867985860487461e-01
3.572123903134606371e-01 1.981324054432173631e-01
3.451392660547150104e-01 1.975251594513184050e-01
3.332309994837083789e-01 1.967633221072526972e-01
3.214905884428678196e-01 1.958455754296626883e-01
3.099209885178879631e-01 1.947711120958681708e-01
2.985251122936787294e-01 1.935396976617275167e-01
2.873058286211370715e-01 1.921517048501019120e-01
2.762659618949298013e-01 1.906081211850941537e-01
2.654082913424666845e-01 1.889105323326433772e-01
2.547355503242452190e-01 1.870610843643739918e-01
2.442504256457417311e-01 1.850624287823852132e-01
2.339555568810219865e-01 1.829176545290647493e-01
2.238535357082431787e-01 1.806302113676935273e-01
2.139469052572124941e-01 1.782038289735382586e-01
2.042381594691679014e-01 1.756424358442109923e-01
1.947297424689413692e-01 1.729500817498470233e-01
1.854240479496642724e-01 1.701308669288489617e-01
1.763234185701672008e-01 1.671888806261755955e-01
1.674301453652287108e-01 1.641281509016315754e-01
1.587464671688187945e-01 1.609526069379148272e-01
1.502745700504856119e-01 1.576660543832243133e-01
1.420165867650229341e-01 1.542721635992917451e-01
1.339745962155614034e-01 1.507744700776854629e-01
1.261506229302150617e-01 1.471763857560047517e-01
1.185466365524179277e-01 1.434812195275830538e-01
1.111645513450765232e-01 1.396922049052673198e-01
1.040062257086641351e-01 1.358125325786661841e-01
9.707346171337882801e-02 1.318453854971573247e-01
9.036800464548166989e-02 1.277939741156072784e-01
8.389154256793041053e-02 1.236615695497279843e-01
7.764570589541863743e-02 1.194515325931495842e-01
7.163206698392743377e-02 1.151673368353866023e-01
6.585213973489323358e-02 1.108125844732262832e-01
6.030737921409157209e-02 1.063910138101932523e-01
5.499918128533154427e-02 1.019064978711172048e-01
4.992888225905456334e-02 9.736303400257684260e-02
4.509775855592612626e-02 9.276472476658553790e-02
4.050702638550263135e-02 8.811575084680108028e-02
3.615784144005795842e-02 8.342033705786423836e-02
3.205129860364375194e-02 7.868271286536178410e-02
2.818843167645834757e-02 7.390706907509436707e-02
2.457021311459295365e-02 6.909751252734935845e-02
2.119755378522125699e-02 6.425802072936824538e-02
1.807130273729329328e-02 5.939239837492690105e-02
1.519224698779197968e-02 5.450423763487095841e-02
1.256111132360571148e-02 4.959688396053302945e-02
1.017855811906731578e-02 4.467340893001112145e-02
8.045187169204659483e-03 3.973659139461463430e-02
6.161535538745877005e-03 3.478890786082784736e-02
4.528077426915411152e-03 2.983253268499300864e-02
3.145224048057615462e-03 2.486934827787893112e-02
2.013323528115562588e-03 1.990096512925048841e-02
1.132660816992037134e-03 1.492875108353420785e-02
5.034576168149174080e-04 9.953868941213613389e-03
1.258723261249317105e-04 4.977321140274701405e-03
0.000000000000000000e+00 0.000000000000000000e+00
1.258723261249317105e-04 -4.722153653699383453e-03
5.034576168149174080e-04 -9.430848296043044601e-03
1.132660816992037134e-03 -1.411274399479791469e-02
2.013323528115562588e-03 -1.875485978784963148e-02
3.145224048057615462e-03 -2.334474064731436455e-02
4.528077426915411152e-03 -2.787060985715828984e-02
6.161535538745877005e-03 -3.232150267353023354e-02
8.045187169204659483e-03 -3.668737773338651836e-02
1.017855811906731578e-02 -4.095920338540539468e-02
1.256111132360571148e-02 -4.512901691467535725e-02
1.519224698779197968e-02 -4.918995549327206257e-02
1.807130273729329328e-02 -5.313625858451820339e-02
2.119755378522125699e-02 -5.696324243017341499e-02
2.457021311459295365e-02 -6.066724812736300210e-02
2.818843167645834757e-02 -6.424556562676157767e-02
3.205129860364375194e-02 -6.769633672797956137e-02
3.615784144005795842e-02 -7.101844078733603183e-02
4.050702638550263135e-02 -7.421136736562189418e-02
4.509775855592612626e-02 -7.727508041150422946e-02
4.992888225905456334e-02 -8.020987878700208684e-02
5.499918128533154427e-02 -8.301625798724662775e-02
6.030737921409157209e-02 -8.569477778526357614e-02
6.585213973489323358e-02 -8.824594024717623275e-02
7.163206698392743377e-02 -9.067008212301275183e-02
7.764570589541863743e-02 -9.296728503764133122e-02
8.389154256793041053e-02 -9.513730620469733334e-02
9.036800464548166989e-02 -9.717953158765373078e-02
9.707346171337882801e-02 -9.909295256414363262e-02
1.040062257086641351e-01 -1.008761662429147193e-01
1.111645513450765232e-01 -1.025273986699951345e-01
1.185466365524179277e-01 -1.040445492752800627e-01
1.261506229302150617e-01 -1.054252540860931286e-01
1.339745962155614034e-01 -1.066669645022297330e-01
1.420165867650229341e-01 -1.077670378169231086e-01
1.502745700504856119e-01 -1.087228352058099284e-01
1.587464671688187945e-01 -1.095318226123677130e-01
1.674301453652287108e-01 -1.101916698489017049e-01
1.763234185701672008e-01 -1.107003433160721334e-01
1.854240479496642724e-01 -1.110561880232759646e-01
1.947297424689413692e-01 -1.112579950616970070e-01
2.042381594691679014e-01 -1.113050513287187626e-01
2.139469052572124941e-01 -1.111971691064123080e-01
2.238535357082431787e-01 -1.109346940305874357e-01
2.339555568810219865e-01 -1.105184910164929840e-01
2.442504256457417311e-01 -1.099499087930428803e-01
2.547355503242452190e-01 -1.092307247951703753e-01
2.654082913424666845e-01 -1.083630732260314894e-01
2.762659618949298013e-01 -1.073493600779720225e-01
2.873058286211370715e-01 -1.061921697440412760e-01
2.985251122936787294e-01 -1.048941685127599277e-01
3.099209885178879631e-01 -1.034580106738774152e-01
3.214905884428678196e-01 -1.018862531336960919e-01
3.332309994837083789e-01 -1.001812843145300502e-01
3.451392660547150104e-01 -9.834527267282168472e-02
3.572123903134606371e-01 -9.638013940447702488e-02
3.694473329154774888e-01 -9.428755881704647956e-02
3.818410137793947223e-01 -9.206898845364216988e-02
3.943903128623333920e-01 -8.972572938534052744e-02
4.070920709453594855e-01 -8.725901519562953568e-02
4.199430904288018462e-01 -8.467012612681931727e-02
4.329401361372292589e-01 -8.196052272498358104e-02
4.460799361338897429e-01 -7.913199120319161506e-02
4.593591825444023335e-01 -7.618679075326162398e-02
4.727745323894976259e-01 -7.312779129761810826e-02
4.863226084265935834e-01 -6.995858881948871510e-02
5.000000000000001110e-01 -6.668358458428706725e-02
5.138032638995313484e-01 -6.330801441548478126e-02
5.277289252273172915e-01 -5.983791486419887812e-02
5.417734782725895926e-01 -5.628001476067934911e-02
5.559333873942259308e-01 -5.264154339915981529e-02
5.702050879108284676e-01 -4.892995061578499921e-02
5.845849869981135649e-01 -4.515253938792763294e-02
5.990694645933862805e-01 -4.131601840762964134e-02
6.136548743068714895e-01 -3.742599043305080975e-02
6.283375443396724824e-01 -3.348640214149955358e-02
6.431137784081281117e-01 -2.949899270429863149e-02
6.579798566743311206e-01 -2.546279134852585252e-02
6.729320366825783939e-01 -2.137372869387714480e-02
6.879665543015128781e-01 -1.722444254112283010e-02
7.030796246717250231e-01 -1.300437588247421034e-02
7.182674431585703845e-01 -8.700282996824983822e-03
7.335261863099650226e-01 -4.297278329370875054e-03
7.488520128189207758e-01 2.194178670914097577e-04
7.642410644905727191e-01 4.861863781883364599e-03
7.796894672134594417e-01 9.635717770782549138e-03
7.951933319348093443e-01 1.453528680406392104e-02
8.107487556395898132e-01 1.953707375712353256e-02
8.263518223330695855e-01 2.459158023679414162e-02
8.419986040266501659e-01 2.961310843898501757e-02
8.576851617267149397e-01 3.446729510396921020e-02
8.734075464262507360e-01 3.895610352182136971e-02
8.891618000989889303e-01 4.279999628745077139e-02
9.049439566958173975e-01 4.561701264550161589e-02
9.207500431432115162e-01 4.689848031030509345e-02
9.365760803434354242e-01 4.598110307121829748e-02
9.524180841762578398e-01 4.201518272977892987e-02
9.682720665019324269e-01 3.392875733595100002e-02
9.841340361651920166e-01 2.038746760193348509e-02
9.999999999999998890e-01 -2.499999999998263160e-04
