9.999999999999998890e-01 2.500000000001156896e-04
9.841340361651920166e-01 1.592914288585157642e-02
9.682720665019324269e-01 3.031965572311049253e-02
9.524180841762578398e-01 4.391770628800724385e-02
9.365760803434354242e-01 5.705910489087358956e-02
9.207500431432115162e-01 6.995561506721020839e-02
9.049439566958173975e-01 8.272574443302686820e-02
8.891618000989889303e-01 9.542044960637628692e-02
8.734075464262507360e-01 1.080442108052432765e-01
8.576851617267149397e-01 1.205719435241813103e-01
8.419986040266501659e-01 1.329622173409694130e-01
8.263518223330695855e-01 1.451672462721279588e-01
8.107487556395898132e-01 1.571401021125412301e-01
7.951933319348093443e-01 1.688395828370378715e-01
7.796894672134594417e-01 1.802331434145285904e-01
7.642410644905727191e-01 1.912982672991336286e-01
7.488520128189207758e-01 2.020226244170081342e-01
7.335261863099650226e-01 2.124033266330048741e-01
7.182674431585703845e-01 2.224455553844343625e-01
7.030796246717250231e-01 2.321607992787745045e-01
6.879665543015128781e-01 2.415649027674976190e-01
6.729320366825783939e-01 2.506760912494468418e-01
6.579798566743311206e-01 2.595131037580100664e-01
6.431137784081281117e-01 2.680935322884650529e-01
6.283375443396724824e-01 2.764324372719018652e-01
6.136548743068714895e-01 2.845412820504117923e-01
5.990694645933862805e-01 2.924272057096505284e-01
5.845849869981135649e-01 3.000926334414399932e-01
5.702050879108284676e-01 3.075352068142499506e-01
5.559333873942259308e-01 3.147480029138903790e-01
5.417734782725895926e-01 3.217200011955255734e-01
5.277289252273172915e-01 3.284367499085867892e-01
5.138032638995313484e-01 3.348811799070604001e-01
5.000000000000001110e-01 3.410345122786563876e-01
4.863226084265935834e-01 3.468772072180837940e-01
4.727745323894976259e-01 3.523899046035698923e-01
4.593591825444023335e-01 3.575543114643460196e-01
4.460799361338897429e-01 3.623539975932202895e-01
4.329401361372292589e-01 3.667750676056731884e-01
4.199430904288018462e-01 3.708066854267819679e-01
4.070920709453594855e-01 3.744414351677405328e-01
3.943903128623333920e-01 3.776755103261033031e-01
3.818410137793947223e-01 3.805087309286618868e-01
3.694473329154774888e-01 3.829443953875708018e-01
3.572123903134606371e-01 3.849889802511841652e-01
3.451392660547150104e-01 3.866517065334855729e-01
3.332309994837083789e-01 3.879439957740541400e-01
3.214905884428678196e-01 3.888788423301853814e-01
3.099209885178879631e-01 3.894701305912265932e-01
2.985251122936787294e-01 3.897319268289164973e-01
2.873058286211370715e-01 3.896777752899064917e-01
2.762659618949298013e-01 3.893200269643823930e-01
2.654082913424666845e-01 3.886692273239063522e-01
2.547355503242452190e-01 3.877335863330798604e-01
2.442504256457417311e-01 3.865185503440980996e-01
2.339555568810219865e-01 3.850264912360019665e-01
2.238535357082431787e-01 3.832565235261036207e-01
2.139469052572124941e-01 3.812044553283860937e-01
2.042381594691679014e-01 3.788628741303255443e-01
1.947297424689413692e-01 3.762213635674432344e-01
1.854240479496642724e-01 3.732668428454907206e-01
1.763234185701672008e-01 3.699840163309025542e-01
1.674301453652287108e-01 3.663559172207324077e-01
1.587464671688187945e-01 3.623645262131641176e-01
1.502745700504856119e-01 3.579914438058060533e-01
1.420165867650229341e-01 3.532185933045027260e-01
1.339745962155614034e-01 3.480289308590283071e-01
1.261506229302150617e-01 3.424071388579186248e-01
1.185466365524179277e-01 3.363402797933531252e-01
1.111645513450765232e-01 3.298183892063425438e-01
1.040062257086641351e-01 3.228349884800175706e-01
9.707346171337882801e-02 3.153875009838281174e-01
9.036800464548166989e-02 3.074775582879809011e-01
8.389154256793041053e-02 2.991111867573559846e-01
7.764570589541863743e-02 2.902988686806268759e-01
7.163206698392743377e-02 2.810554760714119027e-01
6.585213973489323358e-02 2.714000792705472676e-01
6.030737921409157209e-02 2.613556363605534782e-01
5.499918128533154427e-02 2.509485730591665686e-01
4.992888225905456334e-02 2.402082660811618586e-01
4.509775855592612626e-02 2.291664458509807267e-01
4.050702638550263135e-02 2.178565368313022665e-01
3.615784144005795842e-02 2.063129555393643233e-01
3.205129860364375194e-02 1.945703875058859555e-01
2.818843167645834757e-02 1.826630649622088542e-01
2.457021311459295365e-02 1.706240669103629981e-01
2.119755378522125699e-02 1.584846624482739996e-01
1.807130273729329328e-02 1.462737168171299174e-01
1.519224698779197968e-02 1.340171776567520290e-01
1.256111132360571148e-02 1.217376564606220679e-01
1.017855811906731578e-02 1.094541172923186728e-01
8.045187169204659483e-03 9.718168154877070142e-02
6.161535538745877005e-03 8.493155403160149164e-02
4.528077426915411152e-03 7.271107192098252847e-02
3.145224048057615462e-03 6.052387454548079776e-02
2.013323528115562588e-03 4.837018821520871342e-02
1.132660816992037134e-03 3.624721694049480580e-02
5.034576168149174080e-04 2.414962669474922038e-02
1.258723261249317105e-04 1.207010809023163940e-02
0.000000000000000000e+00 0.000000000000000000e+00
1.258723261249317105e-04 -1.023860218603105283e-02
5.034576168149174080e-04 -2.043489583686596694e-02
1.132660816992037134e-03 -3.054748570795999194e-02
2.013323528115562588e-03 -4.053690069338029139e-02
3.145224048057615462e-03 -5.036648590445438889e-02
4.528077426915411152e-03 -6.000321304670124672e-02
6.161535538745877005e-03 -6.941838561821063458e-02
8.045187169204659483e-03 -7.858821853407424451e-02
1.017855811906731578e-02 -8.749427546407900769e-02
1.256111132360571148e-02 -9.612375134877687577e-02
1.519224698779197968e-02 -1.044695921118369286e-01
1.807130273729329328e-02 -1.125304483826088386e-01
2.119755378522125699e-02 -1.203104649430195017e-01
2.457021311459295365e-02 -1.278189124744286420e-01
2.818843167645834757e-02 -1.350696728605337293e-01
3.205129860364375194e-02 -1.420805936638014633e-01
3.615784144005795842e-02 -1.488727313055657198e-01
4.050702638550263135e-02 -1.554695058262880181e-01
4.509775855592612626e-02 -1.618957927804797747e-01
4.992888225905456334e-02 -1.681769797469548078e-01
5.499918128533154427e-02 -1.743380160470962281e-01
6.030737921409157209e-02 -1.804024845224842521e-01
6.585213973489323358e-02 -1.863917236139145672e-01
7.163206698392743377e-02 -1.923240265171398400e-01
7.764570589541863743e-02 -1.982139419025351623e-01
8.389154256793041053e-02 -2.040716976368404934e-01
9.036800464548166989e-02 -2.099027652189842941e-01
9.707346171337882801e-02 -2.157075783437463201e-01
1.040062257086641351e-01 -2.214814142602068714e-01
1.111645513450765232e-01 -2.272144415353902214e-01
1.185466365524179277e-01 -2.328919326176086546e-01
1.261506229302150617e-01 -2.384946343765287913e-01
1.339745962155614034e-01 -2.439992847386442676e-01
1.420165867650229341e-01 -2.493792587967095520e-01
1.502745700504856119e-01 -2.546053235024590689e-01
1.587464671688187945e-01 -2.596464763952897048e-01
1.674301453652287108e-01 -2.644708409017496042e-01
1.763234185701672008e-01 -2.690465886682920638e-01
1.854240479496642724e-01 -2.733428582461666090e-01
1.947297424689413692e-01 -2.773306392894266392e-01
2.042381594691679014e-01 -2.809835922828013977e-01
2.139469052572124941e-01 -2.842787756828328294e-01
2.238535357082431787e-01 -2.871972551988467015e-01
2.339555568810219865e-01 -2.897245736938238170e-01
2.442504256457417311e-01 -2.918510647520587420e-01
2.547355503242452190e-01 -2.935719982143776274e-01
2.654082913424666845e-01 -2.948875517699011684e-01
2.762659618949298013e-01 -2.958026088401017328e-01
2.873058286211370715e-01 -2.963263893017504813e-01
2.985251122936787294e-01 -2.964719258621816289e-01
3.099209885178879631e-01 -2.962554049070681983e-01
3.214905884428678196e-01 -2.956953961698230993e-01
3.332309994837083789e-01 -2.948120004098513380e-01
3.451392660547150104e-01 -2.936259482328400505e-01
3.572123903134606371e-01 -2.921576860571850620e-01
3.694473329154774888e-01 -2.904264868688152257e-01
3.818410137793947223e-01 -2.884496236859153129e-01
3.943903128623333920e-01 -2.862416424867292863e-01
4.070920709453594855e-01 -2.838137686918562608e-01
4.199430904288018462e-01 -2.811734771384839515e-01
4.329401361372292589e-01 -2.783242498897846584e-01
4.460799361338897429e-01 -2.752655392929834188e-01
4.593591825444023335e-01 -2.719929455932049711e-01
4.727745323894976259e-01 -2.684986093395173024e-01
4.863226084265935834e-01 -2.647718090489541987e-01
5.000000000000001110e-01 -2.607997444367574080e-01
5.138032638995313484e-01 -2.565684753337059143e-01
5.277289252273172915e-01 -2.520639765891454220e-01
5.417734782725895926e-01 -2.472732602265082236e-01
5.559333873942259308e-01 -2.421855083234930595e-01
5.702050879108284676e-01 -2.367931539899515991e-01
5.845849869981135649e-01 -2.310928438715365574e-01
5.990694645933862805e-01 -2.250862142635258745e-01
6.136548743068714895e-01 -2.187804146001444128e-01
6.283375443396724824e-01 -2.121883171765285847e-01
6.431137784081281117e-01 -2.053283607997473115e-01
6.579798566743311206e-01 -1.982239889259237164e-01
6.729320366825783939e-01 -1.909026599214220243e-01
6.879665543015128781e-01 -1.833944284997265362e-01
7.030796246717250231e-01 -1.757301231474326930e-01
7.182674431585703845e-01 -1.679391743719883812e-01
7.335261863099650226e-01 -1.600471826760729577e-01
7.488520128189207758e-01 -1.520733529651999150e-01
7.642410644905727191e-01 -1.440279631800107096e-01
7.796894672134594417e-01 -1.359100787427202639e-01
7.951933319348093443e-01 -1.277057702258942162e-01
8.107487556395898132e-01 -1.193871386804341017e-01
8.263518223330695855e-01 -1.109125003760978861e-01
8.419986040266501659e-01 -1.022281292878418485e-01
8.576851617267149397e-01 -9.327200039083533012e-02
8.734075464262507360e-01 -8.398001851749763158e-02
8.891618000989889303e-01 -7.429525493543966130e-02
9.049439566958173975e-01 -6.418074564243532454e-02
9.207500431432115162e-01 -5.363643034475025495e-02
9.365760803434354242e-01 -4.272082789788628210e-02
9.524180841762578398e-01 -3.157805138725058858e-02
9.682720665019324269e-01 -2.047076281355146923e-02
9.841340361651920166e-01 -9.819652413998264384e-03
9.999999999999998890e-01 -2.500000000000612626e-04
