9.999999999999998890e-01 2.500000000001588408e-04
9.841340361651920166e-01 2.277487318113032011e-02
9.682720665019324269e-01 4.466836881740637866e-02
9.524180841762578398e-01 6.561868924082346621e-02
9.365760803434354242e-01 8.543006452643375770e-02
9.207500431432115162e-01 1.039989694854531882e-01
9.049439566958173975e-01 1.212933873637346838e-01
8.891618000989889303e-01 1.373349486767895533e-01
8.734075464262507360e-01 1.521837545430656247e-01
8.576851617267149397e-01 1.659256797295985686e-01
8.419986040266501659e-01 1.786619411424770210e-01
8.263518223330695855e-01 1.905007123708180317e-01
8.107487556395898132e-01 2.015505637759001933e-01
7.951933319348093443e-01 2.119155101213160142e-01
7.796894672134594417e-01 2.216914534547456128e-01
7.642410644905727191e-01 2.309638174499977492e-01
7.488520128189207758e-01 2.398061802640166218e-01
7.335261863099650226e-01 2.482797257223348930e-01
7.182674431585703845e-01 2.564333468901032753e-01
7.030796246717250231e-01 2.643042514007922783e-01
6.879665543015128781e-01 2.719189339077157652e-01
6.729320366825783939e-01 2.792943973271650449e-01
6.579798566743311206e-01 2.864395208187268671e-01
6.431137784081281117e-01 2.933564883946536694e-01
6.283375443396724824e-01 3.000422073987160099e-01
6.136548743068714895e-01 3.064896606168788229e-01
5.990694645933862805e-01 3.126891492878172696e-01
5.845849869981135649e-01 3.186293966205786532e-01
5.702050879108284676e-01 3.242984924884456110e-01
5.559333873942259308e-01 3.296846696786862596e-01
5.417734782725895926e-01 3.347769103996074969e-01
5.277289252273172915e-01 3.395653886745988448e-01
5.138032638995313484e-01 3.440417598134823396e-01
5.000000000000001110e-01 3.481993123972831894e-01
4.863226084265935834e-01 3.520330012197691594e-01
4.727745323894976259e-01 3.555393814936235186e-01
4.593591825444023335e-01 3.587164654625212834e-01
4.460799361338897429e-01 3.615635224860019314e-01
4.329401361372292589e-01 3.640808428131805941e-01
4.199430904288018462e-01 3.662694837694398520e-01
4.070920709453594855e-01 3.681310150834377071e-01
3.943903128623333920e-01 3.696672777135449062e-01
3.818410137793947223e-01 3.708801679211912727e-01
3.694473329154774888e-01 3.717714556034129592e-01
3.572123903134606371e-01 3.723426431477355192e-01
3.451392660547150104e-01 3.725948684069014250e-01
3.332309994837083789e-01 3.725288528929817100e-01
3.214905884428678196e-01 3.721448940298472952e-01
3.099209885178879631e-01 3.714428983348020963e-01
2.985251122936787294e-01 3.704224507644041098e-01
2.873058286211370715e-01 3.690829141815392678e-01
2.762659618949298013e-01 3.674235519920283077e-01
2.654082913424666845e-01 3.654436664577619398e-01
2.547355503242452190e-01 3.631427450059721007e-01
2.442504256457417311e-01 3.605206069967493709e-01
2.339555568810219865e-01 3.575775438503606685e-01
2.238535357082431787e-01 3.543144461322467187e-01
2.139469052572124941e-01 3.507329121013081363e-01
2.042381594691679014e-01 3.468353332971330083e-01
1.947297424689413692e-01 3.426249539233040542e-01
1.854240479496642724e-01 3.381059020258151415e-01
1.763234185701672008e-01 3.332831917183529113e-01
1.674301453652287108e-01 3.281626969231314361e-01
1.587464671688187945e-01 3.227510982345946910e-01
1.502745700504856119e-01 3.170558055364223748e-01
1.420165867650229341e-01 3.110848598787259167e-01
1.339745962155614034e-01 3.048468188277240198e-01
1.261506229302150617e-01 2.983506300172411030e-01
1.185466365524179277e-01 2.916054979500860567e-01
1.111645513450765232e-01 2.846207492149654406e-01
1.040062257086641351e-01 2.774057012052411619e-01
9.707346171337882801e-02 2.699695391602273675e-01
9.036800464548166989e-02 2.623212059143240626e-01
8.389154256793041053e-02 2.544693081556982373e-01
7.764570589541863743e-02 2.464220422901584606e-01
7.163206698392743377e-02 2.381871422062271093e-01
6.585213973489323358e-02 2.297718503752157193e-01
6.030737921409157209e-02 2.211829128274168943e-01
5.499918128533154427e-02 2.124265976543949497e-01
4.992888225905456334e-02 2.035087358288162618e-01
4.509775855592612626e-02 1.944347823363168637e-01
4.050702638550263135e-02 1.852098949047208121e-01
3.615784144005795842e-02 1.758390270170532566e-01
3.205129860364375194e-02 1.663270314245046400e-01
2.818843167645834757e-02 1.566787700474205902e-01
2.457021311459295365e-02 1.468992259750337148e-01
2.119755378522125699e-02 1.369936132514066873e-01
1.807130273729329328e-02 1.269674802640787248e-01
1.519224698779197968e-02 1.168268028263748648e-01
1.256111132360571148e-02 1.065780634526852094e-01
1.017855811906731578e-02 9.622831385246582991e-02
8.045187169204659483e-03 8.578521829375719554e-02
6.161535538745877005e-03 7.525707618821468603e-02
4.528077426915411152e-03 6.465282300223530731e-02
3.145224048057615462e-03 5.398200937668680421e-02
2.013323528115562588e-03 4.325475911419527503e-02
1.132660816992037134e-03 3.248170744161147511e-02
5.034576168149174080e-04 2.167392165080896105e-02
1.258723261249317105e-04 1.084280684003842941e-02
0.000000000000000000e+00 0.000000000000000000e+00
1.258723261249317105e-04 -1.049596217344402581e-02
5.034576168149174080e-04 -2.097215417738059959e-02
1.132660816992037134e-03 -3.140890210670951171e-02
2.013323528115562588e-03 -4.178684767495410152e-02
3.145224048057615462e-03 -5.208709908498783403e-02
4.528077426915411152e-03 -6.229137370191976247e-02
6.161535538745877005e-03 -7.238213002349715153e-02
8.045187169204659483e-03 -8.234268663501899399e-02
1.017855811906731578e-02 -9.215732607051474456e-02
1.256111132360571148e-02 -1.018113817766639340e-01
1.519224698779197968e-02 -1.112913066868128353e-01
1.807130273729329328e-02 -1.205847222549747133e-01
2.119755378522125699e-02 -1.296804471688994542e-01
2.457021311459295365e-02 -1.385685053514126019e-01
2.818843167645834757e-02 -1.472401132640839549e-01
3.205129860364375194e-02 -1.556876469401047847e-01
3.615784144005795842e-02 -1.639045895868463387e-01
4.050702638550263135e-02 -1.718854610053337229e-01
4.509775855592612626e-02 -1.796257304659370779e-01
4.992888225905456334e-02 -1.871217150488784231e-01
5.499918128533154427e-02 -1.943704657965981408e-01
6.030737921409157209e-02 -2.013696443245794332e-01
6.585213973489323358e-02 -2.081173927901746046e-01
7.163206698392743377e-02 -2.146122003179479210e-01
7.764570589541863743e-02 -2.208527691183799768e-01
8.389154256793041053e-02 -2.268378836085275796e-01
9.036800464548166989e-02 -2.325662858435116886e-01
9.707346171337882801e-02 -2.380365604927960066e-01
1.040062257086641351e-01 -2.432470324427677411e-01
1.111645513450765232e-01 -2.481956798763362837e-01
1.185466365524179277e-01 -2.528800653720273406e-01
1.261506229302150617e-01 -2.572972871820630170e-01
1.339745962155614034e-01 -2.614439523958211886e-01
1.420165867650229341e-01 -2.653161731784473010e-01
1.502745700504856119e-01 -2.689095867028449827e-01
1.587464671688187945e-01 -2.722193987773284252e-01
1.674301453652287108e-01 -2.752404505233224663e-01
1.763234185701672008e-01 -2.779673067917802776e-01
1.854240479496642724e-01 -2.803943643391997309e-01
1.947297424689413692e-01 -2.825159771312535928e-01
2.042381594691679014e-01 -2.843265955221451757e-01
2.139469052572124941e-01 -2.858209154895304249e-01
2.238535357082431787e-01 -2.869940336071289955e-01
2.339555568810219865e-01 -2.878416030286992666e-01
2.442504256457417311e-01 -2.883599854559067421e-01
2.547355503242452190e-01 -2.885463938855955535e-01
2.654082913424666845e-01 -2.883990208941755173e-01
2.762659618949298013e-01 -2.879171473310686014e-01
2.873058286211370715e-01 -2.871012265694183885e-01
2.985251122936787294e-01 -2.859529399072038847e-01
3.099209885178879631e-01 -2.844752193283466846e-01
3.214905884428678196e-01 -2.826722346198780600e-01
3.332309994837083789e-01 -2.805493427916428972e-01
3.451392660547150104e-01 -2.781129988482099469e-01
3.572123903134606371e-01 -2.753706282023165586e-01
3.694473329154774888e-01 -2.723304623736045871e-01
3.818410137793947223e-01 -2.690013410585267439e-01
3.943903128623333920e-01 -2.653924851547788677e-01
4.070920709453594855e-01 -2.615132468390305998e-01
4.199430904288018462e-01 -2.573728442879706924e-01
4.329401361372292589e-01 -2.529800900534536767e-01
4.460799361338897429e-01 -2.483431234029153112e-01
4.593591825444023335e-01 -2.434691580635468255e-01
4.727745323894976259e-01 -2.383642577083549541e-01
4.863226084265935834e-01 -2.330331521386990457e-01
5.000000000000001110e-01 -2.274791073959458454e-01
5.138032638995313484e-01 -2.217038629207305211e-01
5.277289252273172915e-01 -2.157076483209719731e-01
5.417734782725895926e-01 -2.094892912624194969e-01
5.559333873942259308e-01 -2.030464264168034827e-01
5.702050879108284676e-01 -1.963758132583064420e-01
5.845849869981135649e-01 -1.894737677630959627e-01
5.990694645933862805e-01 -1.823367097228066336e-01
6.136548743068714895e-01 -1.749618234258747684e-01
6.283375443396724824e-01 -1.673478248973970517e-01
6.431137784081281117e-01 -1.594958237387921474e-01
6.579798566743311206e-01 -1.514102619071354960e-01
6.729320366825783939e-01 -1.430999055694535393e-01
6.879665543015128781e-01 -1.345788595235511143e-01
7.030796246717250231e-01 -1.258675666734779541e-01
7.182674431585703845e-01 -1.169937477792086372e-01
7.335261863099650226e-01 -1.079932292761134199e-01
7.488520128189207758e-01 -9.891059950420906521e-02
7.642410644905727191e-01 -8.979962633716578879e-02
7.796894672134594417e-01 -8.072336210574374005e-02
7.951933319348093443e-01 -7.175385502930205217e-02
8.107487556395898132e-01 -6.297138027025352136e-02
8.263518223330695855e-01 -5.446309838412101423e-02
8.419986040266501659e-01 -4.632104453020230439e-02
8.576851617267149397e-01 -3.863934851385660008e-02
8.734075464262507360e-01 -3.151058372820588621e-02
8.891618000989889303e-01 -2.502114252266109812e-02
9.049439566958173975e-01 -1.924553661180527370e-02
9.207500431432115162e-01 -1.423952400271842611e-02
9.365760803434354242e-01 -1.003196869853297500e-02
9.524180841762578398e-01 -6.615346248974415984e-03
9.682720665019324269e-01 -3.934817160993450517e-03
9.841340361651920166e-01 -1.875801325266201851e-03
9.999999999999998890e-01 -2.500000000000104135e-04
