9.999999999999998890e-01 2.500000000000948187e-04
9.841340361651920166e-01 1.245441763976507833e-02
9.682720665019324269e-01 2.270271471915853712e-02
9.524180841762578398e-01 3.185462621184503157e-02
9.365760803434354242e-01 4.049075029317794616e-02
9.207500431432115162e-01 4.897587477302653425e-02
9.049439566958173975e-01 5.751267485149243880e-02
8.891618000989889303e-01 6.618653943271758655e-02
8.734075464262507360e-01 7.500232099653504625e-02
8.576851617267149397e-01 8.391382449790761588e-02
8.419986040266501659e-01 9.284685528994862658e-02
8.263518223330695855e-01 1.017166361535035424e-01
8.107487556395898132e-01 1.104403807891122663e-01
7.951933319348093443e-01 1.189457772919950418e-01
7.796894672134594417e-01 1.271760919399729239e-01
7.642410644905727191e-01 1.350925528422851074e-01
7.488520128189207758e-01 1.426746163679278867e-01
7.335261863099650226e-01 1.499186584889431184e-01
7.182674431585703845e-01 1.568355698532125364e-01
7.030796246717250231e-01 1.634476690578618163e-01
6.879665543015128781e-01 1.697852846219334855e-01
6.729320366825783939e-01 1.758832938109528010e-01
6.579798566743311206e-01 1.817778468505283074e-01
6.431137784081281117e-01 1.875034491248445123e-01
6.283375443396724824e-01 1.930905224663728714e-01
6.136548743068714895e-01 1.985635202148256784e-01
5.990694645933862805e-01 2.039396297991733220e-01
5.845849869981135649e-01 2.092280614572584463e-01
5.702050879108284676e-01 2.144298924795491612e-01
5.559333873942259308e-01 2.195384130288531854e-01
5.417734782725895926e-01 2.245399019963681131e-01
5.277289252273172915e-01 2.294147492384492060e-01
5.138032638995313484e-01 2.341388335279689648e-01
5.000000000000001110e-01 2.386850631937630918e-01
4.863226084265935834e-01 2.430249881879289475e-01
4.727745323894976259e-01 2.471303976397884183e-01
4.593591825444023335e-01 2.509748252202353425e-01
4.460799361338897429e-01 2.545348952280624966e-01
4.329401361372292589e-01 2.577914545979591576e-01
4.199430904288018462e-01 2.607304494105878723e-01
4.070920709453594855e-01 2.633435183797276924e-01
3.943903128623333920e-01 2.656282896620172918e-01
3.818410137793947223e-01 2.675883806945590915e-01
3.694473329154774888e-01 2.692331131873432204e-01
3.572123903134606371e-01 2.705769665197865215e-01
3.451392660547150104e-01 2.716388023226734005e-01
3.332309994837083789e-01 2.724409007501970015e-01
3.214905884428678196e-01 2.730078547165846192e-01
3.099209885178879631e-01 2.733653721147559779e-01
2.985251122936787294e-01 2.735390377462100786e-01
2.873058286211370715e-01 2.735530864315828814e-01
2.762659618949298013e-01 2.734292366580430289e-01
2.654082913424666845e-01 2.731856303219400983e-01
2.547355503242452190e-01 2.728359188550638637e-01
2.442504256457417311e-01 2.723885295271365470e-01
2.339555568810219865e-01 2.718461382677111460e-01
2.238535357082431787e-01 2.712053672355781986e-01
2.139469052572124941e-01 2.704567168780760977e-01
2.042381594691679014e-01 2.695847336593145682e-01
1.947297424689413692e-01 2.685684062778346815e-01
1.854240479496642724e-01 2.673817753050169999e-01
1.763234185701672008e-01 2.659947339949861878e-01
1.674301453652287108e-01 2.643739917532964001e-01
1.587464671688187945e-01 2.624841665780317523e-01
1.502745700504856119e-01 2.602889688365403464e-01
1.420165867650229341e-01 2.577524361055033020e-01
1.339745962155614034e-01 2.548401775302300831e-01
1.261506229302150617e-01 2.515205862569579454e-01
1.185466365524179277e-01 2.477659799239301519e-01
1.111645513450765232e-01 2.435536318883269880e-01
1.040062257086641351e-01 2.388666597060370711e-01
9.707346171337882801e-02 2.336947422274500141e-01
9.036800464548166989e-02 2.280346423559163616e-01
8.389154256793041053e-02 2.218905188461559874e-01
7.764570589541863743e-02 2.152740172924926809e-01
7.163206698392743377e-02 2.082041374572942971e-01
6.585213973489323358e-02 2.007068811018443977e-01
6.030737921409157209e-02 1.928146912922452938e-01
5.499918128533154427e-02 1.845657005587971466e-01
4.992888225905456334e-02 1.760028111009211693e-01
4.509775855592612626e-02 1.671726352838233953e-01
4.050702638550263135e-02 1.581243288252795753e-01
3.615784144005795842e-02 1.489083522071974197e-01
3.205129860364375194e-02 1.395751978841953678e-01
2.818843167645834757e-02 1.301741217507295656e-01
2.457021311459295365e-02 1.207519170536743569e-01
2.119755378522125699e-02 1.113517675171715460e-01
1.807130273729329328e-02 1.020122139324757676e-01
1.519224698779197968e-02 9.276626494016057545e-02
1.256111132360571148e-02 8.364067830661733871e-02
1.017855811906731578e-02 7.465543380758568603e-02
8.045187169204659483e-03 6.582341303577449176e-02
6.161535538745877005e-03 5.715029522112287375e-02
4.528077426915411152e-03 4.863467167583637729e-02
3.145224048057615462e-03 4.026837494304454090e-02
2.013323528115562588e-03 3.203701232925139364e-02
1.132660816992037134e-03 2.392068742351978125e-02
5.034576168149174080e-04 1.589488762718692036e-02
1.258723261249317105e-04 7.931510798587341343e-03
0.000000000000000000e+00 0.000000000000000000e+00
1.258723261249317105e-04 -5.001101363593694199e-03
5.034576168149174080e-04 -9.951318276317098338e-03
1.132660816992037134e-03 -1.480111747986124875e-02
2.013323528115562588e-03 -1.950375232448107662e-02
3.145224048057615462e-03 -2.401655314305688529e-02
4.528077426915411152e-03 -2.830209749073567954e-02
6.161535538745877005e-03 -3.232922575324480297e-02
8.045187169204659483e-03 -3.607387217669780904e-02
1.017855811906731578e-02 -3.951968680850866805e-02
1.256111132360571148e-02 -4.265843000620580389e-02
1.519224698779197968e-02 -4.549012789031665199e-02
1.807130273729329328e-02 -4.802298419433931320e-02
2.119755378522125699e-02 -5.027305119333018435e-02
2.457021311459295365e-02 -5.226366956160023725e-02
2.818843167645834757e-02 -5.402469390885955569e-02
3.205129860364375194e-02 -5.559152716883988127e-02
3.615784144005795842e-02 -5.700399277333542680e-02
4.050702638550263135e-02 -5.830507846404311967e-02
4.509775855592612626e-02 -5.953958952390601272e-02
4.992888225905456334e-02 -6.075275202576333605e-02
5.499918128533154427e-02 -6.198880830722985208e-02
6.030737921409157209e-02 -6.328964722941404775e-02
6.585213973489323358e-02 -6.469351084225212489e-02
7.163206698392743377e-02 -6.623381687722013078e-02
7.764570589541863743e-02 -6.793813307279504554e-02
8.389154256793041053e-02 -6.982733479952682454e-02
9.036800464548166989e-02 -7.191497191462997707e-02
9.707346171337882801e-02 -7.420686439664923861e-02
1.040062257086641351e-01 -7.670093927243594456e-02
1.111645513450765232e-01 -7.938731385739757063e-02
1.185466365524179277e-01 -8.224862260877684184e-02
1.261506229302150617e-01 -8.526057717447385609e-02
1.339745962155614034e-01 -8.839274174480342416e-02
1.420165867650229341e-01 -9.160949881715248211e-02
1.502745700504856119e-01 -9.487117418976753758e-02
1.587464671688187945e-01 -9.813528462043294431e-02
1.674301453652287108e-01 -1.013578673051294954e-01
1.763234185701672008e-01 -1.044948473082757956e-01
1.854240479496642724e-01 -1.075033974325914354e-01
1.947297424689413692e-01 -1.103432448364270874e-01
2.042381594691679014e-01 -1.129778800300339919e-01
2.139469052572124941e-01 -1.153756267045350781e-01
2.238535357082431787e-01 -1.175105351162054612e-01
2.339555568810219865e-01 -1.193630673648488766e-01
2.442504256457417311e-01 -1.209205497235445459e-01
2.547355503242452190e-01 -1.221773750095452998e-01
2.654082913424666845e-01 -1.231349466050730840e-01
2.762659618949298013e-01 -1.238013648805274536e-01
2.873058286211370715e-01 -1.241908661519492973e-01
2.985251122936787294e-01 -1.243230336100914074e-01
3.099209885178879631e-01 -1.242218085691303708e-01
3.214905884428678196e-01 -1.239143385754997995e-01
3.332309994837083789e-01 -1.234297060754184078e-01
3.451392660547150104e-01 -1.227975871647893624e-01
3.572123903134606371e-01 -1.220468941661492918e-01
3.694473329154774888e-01 -1.212044581607151228e-01
3.818410137793947223e-01 -1.202938079628162321e-01
3.943903128623333920e-01 -1.193341002284429020e-01
4.070920709453594855e-01 -1.183392513722749811e-01
4.199430904288018462e-01 -1.173173157315181847e-01
4.329401361372292589e-01 -1.162701460386165037e-01
4.460799361338897429e-01 -1.151933619054987812e-01
4.593591825444023335e-01 -1.140766399167476713e-01
4.727745323894976259e-01 -1.129043253949331832e-01
4.863226084265935834e-01 -1.116563513324269202e-01
5.000000000000001110e-01 -1.103094348466972796e-01
5.138032638995313484e-01 -1.088385063421400539e-01
5.277289252273172915e-01 -1.072183119388131350e-01
5.417734782725895926e-01 -1.054251162899111222e-01
5.559333873942259308e-01 -1.034384213200731928e-01
5.702050879108284676e-01 -1.012426073571872642e-01
5.845849869981135649e-01 -9.882839728315399863e-02
5.990694645933862805e-01 -9.619404235878101228e-02
6.136548743068714895e-01 -9.334613091339816204e-02
6.283375443396724824e-01 -9.029992870476671873e-02
6.431137784081281117e-01 -8.707917294895463345e-02
6.579798566743311206e-01 -8.371526119936387178e-02
6.729320366825783939e-01 -8.024580171368750348e-02
6.879665543015128781e-01 -7.671252385315779909e-02
7.030796246717250231e-01 -7.315858543155738525e-02
7.182674431585703845e-01 -6.962535863575251838e-02
7.335261863099650226e-01 -6.614882686956419233e-02
7.488520128189207758e-01 -6.275578114594319856e-02
7.642410644905727191e-01 -5.946006580355468751e-02
7.796894672134594417e-01 -5.625918850389433762e-02
7.951933319348093443e-01 -5.313167764296586326e-02
8.107487556395898132e-01 -5.003564028052900903e-02
8.263518223330695855e-01 -4.690904407746235988e-02
8.419986040266501659e-01 -4.367231601386688256e-02
8.576851617267149397e-01 -4.023391717996555039e-02
8.734075464262507360e-01 -3.649961492048203054e-02
8.891618000989889303e-01 -3.238622921795686338e-02
9.049439566958173975e-01 -2.784067751292564410e-02
9.207500431432115162e-01 -2.286517924786428055e-02
9.365760803434354242e-01 -1.754950636875985889e-02
9.524180841762578398e-01 -1.211117695475946894e-02
9.682720665019324269e-01 -6.944484293646874945e-03
9.841340361651920166e-01 -2.679231429548355019e-03
9.999999999999998890e-01 -2.500000000000077030e-04
