9.999999999999998890e-01 2.500000000000746525e-04
9.841340361651920166e-01 1.087292663295843891e-02
9.682720665019324269e-01 2.136477688602166428e-02
9.524180841762578398e-01 3.169064039087170215e-02
9.365760803434354242e-01 4.182789554387399134e-02
9.207500431432115162e-01 5.176331374659469409e-02
9.049439566958173975e-01 6.149061158957842138e-02
8.891618000989889303e-01 7.100841451868915299e-02
8.734075464262507360e-01 8.031859395799155477e-02
8.576851617267149397e-01 8.942493910831632309e-02
8.419986040266501659e-01 9.833212462900287054e-02
8.263518223330695855e-01 1.070449360675230638e-01
8.107487556395898132e-01 1.155677161481761805e-01
7.951933319348093443e-01 1.239039967837970158e-01
7.796894672134594417e-01 1.320562838486604162e-01
7.642410644905727191e-01 1.400259642616514255e-01
7.488520128189207758e-01 1.478133076928716261e-01
7.335261863099650226e-01 1.554175381436256331e-01
7.182674431585703845e-01 1.628369536827344588e-01
7.030796246717250231e-01 1.700690756801722936e-01
6.879665543015128781e-01 1.771108118970876610e-01
6.729320366825783939e-01 1.839586207112773875e-01
6.579798566743311206e-01 1.906086665285507409e-01
6.431137784081281117e-01 1.970569590105016866e-01
6.283375443396724824e-01 2.032994711034576130e-01
6.136548743068714895e-01 2.093322329554155037e-01
5.990694645933862805e-01 2.151514006393068501e-01
5.845849869981135649e-01 2.207533001513673765e-01
5.702050879108284676e-01 2.261344484195459692e-01
5.559333873942259308e-01 2.312915540423728100e-01
5.417734782725895926e-01 2.362215011933391506e-01
5.277289252273172915e-01 2.409213205848610151e-01
5.138032638995313484e-01 2.453881516092509540e-01
5.000000000000001110e-01 2.496191997855600198e-01
4.863226084265935834e-01 2.536116934674230716e-01
4.727745323894976259e-01 2.573628434369787388e-01
4.593591825444023335e-01 2.608698085536634848e-01
4.460799361338897429e-01 2.641296700747082227e-01
4.329401361372292589e-01 2.671394166467097597e-01
4.199430904288018462e-01 2.698959413138272145e-01
4.070920709453594855e-01 2.723960512253889021e-01
3.943903128623333920e-01 2.746364900791521957e-01
3.818410137793947223e-01 2.766139727285553684e-01
3.694473329154774888e-01 2.783252308323313495e-01
3.572123903134606371e-01 2.797670679487522793e-01
3.451392660547150104e-01 2.809364220868545980e-01
3.332309994837083789e-01 2.818304334319901572e-01
3.214905884428678196e-01 2.824465147679949273e-01
3.099209885178879631e-01 2.827824220247306952e-01
2.985251122936787294e-01 2.828363223859271525e-01
2.873058286211370715e-01 2.826068574932814603e-01
2.762659618949298013e-01 2.820931994710353941e-01
2.654082913424666845e-01 2.812950977607704406e-01
2.547355503242452190e-01 2.802129150870125152e-01
2.442504256457417311e-01 2.788476512569827426e-01
2.339555568810219865e-01 2.772009539180108062e-01
2.238535357082431787e-01 2.752751158387048980e-01
2.139469052572124941e-01 2.730730587298220158e-01
2.042381594691679014e-01 2.705983040630940972e-01
1.947297424689413692e-01 2.678549317670145813e-01
1.854240479496642724e-01 2.648475280648473484e-01
1.763234185701672008e-01 2.615811240604381527e-01
1.674301453652287108e-01 2.580611269620812775e-01
1.587464671688187945e-01 2.542932460559375607e-01
1.502745700504856119e-01 2.502834156926968534e-01
1.420165867650229341e-01 2.460377176308741476e-01
1.339745962155614034e-01 2.415623050861407661e-01
1.261506229302150617e-01 2.368633307694427148e-01
1.185466365524179277e-01 2.319468810604952136e-01
1.111645513450765232e-01 2.268189182626815792e-01
1.040062257086641351e-01 2.214852326273527572e-01
9.707346171337882801e-02 2.159514055284719181e-01
9.036800464548166989e-02 2.102227848222140705e-01
8.389154256793041053e-02 2.043044730512266483e-01
7.764570589541863743e-02 1.982013287611500973e-01
7.163206698392743377e-02 1.919179807993674769e-01
6.585213973489323358e-02 1.854588550744869224e-01
6.030737921409157209e-02 1.788282128810965987e-01
5.499918128533154427e-02 1.720301995485621904e-01
4.992888225905456334e-02 1.650689018648379136e-01
4.509775855592612626e-02 1.579484124649908339e-01
4.050702638550263135e-02 1.506728991665636508e-01
3.615784144005795842e-02 1.432466770856063443e-01
3.205129860364375194e-02 1.356742812820126709e-01
2.818843167645834757e-02 1.279605376627734326e-01
2.457021311459295365e-02 1.201106299170696390e-01
2.119755378522125699e-02 1.121301603661583046e-01
1.807130273729329328e-02 1.040252027803231782e-01
1.519224698779197968e-02 9.580234543972529493e-02
1.256111132360571148e-02 8.746872298920649325e-02
1.017855811906731578e-02 7.903203595109632718e-02
8.045187169204659483e-03 7.050055710586430879e-02
6.161535538745877005e-03 6.188312431825065268e-02
4.528077426915411152e-03 5.318911976589409812e-02
3.145224048057615462e-03 4.442843590785516134e-02
2.013323528115562588e-03 3.561142890109524756e-02
1.132660816992037134e-03 2.674886052365889680e-02
5.034576168149174080e-04 1.785182998421802267e-02
1.258723261249317105e-04 8.931697279886505192e-03
0.000000000000000000e+00 0.000000000000000000e+00
1.258723261249317105e-04 -8.850620686453055871e-03
5.034576168149174080e-04 -1.768660842696606270e-02
1.132660816992037134e-03 -2.649340839113498852e-02
2.013323528115562588e-03 -3.525674441017402627e-02
3.145224048057615462e-03 -4.396274976786120753e-02
4.528077426915411152e-03 -5.259808800125709283e-02
6.161535538745877005e-03 -6.115006081822305095e-02
8.045187169204659483e-03 -6.960670059762351369e-02
1.017855811906731578e-02 -7.795684536737312875e-02
1.256111132360571148e-02 -8.619019464312326073e-02
1.519224698779197968e-02 -9.429734504264772332e-02
1.807130273729329328e-02 -1.022698051528109081e-01
2.119755378522125699e-02 -1.100999897015532969e-01
2.457021311459295365e-02 -1.177811936601984993e-01
2.818843167645834757e-02 -1.253075474553089208e-01
3.205129860364375194e-02 -1.326739549884121683e-01
3.615784144005795842e-02 -1.398760166312872921e-01
4.050702638550263135e-02 -1.469099397705382892e-01
4.509775855592612626e-02 -1.537724398060680842e-01
4.992888225905456334e-02 -1.604606347540102340e-01
5.499918128533154427e-02 -1.669719367583105962e-01
6.030737921409157209e-02 -1.733039438716757197e-01
6.585213973489323358e-02 -1.794543354240076827e-01
7.163206698392743377e-02 -1.854207741555485844e-01
7.764570589541863743e-02 -1.912008180564672977e-01
8.389154256793041053e-02 -1.967918445310010700e-01
9.036800464548166989e-02 -2.021909891016486494e-01
9.707346171337882801e-02 -2.073951003988360187e-01
1.040062257086641351e-01 -2.124007126575913340e-01
1.111645513450765232e-01 -2.172040363804945973e-01
1.185466365524179277e-01 -2.218009672422654177e-01
1.261506229302150617e-01 -2.261871127234605650e-01
1.339745962155614034e-01 -2.303578353868916129e-01
1.420165867650229341e-01 -2.343083111684387820e-01
1.502745700504856119e-01 -2.380336005611490002e-01
1.587464671688187945e-01 -2.415287301439314749e-01
1.674301453652287108e-01 -2.447887815581550608e-01
1.763234185701672008e-01 -2.478089847792523670e-01
1.854240479496642724e-01 -2.505848123756974632e-01
1.947297424689413692e-01 -2.531120714012021766e-01
2.042381594691679014e-01 -2.553869896312070953e-01
2.139469052572124941e-01 -2.574062930318667397e-01
2.238535357082431787e-01 -2.591672716353668471e-01
2.339555568810219865e-01 -2.606678313826489291e-01
2.442504256457417311e-01 -2.619065299730978791e-01
2.547355503242452190e-01 -2.628825953168568708e-01
2.654082913424666845e-01 -2.635959258025818985e-01
2.762659618949298013e-01 -2.640470722524640435e-01
2.873058286211370715e-01 -2.642372021159578588e-01
2.985251122936787294e-01 -2.641680471310233203e-01
3.099209885178879631e-01 -2.638418363330883309e-01
3.214905884428678196e-01 -2.632612168933630703e-01
3.332309994837083789e-01 -2.624291657961478341e-01
3.451392660547150104e-01 -2.613488957971011883e-01
3.572123903134606371e-01 -2.600237594208906211e-01
3.694473329154774888e-01 -2.584571549397518542e-01
3.818410137793947223e-01 -2.566524383102631313e-01
3.943903128623333920e-01 -2.546128449242117675e-01
4.070920709453594855e-01 -2.523414247456750581e-01
4.199430904288018462e-01 -2.498409939603902785e-01
4.329401361372292589e-01 -2.471141056608301967e-01
4.460799361338897429e-01 -2.441630413426146562e-01
4.593591825444023335e-01 -2.409898241124650287e-01
4.727745323894976259e-01 -2.375962535282505617e-01
4.863226084265935834e-01 -2.339839609369404327e-01
5.000000000000001110e-01 -2.301544830810114406e-01
5.138032638995313484e-01 -2.261093506474902148e-01
5.277289252273172915e-01 -2.218501873799346158e-01
5.417734782725895926e-01 -2.173788144092644314e-01
5.559333873942259308e-01 -2.126973536337518067e-01
5.702050879108284676e-01 -2.078083233422991505e-01
5.845849869981135649e-01 -2.027147188789729937e-01
5.990694645933862805e-01 -1.974200710399760805e-01
6.136548743068714895e-01 -1.919284751234777431e-01
6.283375443396724824e-01 -1.862445841605334940e-01
6.431137784081281117e-01 -1.803735608786977695e-01
6.579798566743311206e-01 -1.743209844188999269e-01
6.729320366825783939e-01 -1.680927097623699795e-01
6.879665543015128781e-01 -1.616946802399328031e-01
7.030796246717250231e-01 -1.551326963920652002e-01
7.182674431585703845e-01 -1.484121478141958717e-01
7.335261863099650226e-01 -1.415377184346049977e-01
7.488520128189207758e-01 -1.345130798955011531e-01
7.642410644905727191e-01 -1.273405922913294352e-01
7.796894672134594417e-01 -1.200210363982285033e-01
7.951933319348093443e-01 -1.125534066273723433e-01
8.107487556395898132e-01 -1.049347991621020215e-01
8.263518223330695855e-01 -9.716043499131458983e-02
8.419986040266501659e-01 -8.922386271523606582e-02
8.576851617267149397e-01 -8.111739095024768365e-02
8.734075464262507360e-01 -7.283280476435410877e-02
8.891618000989889303e-01 -6.436242469537785393e-02
9.049439566958173975e-01 -5.570057039710192559e-02
9.207500431432115162e-01 -4.684549367980565815e-02
9.365760803434354242e-01 -3.780184751736165999e-02
9.524180841762578398e-01 -2.858375834353966971e-02
9.682720665019324269e-01 -1.921856852238261471e-02
9.841340361651920166e-01 -9.751314128256045183e-03
9.999999999999998890e-01 -2.500000000000663584e-04
