9.999999999999998890e-01 2.500000000000787183e-04
9.841340361651920166e-01 1.129770134061046372e-02
9.682720665019324269e-01 2.199130074790060438e-02
9.524180841762578398e-01 3.239078708381535471e-02
9.365760803434354242e-01 4.253757114420888413e-02
9.207500431432115162e-01 5.245850378413037529e-02
9.049439566958173975e-01 6.216932149633138532e-02
8.891618000989889303e-01 7.167755837374421846e-02
8.734075464262507360e-01 8.098496639574408185e-02
8.576851617267149397e-01 9.008948800519146760e-02
8.419986040266501659e-01 9.898682605004623103e-02
8.263518223330695855e-01 1.076716564210202787e-01
8.107487556395898132e-01 1.161385282044169326e-01
7.951933319348093443e-01 1.243824949721350492e-01
7.796894672134594417e-01 1.323995190380317377e-01
7.642410644905727191e-01 1.401866882129870762e-01
7.488520128189207758e-01 1.477422818821844119e-01
7.335261863099650226e-01 1.550657201983262901e-01
7.182674431585703845e-01 1.621574269221672249e-01
7.030796246717250231e-01 1.690186330313460106e-01
6.879665543015128781e-01 1.756511447393575287e-01
6.729320366825783939e-01 1.820570960918061754e-01
6.579798566743311206e-01 1.882387029029646275e-01
6.431137784081281117e-01 1.941980315206571772e-01
6.283375443396724824e-01 1.999367928119556159e-01
6.136548743068714895e-01 2.054561688881055004e-01
5.990694645933862805e-01 2.107566774679682786e-01
5.845849869981135649e-01 2.158380764400960605e-01
5.702050879108284676e-01 2.206993091411710572e-01
5.559333873942259308e-01 2.253384891319060446e-01
5.417734782725895926e-01 2.297529218222320591e-01
5.277289252273172915e-01 2.339391591705476670e-01
5.138032638995313484e-01 2.378930828457734015e-01
5.000000000000001110e-01 2.416100106794578095e-01
4.863226084265935834e-01 2.450848209272366296e-01
4.727745323894976259e-01 2.483120887799621090e-01
4.593591825444023335e-01 2.512862296874292523e-01
4.460799361338897429e-01 2.540016443525282552e-01
4.329401361372292589e-01 2.564528606905009944e-01
4.199430904288018462e-01 2.586346685960875247e-01
4.070920709453594855e-01 2.605422439905148435e-01
3.943903128623333920e-01 2.621712593013851844e-01
3.818410137793947223e-01 2.635179782341847687e-01
3.694473329154774888e-01 2.645793333991766083e-01
3.572123903134606371e-01 2.653529860393563644e-01
3.451392660547150104e-01 2.658373677443663929e-01
3.332309994837083789e-01 2.660317046154800358e-01
3.214905884428678196e-01 2.659360248549580974e-01
3.099209885178879631e-01 2.655511511796935786e-01
2.985251122936787294e-01 2.648786797978437413e-01
2.873058286211370715e-01 2.639209479351415366e-01
2.762659618949298013e-01 2.626809920548443533e-01
2.654082913424666845e-01 2.611624989846985656e-01
2.547355503242452190e-01 2.593697521512378090e-01
2.442504256457417311e-01 2.573075750337214251e-01
2.339555568810219865e-01 2.549812737963133569e-01
2.238535357082431787e-01 2.523965808483673023e-01
2.139469052572124941e-01 2.495596008304941382e-01
2.042381594691679014e-01 2.464767602405834868e-01
1.947297424689413692e-01 2.431547616114038690e-01
1.854240479496642724e-01 2.396005428418633565e-01
1.763234185701672008e-01 2.358212419789190717e-01
1.674301453652287108e-01 2.318241674570650779e-01
1.587464671688187945e-01 2.276167735366968758e-01
1.502745700504856119e-01 2.232066404494871259e-01
1.420165867650229341e-01 2.186014585646844088e-01
1.339745962155614034e-01 2.138090157397950775e-01
1.261506229302150617e-01 2.088371869155192517e-01
1.185466365524179277e-01 2.036939249594476586e-01
1.111645513450765232e-01 1.983872517555685666e-01
1.040062257086641351e-01 1.929252485751440649e-01
9.707346171337882801e-02 1.873160448456050176e-01
9.036800464548166989e-02 1.815678045530744467e-01
8.389154256793041053e-02 1.756887096651631730e-01
7.764570589541863743e-02 1.696869401371076669e-01
7.163206698392743377e-02 1.635706502588300804e-01
6.585213973489323358e-02 1.573479413053887332e-01
6.030737921409157209e-02 1.510268306607399635e-01
5.499918128533154427e-02 1.446152177870277111e-01
4.992888225905456334e-02 1.381208476014392228e-01
4.509775855592612626e-02 1.315512719932175334e-01
4.050702638550263135e-02 1.249138103587379561e-01
3.615784144005795842e-02 1.182155101476012327e-01
3.205129860364375194e-02 1.114631084934885052e-01
2.818843167645834757e-02 1.046629960473205861e-01
2.457021311459295365e-02 9.782118413551522951e-02
2.119755378522125699e-02 9.094327633260612664e-02
1.807130273729329328e-02 8.403444546616709032e-02
1.519224698779197968e-02 7.709941696510333453e-02
1.256111132360571148e-02 7.014245932325396948e-02
1.017855811906731578e-02 6.316738228325162463e-02
8.045187169204659483e-03 5.617754315589687519e-02
6.161535538745877005e-03 4.917586148384325145e-02
4.528077426915411152e-03 4.216484204152021187e-02
3.145224048057615462e-03 3.514660594269918698e-02
2.013323528115562588e-03 2.812292940966451896e-02
1.132660816992037134e-03 2.109528955034052286e-02
5.034576168149174080e-04 1.406491629827763892e-02
1.258723261249317105e-04 7.032849500994290196e-03
0.000000000000000000e+00 0.000000000000000000e+00
1.258723261249317105e-04 -6.546389962607412731e-03
5.034576168149174080e-04 -1.307358699829115969e-02
1.132660816992037134e-03 -1.956257681826336497e-02
2.013323528115562588e-03 -2.599482254417332869e-02
3.145224048057615462e-03 -3.235248919646690341e-02
4.528077426915411152e-03 -3.861865155727226689e-02
6.161535538745877005e-03 -4.477748059281057291e-02
8.045187169204659483e-03 -5.081440421659319528e-02
1.017855811906731578e-02 -5.671623888741993830e-02
1.256111132360571148e-02 -6.247128934507537035e-02
1.519224698779197968e-02 -6.806941466848522027e-02
1.807130273729329328e-02 -7.350205977061693985e-02
2.119755378522125699e-02 -7.876225239491496666e-02
2.457021311459295365e-02 -8.384456662210551525e-02
2.818843167645834757e-02 -8.874505480652143674e-02
3.205129860364375194e-02 -9.346115071124481977e-02
3.615784144005795842e-02 -9.799154737656749770e-02
4.050702638550263135e-02 -1.023360539140940051e-01
4.509775855592612626e-02 -1.064954359498513775e-01
4.992888225905456334e-02 -1.104712448282020310e-01
5.499918128533154427e-02 -1.142656409224669517e-01
6.030737921409157209e-02 -1.178812164706771054e-01
6.585213973489323358e-02 -1.213208232632602412e-01
7.163206698392743377e-02 -1.245874102560198815e-01
7.764570589541863743e-02 -1.276838757736500352e-01
8.389154256793041053e-02 -1.306129384180738373e-01
9.036800464548166989e-02 -1.333770301183691553e-01
9.707346171337882801e-02 -1.359782139752153396e-01
1.040062257086641351e-01 -1.384181286863966076e-01
1.111645513450765232e-01 -1.406979604175043752e-01
1.185466365524179277e-01 -1.428184420322644310e-01
1.261506229302150617e-01 -1.447798786498278589e-01
1.339745962155614034e-01 -1.465821975822896306e-01
1.420165867650229341e-01 -1.482250198545321807e-01
1.502745700504856119e-01 -1.497077497487478426e-01
1.587464671688187945e-01 -1.510296781739191296e-01
1.674301453652287108e-01 -1.521900951592245199e-01
1.763234185701672008e-01 -1.531884064290045810e-01
1.854240479496642724e-01 -1.540242488501379625e-01
1.947297424689413692e-01 -1.546975995598463827e-01
2.042381594691679014e-01 -1.552088737868040080e-01
2.139469052572124941e-01 -1.555590067687672162e-01
2.238535357082431787e-01 -1.557495157374443606e-01
2.339555568810219865e-01 -1.557825386716219784e-01
2.442504256457417311e-01 -1.556608473923895286e-01
2.547355503242452190e-01 -1.553878335639408692e-01
2.654082913424666845e-01 -1.549674672392120645e-01
2.762659618949298013e-01 -1.544042287167090854e-01
2.873058286211370715e-01 -1.537030156151207028e-01
2.985251122936787294e-01 -1.528690281852892185e-01
3.099209885178879631e-01 -1.519076369232451040e-01
3.214905884428678196e-01 -1.508242374818516696e-01
3.332309994837083789e-01 -1.496240986621033553e-01
3.451392660547150104e-01 -1.483122098609696016e-01
3.572123903134606371e-01 -1.468931347276751509e-01
3.694473329154774888e-01 -1.453708779066309742e-01
3.818410137793947223e-01 -1.437487716017094019e-01
3.943903128623333920e-01 -1.420293882697601651e-01
4.070920709453594855e-01 -1.402144850365388551e-01
4.199430904288018462e-01 -1.383049844304596598e-01
4.329401361372292589e-01 -1.363009947638820774e-01
4.460799361338897429e-01 -1.342018719836326202e-01
4.593591825444023335e-01 -1.320063230984749592e-01
4.727745323894976259e-01 -1.297125494181214922e-01
4.863226084265935834e-01 -1.273184258630667143e-01
5.000000000000001110e-01 -1.248217105933084881e-01
5.138032638995313484e-01 -1.222202772315229835e-01
5.277289252273172915e-01 -1.195123601040884165e-01
5.417734782725895926e-01 -1.166968012785489367e-01
5.559333873942259308e-01 -1.137732868292433280e-01
5.702050879108284676e-01 -1.107425588059754162e-01
5.845849869981135649e-01 -1.076065889050216162e-01
5.990694645933862805e-01 -1.043686999354984934e-01
6.136548743068714895e-01 -1.010336219194034602e-01
6.283375443396724824e-01 -9.760747113437262534e-02
6.431137784081281117e-01 -9.409764266726242110e-02
6.579798566743311206e-01 -9.051261014340165889e-02
6.729320366825783939e-01 -8.686163026411350407e-02
6.879665543015128781e-01 -8.315435463895723411e-02
7.030796246717250231e-01 -7.940035713382632976e-02
7.182674431585703845e-01 -7.560859154425142448e-02
7.335261863099650226e-01 -7.178680179417096241e-02
7.488520128189207758e-01 -6.794091497875330565e-02
7.642410644905727191e-01 -6.407445631520850005e-02
7.796894672134594417e-01 -6.018803431239469481e-02
7.951933319348093443e-01 -5.627895406818753804e-02
8.107487556395898132e-01 -5.234102637907452060e-02
8.263518223330695855e-01 -4.836465010311639945e-02
8.419986040266501659e-01 -4.433725473901941466e-02
8.576851617267149397e-01 -4.024419923689082773e-02
8.734075464262507360e-01 -3.607023139232969078e-02
8.891618000989889303e-01 -3.180161953631311517e-02
9.049439566958173975e-01 -2.742907435393810572e-02
9.207500431432115162e-01 -2.295158327873557738e-02
9.365760803434354242e-01 -1.838128275237061945e-02
9.524180841762578398e-01 -1.374949445682954914e-02
9.682720665019324269e-01 -9.114050176200001047e-03
9.841340361651920166e-01 -4.568026005751039606e-03
9.999999999999998890e-01 -2.500000000000289534e-04
