9.999999999999998890e-01 2.500000000001099975e-04
9.841340361651920166e-01 1.589455790329627818e-02
9.682720665019324269e-01 3.131287335166871300e-02
9.524180841762578398e-01 4.642865669397591710e-02
9.365760803434354242e-01 6.118698348995449399e-02
9.207500431432115162e-01 7.555040201179295811e-02
9.049439566958173975e-01 8.949552299463969796e-02
8.891618000989889303e-01 1.030100619878089041e-01
8.734075464262507360e-01 1.160903021026735149e-01
8.576851617267149397e-01 1.287389432040468018e-01
8.419986040266501659e-01 1.409633025947298890e-01
8.263518223330695855e-01 1.527738319355881336e-01
8.107487556395898132e-01 1.641829154576221750e-01
7.951933319348093443e-01 1.752039153852210651e-01
7.796894672134594417e-01 1.858504318254651233e-01
7.642410644905727191e-01 1.961357461100846078e-01
7.488520128189207758e-01 2.060724186277467784e-01
7.335261863099650226e-01 2.156720144796182848e-01
7.182674431585703845e-01 2.249449327583022684e-01
7.030796246717250231e-01 2.339003178209213829e-01
6.879665543015128781e-01 2.425460335377884191e-01
6.729320366825783939e-01 2.508886840910045657e-01
6.579798566743311206e-01 2.589336674209420930e-01
6.431137784081281117e-01 2.666852498282398787e-01
6.283375443396724824e-01 2.741466524970527230e-01
6.136548743068714895e-01 2.813201427814857047e-01
5.990694645933862805e-01 2.882071249682818248e-01
5.845849869981135649e-01 2.948082268788166926e-01
5.702050879108284676e-01 3.011233800929981053e-01
5.559333873942259308e-01 3.071518927638198782e-01
5.417734782725895926e-01 3.128925149470144773e-01
5.277289252273172915e-01 3.183434971036593897e-01
5.138032638995313484e-01 3.235026429575162399e-01
5.000000000000001110e-01 3.283673582199851393e-01
4.863226084265935834e-01 3.329346968536726625e-01
4.727745323894976259e-01 3.372014065528805560e-01
4.593591825444023335e-01 3.411639749996846493e-01
4.460799361338897429e-01 3.448186782323762190e-01
4.329401361372292589e-01 3.481616321638212885e-01
4.199430904288018462e-01 3.511888479351676362e-01
4.070920709453594855e-01 3.538962914086843381e-01
3.943903128623333920e-01 3.562799467141136711e-01
3.818410137793947223e-01 3.583358833854938807e-01
3.694473329154774888e-01 3.600603262772590907e-01
3.572123903134606371e-01 3.614497271441803328e-01
3.451392660547150104e-01 3.625008365210439232e-01
3.332309994837083789e-01 3.632107743536276967e-01
3.214905884428678196e-01 3.635770977181502217e-01
3.099209885178879631e-01 3.635978639246741917e-01
2.985251122936787294e-01 3.632716873307576533e-01
2.873058286211370715e-01 3.625977882922037376e-01
2.762659618949298013e-01 3.615760328428465065e-01
2.654082913424666845e-01 3.602069619176819226e-01
2.547355503242452190e-01 3.584918092042887472e-01
2.442504256457417311e-01 3.564325070160185294e-01
2.339555568810219865e-01 3.540316799155330818e-01
2.238535357082431787e-01 3.512926261669993000e-01
2.139469052572124941e-01 3.482192874475541489e-01
2.042381594691679014e-01 3.448162075916100244e-01
1.947297424689413692e-01 3.410884814638899809e-01
1.854240479496642724e-01 3.370416953483241218e-01
1.763234185701672008e-01 3.326818604908504673e-01
1.674301453652287108e-01 3.280153416369593344e-01
1.587464671688187945e-01 3.230487825532631363e-01
1.502745700504856119e-01 3.177890306120903507e-01
1.420165867650229341e-01 3.122430625464778231e-01
1.339745962155614034e-01 3.064179134493305590e-01
1.261506229302150617e-01 3.003206109961066850e-01
1.185466365524179277e-01 2.939581167181678500e-01
1.111645513450765232e-01 2.873372759485870453e-01
1.040062257086641351e-01 2.804647778099049749e-01
9.707346171337882801e-02 2.733471263215896396e-01
9.036800464548166989e-02 2.659906233823322586e-01
8.389154256793041053e-02 2.584013640382256116e-01
7.764570589541863743e-02 2.505852440922339275e-01
7.163206698392743377e-02 2.425479797533699466e-01
6.585213973489323358e-02 2.342951386757994026e-01
6.030737921409157209e-02 2.258321814085155754e-01
5.499918128533154427e-02 2.171645119745201635e-01
4.992888225905456334e-02 2.082975360330046322e-01
4.509775855592612626e-02 1.992367248561912330e-01
4.050702638550263135e-02 1.899876831803267718e-01
3.615784144005795842e-02 1.805562188725292894e-01
3.205129860364375194e-02 1.709484122948508045e-01
2.818843167645834757e-02 1.611706832456274718e-01
2.457021311459295365e-02 1.512298534157979490e-01
2.119755378522125699e-02 1.411332024126936702e-01
1.807130273729329328e-02 1.308885155725391380e-01
1.519224698779197968e-02 1.205041220008174346e-01
1.256111132360571148e-02 1.099889215406781584e-01
1.017855811906731578e-02 9.935239966646708387e-02
8.045187169204659483e-03 8.860462962405646348e-02
6.161535538745877005e-03 7.775626148305687935e-02
4.528077426915411152e-03 6.681849811876250378e-02
3.145224048057615462e-03 5.580305849426169668e-02
2.013323528115562588e-03 4.472212895583376618e-02
1.132660816992037134e-03 3.358830357833746810e-02
5.034576168149174080e-04 2.241451489292748886e-02
1.258723261249317105e-04 1.121395658912498552e-02
0.000000000000000000e+00 0.000000000000000000e+00
1.258723261249317105e-04 -1.109475358461477386e-02
5.034576168149174080e-04 -2.217000743617988587e-02
1.132660816992037134e-03 -3.320639877264036643e-02
2.013323528115562588e-03 -4.418495956768291738e-02
3.145224048057615462e-03 -5.508730149256133024e-02
4.528077426915411152e-03 -6.589578631927685282e-02
6.161535538745877005e-03 -7.659367758376009472e-02
8.045187169204659483e-03 -8.716526983697669984e-02
1.017855811906731578e-02 -9.759599244483188607e-02
1.256111132360571148e-02 -1.078724856164740148e-01
1.519224698779197968e-02 -1.179826471247183706e-01
1.807130273729329328e-02 -1.279156490094664478e-01
2.119755378522125699e-02 -1.376619244016771548e-01
2.457021311459295365e-02 -1.472131254473236506e-01
2.818843167645834757e-02 -1.565620541236953933e-01
3.205129860364375194e-02 -1.657025685008516880e-01
3.615784144005795842e-02 -1.746294676868891393e-01
4.050702638550263135e-02 -1.833383592868309264e-01
4.509775855592612626e-02 -1.918255136838540875e-01
4.992888225905456334e-02 -2.000877098038127133e-01
5.499918128533154427e-02 -2.081220772387113727e-01
6.030737921409157209e-02 -2.159259396749309001e-01
6.585213973489323358e-02 -2.234966644947440906e-01
7.163206698392743377e-02 -2.308315231963488368e-01
7.764570589541863743e-02 -2.379275669139671034e-01
8.389154256793041053e-02 -2.447815208253129593e-01
9.036800464548166989e-02 -2.513897006226952779e-01
9.707346171337882801e-02 -2.577479535135767108e-01
1.040062257086641351e-01 -2.638516254271063288e-01
1.111645513450765232e-01 -2.696955552581595250e-01
1.185466365524179277e-01 -2.752740961049803259e-01
1.261506229302150617e-01 -2.805811625771290063e-01
1.339745962155614034e-01 -2.856103023942223595e-01
1.420165867650229341e-01 -2.903547896898299174e-01
1.502745700504856119e-01 -2.948077367047882702e-01
1.587464671688187945e-01 -2.989622199243137657e-01
1.674301453652287108e-01 -3.028114162052871761e-01
1.763234185701672008e-01 -3.063487440724044775e-01
1.854240479496642724e-01 -3.095680051491605522e-01
1.947297424689413692e-01 -3.124635206420591227e-01
2.042381594691679014e-01 -3.150302579194343422e-01
2.139469052572124941e-01 -3.172639425200771135e-01
2.238535357082431787e-01 -3.191611513864329175e-01
2.339555568810219865e-01 -3.207193837320581054e-01
2.442504256457417311e-01 -3.219371067076410853e-01
2.547355503242452190e-01 -3.228137739035847886e-01
2.654082913424666845e-01 -3.233498156947287039e-01
2.762659618949298013e-01 -3.235466014650826838e-01
2.873058286211370715e-01 -3.234063748149834105e-01
2.985251122936787294e-01 -3.229321639149421164e-01
3.099209885178879631e-01 -3.221276701931480857e-01
3.214905884428678196e-01 -3.209971394901594000e-01
3.332309994837083789e-01 -3.195452206483486157e-01
3.451392660547150104e-01 -3.177768171904805095e-01
3.572123903134606371e-01 -3.156969382495441456e-01
3.694473329154774888e-01 -3.133105552127675164e-01
3.818410137793947223e-01 -3.106224706138219771e-01
3.943903128623333920e-01 -3.076372056318151249e-01
4.070920709453594855e-01 -3.043589121240369844e-01
4.199430904288018462e-01 -3.007913144295149555e-01
4.329401361372292589e-01 -2.969376852386145238e-01
4.460799361338897429e-01 -2.928008586452834905e-01
4.593591825444023335e-01 -2.883832821072320751e-01
4.727745323894976259e-01 -2.836871074685057836e-01
4.863226084265935834e-01 -2.787143194904744270e-01
5.000000000000001110e-01 -2.734668985414844267e-01
5.138032638995313484e-01 -2.679470122701587687e-01
5.277289252273172915e-01 -2.621572292970631435e-01
5.417734782725895926e-01 -2.561007462741743956e-01
5.559333873942259308e-01 -2.497816181552581505e-01
5.702050879108284676e-01 -2.432049802693671547e-01
5.845849869981135649e-01 -2.363772498712830017e-01
5.990694645933862805e-01 -2.293062943326932834e-01
6.136548743068714895e-01 -2.220015531087294602e-01
6.283375443396724824e-01 -2.144741011332965408e-01
6.431137784081281117e-01 -2.067366424229526989e-01
6.579798566743311206e-01 -1.988034244528179284e-01
6.729320366825783939e-01 -1.906900663472552437e-01
6.879665543015128781e-01 -1.824132971273681458e-01
7.030796246717250231e-01 -1.739906041857305630e-01
7.182674431585703845e-01 -1.654397968082699510e-01
7.335261863099650226e-01 -1.567784949075734513e-01
7.488520128189207758e-01 -1.480235591255144867e-01
7.642410644905727191e-01 -1.391904850404360738e-01
7.796894672134594417e-01 -1.302927912893289686e-01
7.951933319348093443e-01 -1.213414388825337781e-01
8.107487556395898132e-01 -1.123443267218421776e-01
8.263518223330695855e-01 -1.033059161882507043e-01
8.419986040266501659e-01 -9.422704548155017013e-02
8.576851617267149397e-01 -8.510500199366137497e-02
8.734075464262507360e-01 -7.593392819133355787e-02
8.891618000989889303e-01 -6.670564307145483707e-02
9.049439566958173975e-01 -5.741096702653027128e-02
9.207500431432115162e-01 -4.804164270796604241e-02
9.365760803434354242e-01 -3.859294798983162883e-02
9.524180841762578398e-01 -2.906709920909527484e-02
9.682720665019324269e-01 -1.947754329161830583e-02
9.841340361651920166e-01 -9.854235980877033493e-03
9.999999999999998890e-01 -2.500000000000669547e-04
