9.999999999999998890e-01 2.500000000000772004e-04
9.841340361651920166e-01 1.043854933778027953e-02
9.682720665019324269e-01 1.938350674780382754e-02
9.524180841762578398e-01 2.760910817631895969e-02
9.365760803434354242e-01 3.546961645099064309e-02
9.207500431432115162e-01 4.318786036937392880e-02
9.049439566958173975e-01 5.088791434757643228e-02
8.891618000989889303e-01 5.862237937422520168e-02
8.734075464262507360e-01 6.639474901486133729e-02
8.576851617267149397e-01 7.417735668704550367e-02
8.419986040266501659e-01 8.192540319790873882e-02
8.263518223330695855e-01 8.958755751952864055e-02
8.107487556395898132e-01 9.711360996149927260e-02
7.951933319348093443e-01 1.044596363224896685e-01
7.796894672134594417e-01 1.115911053296840399e-01
7.642410644905727191e-01 1.184843307802730256e-01
7.488520128189207758e-01 1.251266353437079926e-01
7.335261863099650226e-01 1.315155559977768118e-01
7.182674431585703845e-01 1.376573825392290729e-01
7.030796246717250231e-01 1.435652814527426102e-01
6.879665543015128781e-01 1.492572184886408471e-01
6.729320366825783939e-01 1.547538553540845907e-01
6.579798566743311206e-01 1.600765596365829879e-01
6.431137784081281117e-01 1.652456330270972440e-01
6.283375443396724824e-01 1.702788315661917240e-01
6.136548743068714895e-01 1.751902233718128921e-01
5.990694645933862805e-01 1.799894043911672015e-01
5.845849869981135649e-01 1.846810713230418732e-01
5.702050879108284676e-01 1.892649330579977418e-01
5.559333873942259308e-01 1.937359277715234862e-01
5.417734782725895926e-01 1.980847020885005416e-01
5.277289252273172915e-01 2.022983013535042118e-01
5.138032638995313484e-01 2.063610157656858290e-01
5.000000000000001110e-01 2.102553256923783698e-01
4.863226084265935834e-01 2.139628905437855055e-01
4.727745323894976259e-01 2.174655288230941397e-01
4.593591825444023335e-01 2.207461419928751500e-01
4.460799361338897429e-01 2.237895412407350793e-01
4.329401361372292589e-01 2.265831437059167286e-01
4.199430904288018462e-01 2.291175128741452793e-01
4.070920709453594855e-01 2.313867263082478865e-01
3.943903128623333920e-01 2.333885623294699174e-01
3.818410137793947223e-01 2.351245054026415426e-01
3.694473329154774888e-01 2.365995775472218565e-01
3.572123903134606371e-01 2.378220098756979040e-01
3.451392660547150104e-01 2.388027741735109510e-01
3.332309994837083789e-01 2.395549991475647567e-01
3.214905884428678196e-01 2.400932994948904720e-01
3.099209885178879631e-01 2.404330482343794151e-01
2.985251122936787294e-01 2.405896237996609510e-01
2.873058286211370715e-01 2.405776632462747477e-01
2.762659618949298013e-01 2.404103516527491824e-01
2.654082913424666845e-01 2.400987754956740994e-01
2.547355503242452190e-01 2.396513645822017369e-01
2.442504256457417311e-01 2.390734431794874215e-01
2.339555568810219865e-01 2.383669064546992677e-01
2.238535357082431787e-01 2.375300334065404695e-01
2.139469052572124941e-01 2.365574423091234002e-01
2.042381594691679014e-01 2.354401894797128192e-01
1.947297424689413692e-01 2.341660070952200912e-01
1.854240479496642724e-01 2.327196709792870022e-01
1.763234185701672008e-01 2.310834849080302122e-01
1.674301453652287108e-01 2.292378641649847892e-01
1.587464671688187945e-01 2.271619979196966288e-01
1.502745700504856119e-01 2.248345675911292141e-01
1.420165867650229341e-01 2.222344967425355922e-01
1.339745962155614034e-01 2.193417072686364711e-01
1.261506229302150617e-01 2.161378566827202863e-01
1.185466365524179277e-01 2.126070321692521969e-01
1.111645513450765232e-01 2.087363786915131803e-01
1.040062257086641351e-01 2.045166407666008102e-01
9.707346171337882801e-02 1.999426004554964720e-01
9.036800464548166989e-02 1.950133975612741155e-01
8.389154256793041053e-02 1.897327218684816130e-01
7.764570589541863743e-02 1.841088713666589882e-01
7.163206698392743377e-02 1.781546746508407830e-01
6.585213973489323358e-02 1.718872799501548199e-01
6.030737921409157209e-02 1.653278173729590128e-01
5.499918128533154427e-02 1.585009448499236639e-01
4.992888225905456334e-02 1.514342917909823061e-01
4.509775855592612626e-02 1.441578175464072187e-01
4.050702638550263135e-02 1.367031042897748627e-01
3.615784144005795842e-02 1.291026058519141873e-01
3.205129860364375194e-02 1.213888752796425247e-01
2.818843167645834757e-02 1.135937944409330103e-01
2.457021311459295365e-02 1.057478288394779753e-01
2.119755378522125699e-02 9.787932994748251014e-02
1.807130273729329328e-02 9.001390584707388842e-02
1.519224698779197968e-02 8.217387883805095383e-02
1.256111132360571148e-02 7.437784599025393240e-02
1.017855811906731578e-02 6.664035547529090220e-02
8.045187169204659483e-03 5.897170800013298853e-02
6.161535538745877005e-03 5.137788888958158551e-02
4.528077426915411152e-03 4.386063243804776829e-02
3.145224048057615462e-03 3.641761618944241996e-02
2.013323528115562588e-03 2.904277892348483547e-02
1.132660816992037134e-03 2.172675244084304458e-02
5.034576168149174080e-04 1.445739385546118520e-02
1.258723261249317105e-04 7.220402118411075980e-03
0.000000000000000000e+00 0.000000000000000000e+00
1.258723261249317105e-04 -5.388896188632277991e-03
5.034576168149174080e-04 -1.074266294752076502e-02
1.132660816992037134e-03 -1.602702113593149763e-02
2.013323528115562588e-03 -2.120949131010273214e-02
3.145224048057615462e-03 -2.626022744169932352e-02
4.528077426915411152e-03 -3.115277344662902709e-02
6.161535538745877005e-03 -3.586472035393389185e-02
8.045187169204659483e-03 -4.037824486373175342e-02
1.017855811906731578e-02 -4.468051353173754098e-02
1.256111132360571148e-02 -4.876394077528416887e-02
1.519224698779197968e-02 -5.262629320775018271e-02
1.807130273729329328e-02 -5.627063735000959604e-02
2.119755378522125699e-02 -5.970513240700231483e-02
2.457021311459295365e-02 -6.294267439932293984e-02
2.818843167645834757e-02 -6.600040236881209166e-02
3.205129860364375194e-02 -6.889908150264313635e-02
3.615784144005795842e-02 -7.166238171941578805e-02
4.050702638550263135e-02 -7.431607342187022958e-02
4.509775855592612626e-02 -7.688716464735428913e-02
4.992888225905456334e-02 -7.940300566009046712e-02
5.499918128533154427e-02 -8.189038806966998651e-02
6.030737921409157209e-02 -8.437466579108923725e-02
6.585213973489323358e-02 -8.687892456940657371e-02
7.163206698392743377e-02 -8.942322538706087842e-02
7.764570589541863743e-02 -9.202394488842981224e-02
8.389154256793041053e-02 -9.469323305203149188e-02
9.036800464548166989e-02 -9.743860479568264288e-02
9.707346171337882801e-02 -1.002626781138281770e-01
1.040062257086641351e-01 -1.031630668366267933e-01
1.111645513450765232e-01 -1.061324312991730329e-01
1.185466365524179277e-01 -1.091586852593457307e-01
1.261506229302150617e-01 -1.122253524540666597e-01
1.339745962155614034e-01 -1.153120613888608259e-01
1.420165867650229341e-01 -1.183951624655307233e-01
1.502745700504856119e-01 -1.214484475123744356e-01
1.587464671688187945e-01 -1.244439483250870393e-01
1.674301453652287108e-01 -1.273527880739323548e-01
1.763234185701672008e-01 -1.301460574849615526e-01
1.854240479496642724e-01 -1.327956866388005086e-01
1.947297424689413692e-01 -1.352752831035067271e-01
2.042381594691679014e-01 -1.375609079543274049e-01
2.139469052572124941e-01 -1.396317630298105072e-01
2.238535357082431787e-01 -1.414707654974685092e-01
2.339555568810219865e-01 -1.430649893897541491e-01
2.442504256457417311e-01 -1.444059581297850170e-01
2.547355503242452190e-01 -1.454897770756644615e-01
2.654082913424666845e-01 -1.463171006268018937e-01
2.762659618949298013e-01 -1.468929342879181088e-01
2.873058286211370715e-01 -1.472262780912867719e-01
2.985251122936787294e-01 -1.473296237371725936e-01
3.099209885178879631e-01 -1.472183235208356922e-01
3.214905884428678196e-01 -1.469098543647703037e-01
3.332309994837083789e-01 -1.464230048645717430e-01
3.451392660547150104e-01 -1.457770169946425998e-01
3.572123903134606371e-01 -1.449907168321474815e-01
3.694473329154774888e-01 -1.440816701944958034e-01
3.818410137793947223e-01 -1.430653993275697311e-01
3.943903128623333920e-01 -1.419546956450219166e-01
4.070920709453594855e-01 -1.407590609600968545e-01
4.199430904288018462e-01 -1.394843056723117924e-01
4.329401361372292589e-01 -1.381323270219249888e-01
4.460799361338897429e-01 -1.367010839056898297e-01
4.593591825444023335e-01 -1.351847770095893353e-01
4.727745323894976259e-01 -1.335742343607249361e-01
4.863226084265935834e-01 -1.318574930833481818e-01
5.000000000000001110e-01 -1.300205584615198029e-01
5.138032638995313484e-01 -1.280483117032718832e-01
5.277289252273172915e-01 -1.259255284446330059e-01
5.417734782725895926e-01 -1.236379614314644798e-01
5.559333873942259308e-01 -1.211734333981412531e-01
5.702050879108284676e-01 -1.185228803609276460e-01
5.845849869981135649e-01 -1.156812817969701535e-01
5.990694645933862805e-01 -1.126484129126937989e-01
6.136548743068714895e-01 -1.094293558206562433e-01
6.283375443396724824e-01 -1.060347113090606280e-01
6.431137784081281117e-01 -1.024804613231061617e-01
6.579798566743311206e-01 -9.878744454245981521e-02
6.729320366825783939e-01 -9.498042372322922089e-02
6.879665543015128781e-01 -9.108674388237728015e-02
7.030796246717250231e-01 -8.713460495163224961e-02
7.182674431585703845e-01 -8.315100112963103030e-02
7.335261863099650226e-01 -7.915941162012463117e-02
7.488520128189207758e-01 -7.517736345191657066e-02
7.642410644905727191e-01 -7.121402620738805089e-02
7.796894672134594417e-01 -6.726804019775832477e-02
7.951933319348093443e-01 -6.332582325499219733e-02
8.107487556395898132e-01 -5.936064609026426436e-02
8.263518223330695855e-01 -5.533281121880625347e-02
8.419986040266501659e-01 -5.119131479546896318e-02
8.576851617267149397e-01 -4.687741328380774092e-02
8.734075464262507360e-01 -4.233055656226224900e-02
8.891618000989889303e-01 -3.749718466797486577e-02
9.049439566958173975e-01 -3.234291567038263815e-02
9.207500431432115162e-01 -2.686867591674286029e-02
9.365760803434354242e-01 -2.113133987206039163e-02
9.524180841762578398e-01 -1.526945379041691475e-02
9.682720665019324269e-01 -9.534614364565712971e-03
9.841340361651920166e-01 -4.329059249863816822e-03
9.999999999999998890e-01 -2.500000000000227734e-04
