9.999999999999998890e-01 2.500000000000392533e-04
9.841340361651920166e-01 5.839368927555671322e-03
9.682720665019324269e-01 1.136034588888041284e-02
9.524180841762578398e-01 1.679328144343414028e-02
9.365760803434354242e-01 2.212571930055662328e-02
9.207500431432115162e-01 2.735064095507465376e-02
9.049439566958173975e-01 3.246499039822663135e-02
8.891618000989889303e-01 3.746845542971800891e-02
8.734075464262507360e-01 4.236248115660926766e-02
8.576851617267149397e-01 4.714949083831085352e-02
8.419986040266501659e-01 5.183228928138870761e-02
8.263518223330695855e-01 5.641362445588028740e-02
8.107487556395898132e-01 6.089588384575542884e-02
7.951933319348093443e-01 6.528090320719974471e-02
7.796894672134594417e-01 6.956986683559282514e-02
7.642410644905727191e-01 7.376328008137274239e-02
7.488520128189207758e-01 7.786099665327644859e-02
7.335261863099650226e-01 8.186228515338871137e-02
7.182674431585703845e-01 8.576592125326744365e-02
7.030796246717250231e-01 8.957029389871745684e-02
6.879665543015128781e-01 9.327351588101481794e-02
6.729320366825783939e-01 9.687353099742272711e-02
6.579798566743311206e-01 1.003682118113044253e-01
6.431137784081281117e-01 1.037554436846986200e-01
6.283375443396724824e-01 1.070331922716965117e-01
6.136548743068714895e-01 1.101995530123688199e-01
5.990694645933862805e-01 1.132527823424979430e-01
5.845849869981135649e-01 1.161913113270839348e-01
5.702050879108284676e-01 1.190137432333412404e-01
5.559333873942259308e-01 1.217188371838793803e-01
5.417734782725895926e-01 1.243054804791405149e-01
5.277289252273172915e-01 1.267726524596361759e-01
5.138032638995313484e-01 1.291193829057984410e-01
5.000000000000001110e-01 1.313447079615462643e-01
4.863226084265935834e-01 1.334476264341254437e-01
4.727745323894976259e-01 1.354270590859696366e-01
4.593591825444023335e-01 1.372818132136804092e-01
4.460799361338897429e-01 1.390105544244834290e-01
4.329401361372292589e-01 1.406117870912967915e-01
4.199430904288018462e-01 1.420838445128102256e-01
4.070920709453594855e-01 1.434248893426736671e-01
3.943903128623333920e-01 1.446329243985638446e-01
3.818410137793947223e-01 1.457058135323811288e-01
3.694473329154774888e-01 1.466413118500024260e-01
3.572123903134606371e-01 1.474371042236262974e-01
3.451392660547150104e-01 1.480908507502664839e-01
3.332309994837083789e-01 1.486002375825478672e-01
3.214905884428678196e-01 1.489630313964528663e-01
3.099209885178879631e-01 1.491771356666412862e-01
2.985251122936787294e-01 1.492406468928167140e-01
2.873058286211370715e-01 1.491519089577591772e-01
2.762659618949298013e-01 1.489095638946817401e-01
2.654082913424666845e-01 1.485125974925452785e-01
2.547355503242452190e-01 1.479603783655850102e-01
2.442504256457417311e-01 1.472526893492704381e-01
2.339555568810219865e-01 1.463897503501667696e-01
2.238535357082431787e-01 1.453722320621902986e-01
2.139469052572124941e-01 1.442012602568893964e-01
2.042381594691679014e-01 1.428784106510961049e-01
1.947297424689413692e-01 1.414056946424211147e-01
1.854240479496642724e-01 1.397855364730933303e-01
1.763234185701672008e-01 1.380207426278833305e-01
1.674301453652287108e-01 1.361144644856480401e-01
1.587464671688187945e-01 1.340701554209054180e-01
1.502745700504856119e-01 1.318915236875957686e-01
1.420165867650229341e-01 1.295824825089577081e-01
1.339745962155614034e-01 1.271470988437846672e-01
1.261506229302150617e-01 1.245895423001417840e-01
1.185466365524179277e-01 1.219140356241653206e-01
1.111645513450765232e-01 1.191248081063385200e-01
1.040062257086641351e-01 1.162260531242913786e-01
9.707346171337882801e-02 1.132218908843607708e-01
9.036800464548166989e-02 1.101163372393779150e-01
8.389154256793041053e-02 1.069132792535931742e-01
7.764570589541863743e-02 1.036164579639510530e-01
7.163206698392743377e-02 1.002294585570152191e-01
6.585213973489323358e-02 9.675570794971169453e-02
6.030737921409157209e-02 9.319847953658066952e-02
5.499918128533154427e-02 8.956090465295717118e-02
4.992888225905456334e-02 8.584599010850865741e-02
4.509775855592612626e-02 8.205664097424260339e-02
4.050702638550263135e-02 7.819568766307950780e-02
3.615784144005795842e-02 7.426591623307887691e-02
3.205129860364375194e-02 7.027010076610964995e-02
2.818843167645834757e-02 6.621103663484168012e-02
2.457021311459295365e-02 6.209157346796884136e-02
2.119755378522125699e-02 5.791464665705818582e-02
1.807130273729329328e-02 5.368330631678745746e-02
1.519224698779197968e-02 4.940074271104738513e-02
1.256111132360571148e-02 4.507030728698082495e-02
1.017855811906731578e-02 4.069552861326278248e-02
8.045187169204659483e-03 3.628012269286891994e-02
6.161535538745877005e-03 3.182799730880307709e-02
4.528077426915411152e-03 2.734325025794109507e-02
3.145224048057615462e-03 2.283016152732809945e-02
2.013323528115562588e-03 1.829317966288667580e-02
1.132660816992037134e-03 1.373690276672090253e-02
5.034576168149174080e-04 9.166054730458745442e-03
1.258723261249317105e-04 4.585457463283594895e-03
0.000000000000000000e+00 0.000000000000000000e+00
1.258723261249317105e-04 -4.467389858811342783e-03
5.034576168149174080e-04 -8.926364777530270203e-03
1.132660816992037134e-03 -1.336853035369510272e-02
2.013323528115562588e-03 -1.778565731837584638e-02
3.145224048057615462e-03 -2.216975958317892598e-02
4.528077426915411152e-03 -2.651316698468749941e-02
6.161535538745877005e-03 -3.080859117279630133e-02
8.045187169204659483e-03 -3.504918326543407514e-02
1.017855811906731578e-02 -3.922858210318942024e-02
1.256111132360571148e-02 -4.334095217772201969e-02
1.519224698779197968e-02 -4.738101057111590575e-02
1.807130273729329328e-02 -5.134404252243199990e-02
2.119755378522125699e-02 -5.522590552519196505e-02
2.457021311459295365e-02 -5.902302214762513571e-02
2.818843167645834757e-02 -6.273236204852108977e-02
3.205129860364375194e-02 -6.635141392789492554e-02
3.615784144005795842e-02 -6.987814839624260921e-02
4.050702638550263135e-02 -7.331097296237250316e-02
4.509775855592612626e-02 -7.664868052185805358e-02
4.992888225905456334e-02 -7.989039287119602262e-02
5.499918128533154427e-02 -8.303550087299123306e-02
6.030737921409157209e-02 -8.608360295229719461e-02
6.585213973489323358e-02 -8.903444361227953741e-02
7.163206698392743377e-02 -9.188785361856087464e-02
7.764570589541863743e-02 -9.464369341723531670e-02
8.389154256793041053e-02 -9.730180122413019383e-02
9.036800464548166989e-02 -9.986194705622825074e-02
9.707346171337882801e-02 -1.023237937751482751e-01
1.040062257086641351e-01 -1.046868659831182991e-01
1.111645513450765232e-01 -1.069505273607245788e-01
1.185466365524179277e-01 -1.091139667702994420e-01
1.261506229302150617e-01 -1.111761931770063605e-01
1.339745962155614034e-01 -1.131360391696096396e-01
1.420165867650229341e-01 -1.149921726027195168e-01
1.502745700504856119e-01 -1.167431156398847786e-01
1.587464671688187945e-01 -1.183872702597221771e-01
1.674301453652287108e-01 -1.199229491020895183e-01
1.763234185701672008e-01 -1.213484103840050121e-01
1.854240479496642724e-01 -1.226618955103790515e-01
1.947297424689413692e-01 -1.238616679461925496e-01
2.042381594691679014e-01 -1.249460519066925013e-01
2.139469052572124941e-01 -1.259134694611456773e-01
2.238535357082431787e-01 -1.267624747328405799e-01
2.339555568810219865e-01 -1.274917840109321132e-01
2.442504256457417311e-01 -1.281003007644360425e-01
2.547355503242452190e-01 -1.285871347598062653e-01
2.654082913424666845e-01 -1.289516147243264799e-01
2.762659618949298013e-01 -1.291932942601147494e-01
2.873058286211370715e-01 -1.293119509889885665e-01
2.985251122936787294e-01 -1.293075791871569624e-01
3.099209885178879631e-01 -1.291803764406123101e-01
3.214905884428678196e-01 -1.289307251069412297e-01
3.332309994837083789e-01 -1.285591695969612869e-01
3.451392660547150104e-01 -1.280663906804958840e-01
3.572123903134606371e-01 -1.274531781659044571e-01
3.694473329154774888e-01 -1.267204033950052877e-01
3.818410137793947223e-01 -1.258689930275294078e-01
3.943903128623333920e-01 -1.248999055577183354e-01
4.070920709453594855e-01 -1.238141119076286711e-01
4.199430904288018462e-01 -1.226125812768321943e-01
4.329401361372292589e-01 -1.212962731986099024e-01
4.460799361338897429e-01 -1.198661364630252829e-01
4.593591825444023335e-01 -1.183231152245997342e-01
4.727745323894976259e-01 -1.166681622264221924e-01
4.863226084265935834e-01 -1.149022586556067566e-01
5.000000000000001110e-01 -1.130264397116011593e-01
5.138032638995313484e-01 -1.110418245355940664e-01
5.277289252273172915e-01 -1.089496487346282433e-01
5.417734782725895926e-01 -1.067512973579450991e-01
5.559333873942259308e-01 -1.044483358665173195e-01
5.702050879108284676e-01 -1.020425364012169100e-01
5.845849869981135649e-01 -9.953589652216414396e-02
5.990694645933862805e-01 -9.693064758253862323e-02
6.136548743068714895e-01 -9.422925003437347680e-02
6.283375443396724824e-01 -9.143437325971719154e-02
6.431137784081281117e-01 -8.854885799375479538e-02
6.579798566743311206e-01 -8.557566006974687278e-02
6.729320366825783939e-01 -8.251777507808416567e-02
6.879665543015128781e-01 -7.937814459832048808e-02
7.030796246717250231e-01 -7.615954593401498551e-02
7.182674431585703845e-01 -7.286446875076561802e-02
7.335261863099650226e-01 -6.949498367763824735e-02
7.488520128189207758e-01 -6.605260976525684224e-02
7.642410644905727191e-01 -6.253818967816072993e-02
7.796894672134594417e-01 -5.895178360674425966e-02
7.951933319348093443e-01 -5.529259508136914053e-02
8.107487556395898132e-01 -5.155894411858277099e-02
8.263518223330695855e-01 -4.774830538193078344e-02
8.419986040266501659e-01 -4.385743124786310732e-02
8.576851617267149397e-01 -3.988258177665221504e-02
8.734075464262507360e-01 -3.581988554144589776e-02
8.891618000989889303e-01 -3.166585700523470021e-02
9.049439566958173975e-01 -2.741809759353134104e-02
9.207500431432115162e-01 -2.307620872717560181e-02
9.365760803434354242e-01 -1.864294579259689194e-02
9.524180841762578398e-01 -1.412564227551088743e-02
9.682720665019324269e-01 -9.537933010795914684e-03
9.841340361651920166e-01 -4.901804652908559740e-03
9.999999999999998890e-01 -2.500000000000324771e-04
