9.999999999999998890e-01 2.500000000000823504e-04
9.841340361651920166e-01 1.117063064130852622e-02
9.682720665019324269e-01 2.084166258867618110e-02
9.524180841762578398e-01 2.978359009413244357e-02
9.365760803434354242e-01 3.834821616567841984e-02
9.207500431432115162e-01 4.675689457955380796e-02
9.049439566958173975e-01 5.513295772732700745e-02
8.891618000989889303e-01 6.352878746421566913e-02
8.734075464262507360e-01 7.194800895284943210e-02
8.576851617267149397e-01 8.036329988081118703e-02
8.419986040266501659e-01 8.873031018541376047e-02
8.263518223330695855e-01 9.699818145400870839e-02
8.107487556395898132e-01 1.051171414630963918e-01
7.951933319348093443e-01 1.130436289046140436e-01
7.796894672134594417e-01 1.207433772809437256e-01
7.642410644905727191e-01 1.281928562965800322e-01
7.488520128189207758e-01 1.353794348868753994e-01
7.335261863099650226e-01 1.423005933254094801e-01
7.182674431585703845e-01 1.489624736172282804e-01
7.030796246717250231e-01 1.553780185304290684e-01
6.879665543015128781e-01 1.615649109849799647e-01
6.729320366825783939e-01 1.675434878635347902e-01
6.579798566743311206e-01 1.733347663013153905e-01
6.431137784081281117e-01 1.789586867210262167e-01
6.283375443396724824e-01 1.844326457740929348e-01
6.136548743068714895e-01 1.897703642997038975e-01
5.990694645933862805e-01 1.949811106860004917e-01
5.845849869981135649e-01 2.000692787833033004e-01
5.702050879108284676e-01 2.050343018542057361e-01
5.559333873942259308e-01 2.098708699392507759e-01
5.417734782725895926e-01 2.145694073795596235e-01
5.277289252273172915e-01 2.191167599078452377e-01
5.138032638995313484e-01 2.234970364736851567e-01
5.000000000000001110e-01 2.276925495330650584e-01
4.863226084265935834e-01 2.316847985902239504e-01
4.727745323894976259e-01 2.354554449853979159e-01
4.593591825444023335e-01 2.389872309088635627e-01
4.460799361338897429e-01 2.422648020136875524e-01
4.329401361372292589e-01 2.452754004208040906e-01
4.199430904288018462e-01 2.480094029935542010e-01
4.070920709453594855e-01 2.504606881550813235e-01
3.943903128623333920e-01 2.526268229060472659e-01
3.818410137793947223e-01 2.545090697779082145e-01
3.694473329154774888e-01 2.561122209702462738e-01
3.572123903134606371e-01 2.574442736509642837e-01
3.451392660547150104e-01 2.585159661694805266e-01
3.332309994837083789e-01 2.593401996133051779e-01
3.214905884428678196e-01 2.599313726395935942e-01
3.099209885178879631e-01 2.603046597908883486e-01
2.985251122936787294e-01 2.604752645552442791e-01
2.873058286211370715e-01 2.604576782909768795e-01
2.762659618949298013e-01 2.602649748762406734e-01
2.654082913424666845e-01 2.599081686652885415e-01
2.547355503242452190e-01 2.593956601643535587e-01
2.442504256457417311e-01 2.587327899292929390e-01
2.339555568810219865e-01 2.579215166983996332e-01
2.238535357082431787e-01 2.569602308808757729e-01
2.139469052572124941e-01 2.558437094023492397e-01
2.042381594691679014e-01 2.545632127402800982e-01
1.947297424689413692e-01 2.531067199347387109e-01
1.854240479496642724e-01 2.514592925934662770e-01
1.763234185701672008e-01 2.496035545689656021e-01
1.674301453652287108e-01 2.475202701955770690e-01
1.587464671688187945e-01 2.451890008405360200e-01
1.502745700504856119e-01 2.425888171256365133e-01
1.420165867650229341e-01 2.396990425709549233e-01
1.339745962155614034e-01 2.365000036288595897e-01
1.261506229302150617e-01 2.329737611191971536e-01
1.185466365524179277e-01 2.291047989239337890e-01
1.111645513450765232e-01 2.248806474068595351e-01
1.040062257086641351e-01 2.202924213247300089e-01
9.707346171337882801e-02 2.153352549048897779e-01
9.036800464548166989e-02 2.100086201792701057e-01
8.389154256793041053e-02 2.043165184712803506e-01
7.764570589541863743e-02 1.982675390069150445e-01
7.163206698392743377e-02 1.918747828354517571e-01
6.585213973489323358e-02 1.851556544679119898e-01
6.030737921409157209e-02 1.781315277447442502e-01
5.499918128533154427e-02 1.708272963055333660e-01
4.992888225905456334e-02 1.632708225397727364e-01
4.509775855592612626e-02 1.554923019479280411e-01
4.050702638550263135e-02 1.475235623502175464e-01
3.615784144005795842e-02 1.393973192779058012e-01
3.205129860364375194e-02 1.311464101184008635e-01
2.818843167645834757e-02 1.228030301310069766e-01
2.457021311459295365e-02 1.143979932952076672e-01
2.119755378522125699e-02 1.059600401087781446e-01
1.807130273729329328e-02 9.751521294967394060e-02
1.519224698779197968e-02 8.908631750318089793e-02
1.256111132360571148e-02 8.069248610106657948e-02
1.017855811906731578e-02 7.234885570441160207e-02
8.045187169204659483e-03 6.406636978102674129e-02
6.161535538745877005e-03 5.585170958636537925e-02
4.528077426915411152e-03 4.770735646490383008e-02
3.145224048057615462e-03 3.963178286208030726e-02
2.013323528115562588e-03 3.161976589029735080e-02
1.132660816992037134e-03 2.366281363870466337e-02
5.034576168149174080e-04 1.574969106182029510e-02
1.258723261249317105e-04 7.867029323902338320e-03
0.000000000000000000e+00 0.000000000000000000e+00
1.258723261249317105e-04 -6.035523891682360864e-03
5.034576168149174080e-04 -1.203496113140775647e-02
1.132660816992037134e-03 -1.796308375673281651e-02
2.013323528115562588e-03 -2.378648009496492355e-02
3.145224048057615462e-03 -2.947439626323154413e-02
4.528077426915411152e-03 -3.499949987727259126e-02
6.161535538745877005e-03 -4.033854362445497138e-02
8.045187169204659483e-03 -4.547290929739438575e-02
1.017855811906731578e-02 -5.038901639900009860e-02
1.256111132360571148e-02 -5.507858341655096079e-02
1.519224698779197968e-02 -5.953873420650795945e-02
1.807130273729329328e-02 -6.377194650738719772e-02
2.119755378522125699e-02 -6.778584427226318210e-02
2.457021311459295365e-02 -7.159284014890092418e-02
2.818843167645834757e-02 -7.520963889812051772e-02
3.205129860364375194e-02 -7.865661669795805111e-02
3.615784144005795842e-02 -8.195709500869359510e-02
4.050702638550263135e-02 -8.513653085961933598e-02
4.509775855592612626e-02 -8.822164796513973228e-02
4.992888225905456334e-02 -9.123953490581018788e-02
5.499918128533154427e-02 -9.421673765985270899e-02
6.030737921409157209e-02 -9.717837400527851166e-02
6.585213973489323358e-02 -1.001472967182316515e-01
7.163206698392743377e-02 -1.031433310799090564e-01
7.764570589541863743e-02 -1.061826100069924728e-01
8.389154256793041053e-02 -1.092770271970344709e-01
9.036800464548166989e-02 -1.124338251110075515e-01
9.707346171337882801e-02 -1.156553305008396898e-01
1.040062257086641351e-01 -1.189388456485020590e-01
1.111645513450765232e-01 -1.222766986479637968e-01
1.185466365524179277e-01 -1.256564510759691500e-01
1.261506229302150617e-01 -1.290612564130456108e-01
1.339745962155614034e-01 -1.324703577461322779e-01
1.420165867650229341e-01 -1.358597087607966714e-01
1.502745700504856119e-01 -1.392026979601111714e-01
1.587464671688187945e-01 -1.424709525642557095e-01
1.674301453652287108e-01 -1.456351957703219957e-01
1.763234185701672008e-01 -1.486661290873727836e-01
1.854240479496642724e-01 -1.515353103869814533e-01
1.947297424689413692e-01 -1.542159981783368938e-01
2.042381594691679014e-01 -1.566839334559239350e-01
2.139469052572124941e-01 -1.589180322737498152e-01
2.238535357082431787e-01 -1.609009649397592778e-01
2.339555568810219865e-01 -1.626196013337664614e-01
2.442504256457417311e-01 -1.640653062386674688e-01
2.547355503242452190e-01 -1.652340736167050017e-01
2.654082913424666845e-01 -1.661264943136026018e-01
2.762659618949298013e-01 -1.667475575649387254e-01
2.873058286211370715e-01 -1.671062927247921326e-01
2.985251122936787294e-01 -1.672152636370954903e-01
3.099209885178879631e-01 -1.670899338183241545e-01
3.214905884428678196e-01 -1.667479259075979880e-01
3.332309994837083789e-01 -1.662082034631190974e-01
3.451392660547150104e-01 -1.654902069494371963e-01
3.572123903134606371e-01 -1.646129784933982043e-01
3.694473329154774888e-01 -1.635943115370010470e-01
3.818410137793947223e-01 -1.624499617623028358e-01
3.943903128623333920e-01 -1.611929545224241034e-01
4.070920709453594855e-01 -1.598330214401127158e-01
4.199430904288018462e-01 -1.583761948328921976e-01
4.329401361372292589e-01 -1.568245832417616281e-01
4.460799361338897429e-01 -1.551763446796143864e-01
4.593591825444023335e-01 -1.534258664285815255e-01
4.727745323894976259e-01 -1.515641515063612388e-01
4.863226084265935834e-01 -1.495794025439427244e-01
5.000000000000001110e-01 -1.474577840712846255e-01
5.138032638995313484e-01 -1.451843344359287080e-01
5.277289252273172915e-01 -1.427439891609071920e-01
5.417734782725895926e-01 -1.401226688903674800e-01
5.559333873942259308e-01 -1.373083776023279468e-01
5.702050879108284676e-01 -1.342922509270667308e-01
5.845849869981135649e-01 -1.310694906363120416e-01
5.990694645933862805e-01 -1.276401200910685096e-01
6.136548743068714895e-01 -1.240094970599377594e-01
6.283375443396724824e-01 -1.201885252151708577e-01
6.431137784081281117e-01 -1.161935141025817464e-01
6.579798566743311206e-01 -1.120456497259737227e-01
6.729320366825783939e-01 -1.077700542770816533e-01
6.879665543015128781e-01 -1.033944340854959232e-01
7.030796246717250231e-01 -9.894733957385408452e-02
7.182674431585703845e-01 -9.445608979429956364e-02
7.335261863099650226e-01 -8.994444679640906104e-02
7.488520128189207758e-01 -8.543016132384063932e-02
7.642410644905727191e-01 -8.092255072865714438e-02
7.796894672134594417e-01 -7.642031198183109331e-02
7.951933319348093443e-01 -7.190981658182322989e-02
8.107487556395898132e-01 -6.736417924298132576e-02
8.263518223330695855e-01 -6.274343759765495243e-02
8.419986040266501659e-01 -5.799622478851601537e-02
8.576851617267149397e-01 -5.306335969288846627e-02
8.734075464262507360e-01 -4.788381946963964075e-02
8.891618000989889303e-01 -4.240359495731974016e-02
9.049439566958173975e-01 -3.658795994992687650e-02
9.207500431432115162e-01 -3.043770928940029222e-02
9.365760803434354242e-01 -2.400993680524401985e-02
9.524180841762578398e-01 -1.744393119740165338e-02
9.682720665019324269e-01 -1.099276485201091010e-02
9.841340361651920166e-01 -5.061136237798777998e-03
9.999999999999998890e-01 -2.500000000000279234e-04
