9.999999999999998890e-01 2.500000000001318442e-04
9.841340361651920166e-01 1.892363394528251072e-02
9.682720665019324269e-01 3.724144912086340548e-02
9.524180841762578398e-01 5.518845339752519175e-02
9.365760803434354242e-01 7.275894248221595473e-02
9.207500431432115162e-01 8.995355210881290919e-02
9.049439566958173975e-01 1.067768725184041340e-01
8.891618000989889303e-01 1.232355687573545022e-01
8.734075464262507360e-01 1.393369493096418832e-01
8.576851617267149397e-01 1.550879256803728845e-01
8.419986040266501659e-01 1.704943066540795804e-01
8.263518223330695855e-01 1.855603729494630927e-01
8.107487556395898132e-01 2.002886807603603270e-01
7.951933319348093443e-01 2.146800460857590520e-01
7.796894672134594417e-01 2.287336656831948090e-01
7.642410644905727191e-01 2.424473348043734156e-01
7.488520128189207758e-01 2.558177264670864481e-01
7.335261863099650226e-01 2.688407017663667076e-01
7.182674431585703845e-01 2.815116255202366191e-01
7.030796246717250231e-01 2.938256662797943397e-01
6.879665543015128781e-01 3.057780643179618951e-01
6.729320366825783939e-01 3.173643555651199377e-01
6.579798566743311206e-01 3.285805435137334474e-01
6.431137784081281117e-01 3.394232148107918512e-01
6.283375443396724824e-01 3.498895975515652901e-01
6.136548743068714895e-01 3.599775641483033417e-01
5.990694645933862805e-01 3.696855830526382114e-01
5.845849869981135649e-01 3.790126255517090037e-01
5.702050879108284676e-01 3.879580353374688095e-01
5.559333873942259308e-01 3.965213695783732506e-01
5.417734782725895926e-01 4.047022208238653107e-01
5.277289252273172915e-01 4.125000292738887353e-01
5.138032638995313484e-01 4.199138947839269331e-01
5.000000000000001110e-01 4.269423974921158771e-01
4.863226084265935834e-01 4.335834351942721709e-01
4.727745323894976259e-01 4.398340846035223572e-01
4.593591825444023335e-01 4.456904924635153309e-01
4.460799361338897429e-01 4.511478011880668548e-01
4.329401361372292589e-01 4.562001123249180279e-01
4.199430904288018462e-01 4.608404897344040019e-01
4.070920709453594855e-01 4.650610029797521694e-01
3.943903128623333920e-01 4.688528100851667713e-01
3.818410137793947223e-01 4.722062775670728407e-01
3.694473329154774888e-01 4.751111345141510456e-01
3.572123903134606371e-01 4.775566565088653626e-01
3.451392660547150104e-01 4.795318743671690420e-01
3.332309994837083789e-01 4.810258020382234267e-01
3.214905884428678196e-01 4.820276775607093001e-01
3.099209885178879631e-01 4.825272107194429894e-01
2.985251122936787294e-01 4.825148309829374593e-01
2.873058286211370715e-01 4.819819294216966532e-01
2.762659618949298013e-01 4.809210885963363658e-01
2.654082913424666845e-01 4.793262948480869201e-01
2.547355503242452190e-01 4.771931280025752953e-01
2.442504256457417311e-01 4.745189241891095699e-01
2.339555568810219865e-01 4.713029082581970952e-01
2.238535357082431787e-01 4.675462931247312826e-01
2.139469052572124941e-01 4.632523442477264330e-01
2.042381594691679014e-01 4.584264083543989066e-01
1.947297424689413692e-01 4.530759064024035832e-01
1.854240479496642724e-01 4.472102916261790351e-01
1.763234185701672008e-01 4.408409743106680989e-01
1.674301453652287108e-01 4.339812156596403181e-01
1.587464671688187945e-01 4.266459937606995045e-01
1.502745700504856119e-01 4.188518451821989785e-01
1.420165867650229341e-01 4.106166861593256723e-01
1.339745962155614034e-01 4.019596176316027614e-01
1.261506229302150617e-01 3.929007185793719215e-01
1.185466365524179277e-01 3.834608321732156933e-01
1.111645513450765232e-01 3.736613492015755100e-01
1.040062257086641351e-01 3.635239930848391254e-01
9.707346171337882801e-02 3.530706105282515050e-01
9.036800464548166989e-02 3.423229715227740222e-01
8.389154256793041053e-02 3.313025819859514720e-01
7.764570589541863743e-02 3.200305118587743469e-01
7.163206698392743377e-02 3.085272409552588524e-01
6.585213973489323358e-02 2.968125243152789916e-01
6.030737921409157209e-02 2.849052782543183837e-01
5.499918128533154427e-02 2.728234877521156787e-01
4.992888225905456334e-02 2.605841352906257957e-01
4.509775855592612626e-02 2.482031507540036208e-01
4.050702638550263135e-02 2.356953815515772654e-01
3.615784144005795842e-02 2.230745817293043054e-01
3.205129860364375194e-02 2.103534185041094906e-01
2.818843167645834757e-02 1.975434943947648181e-01
2.457021311459295365e-02 1.846553829361123333e-01
2.119755378522125699e-02 1.716986758516852729e-01
1.807130273729329328e-02 1.586820395220010504e-01
1.519224698779197968e-02 1.456132786186554451e-01
1.256111132360571148e-02 1.324994048724212892e-01
1.017855811906731578e-02 1.193467090996277596e-01
8.045187169204659483e-03 1.061608348163536608e-01
6.161535538745877005e-03 9.294685201437206945e-02
4.528077426915411152e-03 7.970932994532492488e-02
3.145224048057615462e-03 6.645240804880872543e-02
2.013323528115562588e-03 5.317986445408331292e-02
1.132660816992037134e-03 3.989518177252750902e-02
5.034576168149174080e-04 2.660161016765550529e-02
1.258723261249317105e-04 1.330222793134995876e-02
0.000000000000000000e+00 0.000000000000000000e+00
1.258723261249317105e-04 -1.223961959413923106e-02
5.034576168149174080e-04 -2.444440079346488215e-02
1.132660816992037134e-03 -3.657983034890549545e-02
2.013323528115562588e-03 -4.861216372737634656e-02
3.145224048057615462e-03 -6.050879099140552692e-02
4.528077426915411152e-03 -7.223858097526238142e-02
6.161535538745877005e-03 -8.377219731013174631e-02
8.045187169204659483e-03 -9.508238049997053132e-02
1.017855811906731578e-02 -1.061441910298518421e-01
1.256111132360571148e-02 -1.169352093802772385e-01
1.519224698779197968e-02 -1.274356898017682815e-01
1.807130273729329328e-02 -1.376286657494058541e-01
2.119755378522125699e-02 -1.475000059608472525e-01
2.457021311459295365e-02 -1.570384212566008075e-01
2.818843167645834757e-02 -1.662354232208429483e-01
3.205129860364375194e-02 -1.750852369581050727e-01
3.615784144005795842e-02 -1.835846710902749868e-01
4.050702638550263135e-02 -1.917329490359507282e-01
4.509775855592612626e-02 -1.995315063791467391e-01
4.992888225905456334e-02 -2.069837597686113584e-01
5.499918128533154427e-02 -2.140948532780378721e-01
6.030737921409157209e-02 -2.208713884905833535e-01
6.585213973489323358e-02 -2.273211447419046516e-01
7.163206698392743377e-02 -2.334527959622622884e-01
7.764570589541863743e-02 -2.392756304024625247e-01
8.389154256793041053e-02 -2.447992792171600207e-01
9.036800464548166989e-02 -2.500334594231691798e-01
9.707346171337882801e-02 -2.549877361646765150e-01
1.040062257086641351e-01 -2.596713085198043558e-01
1.111645513450765232e-01 -2.640928222950535975e-01
1.185466365524179277e-01 -2.682602123993717558e-01
1.261506229302150617e-01 -2.721805764932843097e-01
1.339745962155614034e-01 -2.758600806971144292e-01
1.420165867650229341e-01 -2.793038972424702338e-01
1.502745700504856119e-01 -2.825161730891244116e-01
1.587464671688187945e-01 -2.855000277301318889e-01
1.674301453652287108e-01 -2.882575776945280888e-01
1.763234185701672008e-01 -2.907899846495716756e-01
1.854240479496642724e-01 -2.930975235202657458e-01
1.947297424689413692e-01 -2.951796666960139759e-01
2.042381594691679014e-01 -2.970351801916251144e-01
2.139469052572124941e-01 -2.986622275767188417e-01
2.238535357082431787e-01 -3.000584775833389783e-01
2.339555568810219865e-01 -3.012212115407280066e-01
2.442504256457417311e-01 -3.021474271584200788e-01
2.547355503242452190e-01 -3.028339356690946671e-01
2.654082913424666845e-01 -3.032774499317447137e-01
2.762659618949298013e-01 -3.034746617606374763e-01
2.873058286211370715e-01 -3.034223074601188341e-01
2.985251122936787294e-01 -3.031172212809626898e-01
3.099209885178879631e-01 -3.025563772406139607e-01
3.214905884428678196e-01 -3.017369204365636381e-01
3.332309994837083789e-01 -3.006561895989411370e-01
3.451392660547150104e-01 -2.993117331462700759e-01
3.572123903134606371e-01 -2.977013214007945829e-01
3.694473329154774888e-01 -2.958229578639065549e-01
3.818410137793947223e-01 -2.936748925295480928e-01
3.943903128623333920e-01 -2.912556401110003024e-01
4.070920709453594855e-01 -2.885640057673936054e-01
4.199430904288018462e-01 -2.855991204406834738e-01
4.329401361372292589e-01 -2.823604872593061255e-01
4.460799361338897429e-01 -2.788480396465940481e-01
4.593591825444023335e-01 -2.750622108136646093e-01
4.727745323894976259e-01 -2.710040132491470244e-01
4.863226084265935834e-01 -2.666751256807298187e-01
5.000000000000001110e-01 -2.620779838222057068e-01
5.138032638995313484e-01 -2.572158700870129100e-01
5.277289252273172915e-01 -2.520929964032698756e-01
5.417734782725895926e-01 -2.467145733683670239e-01
5.559333873942259308e-01 -2.410868582986069597e-01
5.702050879108284676e-01 -2.352171743279340699e-01
5.845849869981135649e-01 -2.291138926558306532e-01
5.990694645933862805e-01 -2.227863704022390590e-01
6.136548743068714895e-01 -2.162448373570278748e-01
6.283375443396724824e-01 -2.095002262670988824e-01
6.431137784081281117e-01 -2.025639432316870825e-01
6.579798566743311206e-01 -1.954475773116268467e-01
6.729320366825783939e-01 -1.881625516252617702e-01
6.879665543015128781e-01 -1.807197220124797110e-01
7.030796246717250231e-01 -1.731289337939228012e-01
7.182674431585703845e-01 -1.653985522129575447e-01
7.335261863099650226e-01 -1.575349877838567725e-01
7.488520128189207758e-01 -1.495422439226179179e-01
7.642410644905727191e-01 -1.414215208296133452e-01
7.796894672134594417e-01 -1.331709165293496755e-01
7.951933319348093443e-01 -1.247852731366823065e-01
8.107487556395898132e-01 -1.162562236774152685e-01
8.263518223330695855e-01 -1.075725019939045290e-01
8.419986040266501659e-01 -9.872058524727365947e-02
8.576851617267149397e-01 -8.968574510803874189e-02
8.734075464262507360e-01 -8.045358971632196599e-02
8.891618000989889303e-01 -7.101218369340338288e-02
9.049439566958173975e-01 -6.135483769528062015e-02
9.207500431432115162e-01 -5.148366201211223431e-02
9.365760803434354242e-01 -4.141398033339695195e-02
9.524180841762578398e-01 -3.117969982262530637e-02
9.682720665019324269e-01 -2.083973189289560143e-02
9.841340361651920166e-01 -1.048555437776031371e-02
9.999999999999998890e-01 -2.500000000000708036e-04
