9.999999999999998890e-01 2.500000000001297842e-04
9.841340361651920166e-01 1.876595995119221399e-02
9.682720665019324269e-01 3.713269474014228161e-02
9.524180841762578398e-01 5.525563114808258736e-02
9.365760803434354242e-01 7.307156368322163809e-02
9.207500431432115162e-01 9.054164613468078382e-02
9.049439566958173975e-01 1.076454001663321447e-01
8.891618000989889303e-01 1.243756682284189868e-01
8.734075464262507360e-01 1.407344332208144422e-01
8.576851617267149397e-01 1.567294242677606253e-01
8.419986040266501659e-01 1.723714265387737421e-01
8.263518223330695855e-01 1.876722131359606915e-01
8.107487556395898132e-01 2.026430185126125438e-01
7.951933319348093443e-01 2.172934755300803544e-01
7.796894672134594417e-01 2.316309419316005258e-01
7.642410644905727191e-01 2.456601465418882801e-01
7.488520128189207758e-01 2.593830907190321500e-01
7.335261863099650226e-01 2.727991463227712465e-01
7.182674431585703845e-01 2.859052975587068057e-01
7.030796246717250231e-01 2.986964803578859295e-01
6.879665543015128781e-01 3.111659793123763285e-01
6.729320366825783939e-01 3.233058484791601073e-01
6.579798566743311206e-01 3.351073284697931309e-01
6.431137784081281117e-01 3.465612380595631814e-01
6.283375443396724824e-01 3.576583239906264144e-01
6.136548743068714895e-01 3.683895576380545323e-01
5.990694645933862805e-01 3.787463717012086728e-01
5.845849869981135649e-01 3.887208340364154968e-01
5.702050879108284676e-01 3.983057591368804884e-01
5.559333873942259308e-01 4.074947605829026820e-01
5.417734782725895926e-01 4.162822500339183329e-01
5.277289252273172915e-01 4.246633900300698650e-01
5.138032638995313484e-01 4.326340090420401352e-01
5.000000000000001110e-01 4.401904878902779261e-01
4.863226084265935834e-01 4.473296268926564845e-01
4.727745323894976259e-01 4.540485029432896891e-01
4.593591825444023335e-01 4.603443252293847321e-01
4.460799361338897429e-01 4.662142975150804225e-01
4.329401361372292589e-01 4.716554939199874008e-01
4.199430904288018462e-01 4.766647539540462275e-01
4.070920709453594855e-01 4.812386012962755477e-01
3.943903128623333920e-01 4.853731894770462185e-01
3.818410137793947223e-01 4.890642762918183672e-01
3.694473329154774888e-01 4.923072274841806539e-01
3.572123903134606371e-01 4.950970490272758595e-01
3.451392660547150104e-01 4.974284462389894079e-01
3.332309994837083789e-01 4.992959070148117462e-01
3.214905884428678196e-01 5.006938056736111031e-01
3.099209885178879631e-01 5.016165232995652978e-01
2.985251122936787294e-01 5.020585800355520378e-01
2.873058286211370715e-01 5.020147745405574291e-01
2.762659618949298013e-01 5.014803257615007004e-01
2.654082913424666845e-01 5.004510122784470161e-01
2.547355503242452190e-01 4.989233047470753024e-01
2.442504256457417311e-01 4.968944873652234584e-01
2.339555568810219865e-01 4.943627648100185623e-01
2.238535357082431787e-01 4.913273517049216998e-01
2.139469052572124941e-01 4.877885423569771617e-01
2.042381594691679014e-01 4.837477592279835759e-01
1.947297424689413692e-01 4.792075793437303721e-01
1.854240479496642724e-01 4.741717385782535654e-01
1.763234185701672008e-01 4.686451144522109091e-01
1.674301453652287108e-01 4.626336887350504523e-01
1.587464671688187945e-01 4.561444917213631212e-01
1.502745700504856119e-01 4.491855305474602433e-01
1.420165867650229341e-01 4.417657043128759842e-01
1.339745962155614034e-01 4.338947090648190841e-01
1.261506229302150617e-01 4.255829358867934675e-01
1.185466365524179277e-01 4.168413654045484140e-01
1.111645513450765232e-01 4.076814619854323696e-01
1.040062257086641351e-01 3.981150707667123756e-01
9.707346171337882801e-02 3.881543204129567215e-01
9.036800464548166989e-02 3.778115341832380958e-01
8.389154256793041053e-02 3.670991514989832005e-01
7.764570589541863743e-02 3.560296617576731992e-01
7.163206698392743377e-02 3.446155516524339046e-01
6.585213973489323358e-02 3.328692667496310764e-01
6.030737921409157209e-02 3.208031875628196694e-01
5.499918128533154427e-02 3.084296198583721393e-01
4.992888225905456334e-02 2.957607984515362998e-01
4.509775855592612626e-02 2.828089033159800758e-01
4.050702638550263135e-02 2.695860864477819252e-01
3.615784144005795842e-02 2.561045076070850857e-01
3.205129860364375194e-02 2.423763768156124709e-01
2.818843167645834757e-02 2.284140013219374266e-01
2.457021311459295365e-02 2.142298346621040739e-01
2.119755378522125699e-02 1.998365254416188119e-01
1.807130273729329328e-02 1.852469635440390505e-01
1.519224698779197968e-02 1.704743216269695161e-01
1.256111132360571148e-02 1.555320899914977295e-01
1.017855811906731578e-02 1.404341031971525766e-01
8.045187169204659483e-03 1.251945571307917504e-01
6.161535538745877005e-03 1.098280156124347429e-01
4.528077426915411152e-03 9.434940602090761963e-02
3.145224048057615462e-03 7.877400383369462245e-02
2.013323528115562588e-03 6.311740638463993192e-02
1.132660816992037134e-03 4.739549653663750056e-02
5.034576168149174080e-04 3.162439733113309170e-02
1.258723261249317105e-04 1.582041900023784670e-02
0.000000000000000000e+00 0.000000000000000000e+00
1.258723261249317105e-04 -1.554107553904473735e-02
5.034576168149174080e-04 -3.105229273719128935e-02
1.132660816992037134e-03 -4.650407254640726018e-02
2.013323528115562588e-03 -6.186751238477657122e-02
3.145224048057615462e-03 -7.711470456530537809e-02
4.528077426915411152e-03 -9.221903152550162130e-02
6.161535538745877005e-03 -1.071554310672785393e-01
8.045187169204659483e-03 -1.219006255927209681e-01
1.017855811906731578e-02 -1.364333102521512187e-01
1.256111132360571148e-02 -1.507342959822240147e-01
1.519224698779197968e-02 -1.647866045754935727e-01
1.807130273729329328e-02 -1.785755141582133498e-01
2.119755378522125699e-02 -1.920885547275094640e-01
2.457021311459295365e-02 -2.053154546786632451e-01
2.818843167645834757e-02 -2.182480405041788141e-01
3.205129860364375194e-02 -2.308800930353525627e-01
3.615784144005795842e-02 -2.432071646925635933e-01
4.050702638550263135e-02 -2.552263631832568658e-01
4.509775855592612626e-02 -2.669361079106057355e-01
4.992888225905456334e-02 -2.783358660090169412e-01
5.499918128533154427e-02 -2.894258753874562329e-01
6.030737921409157209e-02 -3.002068624254708440e-01
6.585213973489323358e-02 -3.106797620226543488e-01
7.163206698392743377e-02 -3.208454475485701951e-01
7.764570589541863743e-02 -3.307044778810412922e-01
8.389154256793041053e-02 -3.402568681659680072e-01
9.036800464548166989e-02 -3.495018901966834290e-01
9.707346171337882801e-02 -3.584379074155333855e-01
1.040062257086641351e-01 -3.670622485096501353e-01
1.111645513450765232e-01 -3.753711224354609466e-01
1.185466365524179277e-01 -3.833595764942179240e-01
1.261506229302150617e-01 -3.910214978278895859e-01
1.339745962155614034e-01 -3.983496574467633722e-01
1.420165867650229341e-01 -4.053357946730692385e-01
1.502745700504856119e-01 -4.119707387243704000e-01
1.587464671688187945e-01 -4.182445631003086639e-01
1.674301453652287108e-01 -4.241467675079844679e-01
1.763234185701672008e-01 -4.296664812927579735e-01
1.854240479496642724e-01 -4.347926817562965396e-01
1.947297424689413692e-01 -4.395144203608805644e-01
2.042381594691679014e-01 -4.438210496513271819e-01
2.139469052572124941e-01 -4.477024437801486734e-01
2.238535357082431787e-01 -4.511492057981052461e-01
2.339555568810219865e-01 -4.541528553647323774e-01
2.442504256457417311e-01 -4.567059912287701473e-01
2.547355503242452190e-01 -4.588024237072504952e-01
2.654082913424666845e-01 -4.604372734288254554e-01
2.762659618949298013e-01 -4.616070337708157445e-01
2.873058286211370715e-01 -4.623095956746772206e-01
2.985251122936787294e-01 -4.625442348316463059e-01
3.099209885178879631e-01 -4.623115625468626755e-01
3.214905884428678196e-01 -4.616134428723377425e-01
3.332309994837083789e-01 -4.604528798024090097e-01
3.451392660547150104e-01 -4.588338794063983594e-01
3.572123903134606371e-01 -4.567612926910119553e-01
3.694473329154774888e-01 -4.542406457021339605e-01
3.818410137793947223e-01 -4.512779638596940979e-01
3.943903128623333920e-01 -4.478795977439597453e-01
4.070920709453594855e-01 -4.440520574981924873e-01
4.199430904288018462e-01 -4.398018626706159395e-01
4.329401361372292589e-01 -4.351354136869436950e-01
4.460799361338897429e-01 -4.300588902319461559e-01
4.593591825444023335e-01 -4.245781806436732531e-01
4.727745323894976259e-01 -4.186988450163538489e-01
4.863226084265935834e-01 -4.124261131073986841e-01
5.000000000000001110e-01 -4.057649163999511033e-01
5.138032638995313484e-01 -3.987199518440077139e-01
5.277289252273172915e-01 -3.912957729534660700e-01
5.417734782725895926e-01 -3.834969021478858986e-01
5.559333873942259308e-01 -3.753279565761454828e-01
5.702050879108284676e-01 -3.667937782283253734e-01
5.845849869981135649e-01 -3.578995580176805302e-01
5.990694645933862805e-01 -3.486509427819206031e-01
6.136548743068714895e-01 -3.390541138950939892e-01
6.283375443396724824e-01 -3.291158264761931407e-01
6.431137784081281117e-01 -3.188433990988441824e-01
6.579798566743311206e-01 -3.082446455090345760e-01
6.729320366825783939e-01 -2.973277421935422438e-01
6.879665543015128781e-01 -2.861010287449174960e-01
7.030796246717250231e-01 -2.745727418573467027e-01
7.182674431585703845e-01 -2.627506884609455695e-01
7.335261863099650226e-01 -2.506418689393353216e-01
7.488520128189207758e-01 -2.382520675348865080e-01
7.642410644905727191e-01 -2.255854338636326395e-01
7.796894672134594417e-01 -2.126440868507264159e-01
7.951933319348093443e-01 -1.994277802478994499e-01
8.107487556395898132e-01 -1.859336770747933576e-01
8.263518223330695855e-01 -1.721562886830476369e-01
8.419986040266501659e-01 -1.580876425024830279e-01
8.576851617267149397e-01 -1.437177507015344469e-01
8.734075464262507360e-01 -1.290354597726416364e-01
8.891618000989889303e-01 -1.140297682185001521e-01
9.049439566958173975e-01 -9.869170583861215651e-02
9.207500431432115162e-01 -8.301687336389758365e-02
9.365760803434354242e-01 -6.700874512549605255e-02
9.524180841762578398e-01 -5.068283984098143763e-02
9.682720665019324269e-01 -3.407186523373239434e-02
9.841340361651920166e-01 -1.723194085890281807e-02
9.999999999999998890e-01 -2.500000000001190506e-04
