9.999999999999998890e-01 2.500000000001844280e-04
9.841340361651920166e-01 2.641875256708167002e-02
9.682720665019324269e-01 5.211179669422425637e-02
9.524180841762578398e-01 7.720521869612476107e-02
9.365760803434354242e-01 1.016048342957116823e-01
9.207500431432115162e-01 1.252421224454570714e-01
9.049439566958173975e-01 1.480704829315699911e-01
8.891618000989889303e-01 1.700618147549398940e-01
8.734075464262507360e-01 1.912034091273255021e-01
8.576851617267149397e-01 2.114951481917725640e-01
8.419986040266501659e-01 2.309469982645352415e-01
8.263518223330695855e-01 2.495767844885138087e-01
8.107487556395898132e-01 2.674082322673017598e-01
7.951933319348093443e-01 2.844692596923645289e-01
7.796894672134594417e-01 3.007905043583440907e-01
7.642410644905727191e-01 3.164040674552019428e-01
7.488520128189207758e-01 3.313424578011757715e-01
7.335261863099650226e-01 3.456377185065082069e-01
7.182674431585703845e-01 3.593207192031940278e-01
7.030796246717250231e-01 3.724205972092695660e-01
6.879665543015128781e-01 3.849643315866396742e-01
6.729320366825783939e-01 3.969764347694610396e-01
6.579798566743311206e-01 4.084787472574242795e-01
6.431137784081281117e-01 4.194903217585873034e-01
6.283375443396724824e-01 4.300273841054529922e-01
6.136548743068714895e-01 4.401033592338624567e-01
5.990694645933862805e-01 4.497289514876359195e-01
5.845849869981135649e-01 4.589122694759099619e-01
5.702050879108284676e-01 4.676589866506212223e-01
5.559333873942259308e-01 4.759725296769818925e-01
5.417734782725895926e-01 4.838542875309791436e-01
5.277289252273172915e-01 4.913038350682091826e-01
5.138032638995313484e-01 4.983191655632178141e-01
5.000000000000001110e-01 5.048969274154941900e-01
4.863226084265935834e-01 5.110326608566545525e-01
4.727745323894976259e-01 5.167210310740278922e-01
4.593591825444023335e-01 5.219560546909762788e-01
4.460799361338897429e-01 5.267313170170586645e-01
4.329401361372292589e-01 5.310401779055617943e-01
4.199430904288018462e-01 5.348759644365119748e-01
4.070920709453594855e-01 5.382321489848926888e-01
3.943903128623333920e-01 5.411025115413211628e-01
3.818410137793947223e-01 5.434812854307476959e-01
3.694473329154774888e-01 5.453632858283252727e-01
3.572123903134606371e-01 5.467440207046306844e-01
3.451392660547150104e-01 5.476197840484657853e-01
3.332309994837083789e-01 5.479877314175269909e-01
3.214905884428678196e-01 5.478459380576232718e-01
3.099209885178879631e-01 5.471934400114670805e-01
2.985251122936787294e-01 5.460302588093008946e-01
2.873058286211370715e-01 5.443574104960562376e-01
2.762659618949298013e-01 5.421768999030038838e-01
2.654082913424666845e-01 5.394917012151455582e-01
2.547355503242452190e-01 5.363057260175495555e-01
2.442504256457417311e-01 5.326237801228483892e-01
2.339555568810219865e-01 5.284515105862681583e-01
2.238535357082431787e-01 5.237953444018518256e-01
2.139469052572124941e-01 5.186624204419606476e-01
2.042381594691679014e-01 5.130605162497695604e-01
1.947297424689413692e-01 5.069979713196138826e-01
1.854240479496642724e-01 5.004836085013275593e-01
1.763234185701672008e-01 4.935266551411377489e-01
1.674301453652287108e-01 4.861366655227311595e-01
1.587464671688187945e-01 4.783234460977923708e-01
1.502745700504856119e-01 4.700969848962086028e-01
1.420165867650229341e-01 4.614673863833708700e-01
1.339745962155614034e-01 4.524448128873219122e-01
1.261506229302150617e-01 4.430394335541955053e-01
1.185466365524179277e-01 4.332613816092616976e-01
1.111645513450765232e-01 4.231207205062529342e-01
1.040062257086641351e-01 4.126274193431422876e-01
9.707346171337882801e-02 4.017913377122493968e-01
9.036800464548166989e-02 3.906222199406440554e-01
8.389154256793041053e-02 3.791296984677072213e-01
7.764570589541863743e-02 3.673233059047849580e-01
7.163206698392743377e-02 3.552124951314206136e-01
6.585213973489323358e-02 3.428066666078271041e-01
6.030737921409157209e-02 3.301152019278407179e-01
5.499918128533154427e-02 3.171475025040509932e-01
4.992888225905456334e-02 3.039130321700476700e-01
4.509775855592612626e-02 2.904213624061597332e-01
4.050702638550263135e-02 2.766822188464322374e-01
3.615784144005795842e-02 2.627055277070215467e-01
3.205129860364375194e-02 2.485014607900105366e-01
2.818843167645834757e-02 2.340804777615775045e-01
2.457021311459295365e-02 2.194533644783952797e-01
2.119755378522125699e-02 2.046312662393603432e-01
1.807130273729329328e-02 1.896257149688214683e-01
1.519224698779197968e-02 1.744486494893870698e-01
1.256111132360571148e-02 1.591124282135598089e-01
1.017855811906731578e-02 1.436298337698666550e-01
8.045187169204659483e-03 1.280140692764248078e-01
6.161535538745877005e-03 1.122787461783902457e-01
4.528077426915411152e-03 9.643786377062686654e-02
3.145224048057615462e-03 8.050578072846875655e-02
2.013323528115562588e-03 6.449717916273252361e-02
1.132660816992037134e-03 4.842702189574409760e-02
5.034576168149174080e-04 3.231050381871092975e-02
1.258723261249317105e-04 1.616299833345772111e-02
0.000000000000000000e+00 0.000000000000000000e+00
1.258723261249317105e-04 -1.584512365635174988e-02
5.034576168149174080e-04 -3.165848393708066422e-02
1.132660816992037134e-03 -4.740860908474033714e-02
2.013323528115562588e-03 -6.306472746593855261e-02
3.145224048057615462e-03 -7.859709539579172455e-02
4.528077426915411152e-03 -9.397729897686375733e-02
6.161535538745877005e-03 -1.091785224508615010e-01
8.045187169204659483e-03 -1.241757765132614627e-01
1.017855811906731578e-02 -1.389460811791026207e-01
1.256111132360571148e-02 -1.534685990799944943e-01
1.519224698779197968e-02 -1.677247164810961866e-01
1.807130273729329328e-02 -1.816980707920136662e-01
2.119755378522125699e-02 -1.953745248646981403e-01
2.457021311459295365e-02 -2.087420898806065794e-01
2.818843167645834757e-02 -2.217908000849513617e-01
3.205129860364375194e-02 -2.345125439854015281e-01
3.615784144005795842e-02 -2.469008578562253142e-01
4.050702638550263135e-02 -2.589506884403625087e-01
4.509775855592612626e-02 -2.706581325898064216e-01
4.992888225905456334e-02 -2.820201622030861777e-01
5.499918128533154427e-02 -2.930343431882111438e-01
6.030737921409157209e-02 -3.036985572877931028e-01
6.585213973489323358e-02 -3.140107354454281241e-01
7.163206698392743377e-02 -3.239686109716179985e-01
7.764570589541863743e-02 -3.335695000942743849e-01
8.389154256793041053e-02 -3.428101165713214327e-01
9.036800464548166989e-02 -3.516864259264876891e-01
9.707346171337882801e-02 -3.601935435759467397e-01
1.040062257086641351e-01 -3.683256796806521627e-01
1.111645513450765232e-01 -3.760761320293908305e-01
1.185466365524179277e-01 -3.834373266767558408e-01
1.261506229302150617e-01 -3.904009044767415837e-01
1.339745962155614034e-01 -3.969578501158514405e-01
1.420165867650229341e-01 -4.030986588084067845e-01
1.502745700504856119e-01 -4.088135345182276059e-01
1.587464671688187945e-01 -4.140926124588347190e-01
1.674301453652287108e-01 -4.189261977379364899e-01
1.763234185701672008e-01 -4.233050113844504803e-01
1.854240479496642724e-01 -4.272204346538102104e-01
1.947297424689413692e-01 -4.306647424678990421e-01
2.042381594691679014e-01 -4.336313171188899140e-01
2.139469052572124941e-01 -4.361148339512870842e-01
2.238535357082431787e-01 -4.381114116236878298e-01
2.339555568810219865e-01 -4.396187207213647086e-01
2.442504256457417311e-01 -4.406360459133834007e-01
2.547355503242452190e-01 -4.411642984851219529e-01
2.654082913424666845e-01 -4.412059778819060751e-01
2.762659618949298013e-01 -4.407650828179059954e-01
2.873058286211370715e-01 -4.398469744762634748e-01
2.985251122936787294e-01 -4.384581962870048866e-01
3.099209885178879631e-01 -4.366062566511451082e-01
3.214905884428678196e-01 -4.342993827141355401e-01
3.332309994837083789e-01 -4.315462548121473674e-01
3.451392660547150104e-01 -4.283557324564455371e-01
3.572123903134606371e-01 -4.247365836253780280e-01
3.694473329154774888e-01 -4.206972296487041518e-01
3.818410137793947223e-01 -4.162455180527984688e-01
3.943903128623333920e-01 -4.113885353565837066e-01
4.070920709453594855e-01 -4.061324709485592543e-01
4.199430904288018462e-01 -4.004825418309327367e-01
4.329401361372292589e-01 -3.944429861989984798e-01
4.460799361338897429e-01 -3.880171315599963422e-01
4.593591825444023335e-01 -3.812075404299064552e-01
4.727745323894976259e-01 -3.740162336397189757e-01
4.863226084265935834e-01 -3.664449880116646963e-01
5.000000000000001110e-01 -3.584957017231012455e-01
5.138032638995313484e-01 -3.501708171677051507e-01
5.277289252273172915e-01 -3.414737876691744112e-01
5.417734782725895926e-01 -3.324095711308894252e-01
5.559333873942259308e-01 -3.229851307525932191e-01
5.702050879108284676e-01 -3.132099204536002990e-01
5.845849869981135649e-01 -3.030963307541784113e-01
5.990694645933862805e-01 -2.926600697234227333e-01
6.136548743068714895e-01 -2.819204533381933775e-01
6.283375443396724824e-01 -2.709005803389044065e-01
6.431137784081281117e-01 -2.596273685260015451e-01
6.579798566743311206e-01 -2.481314325102335072e-01
6.729320366825783939e-01 -2.364467872835104845e-01
6.879665543015128781e-01 -2.246103676636685142e-01
7.030796246717250231e-01 -2.126613607061741407e-01
7.182674431585703845e-01 -2.006403565581436343e-01
7.335261863099650226e-01 -1.885883329110273343e-01
7.488520128189207758e-01 -1.765454991087210268e-01
7.642410644905727191e-01 -1.645500379719598283e-01
7.796894672134594417e-01 -1.526367963547370088e-01
7.951933319348093443e-01 -1.408359891643623518e-01
8.107487556395898132e-01 -1.291719958277163516e-01
8.263518223330695855e-01 -1.176623427120861848e-01
8.419986040266501659e-01 -1.063169795176679838e-01
8.576851617267149397e-01 -9.513797183000959057e-02
8.734075464262507360e-01 -8.411974550963972896e-02
8.891618000989889303e-01 -7.325003103889861367e-02
9.049439566958173975e-01 -6.251166696479601437e-02
9.207500431432115162e-01 -5.188543078644633488e-02
9.365760803434354242e-01 -4.135407265052698511e-02
9.524180841762578398e-01 -3.090773165930965974e-02
9.682720665019324269e-01 -2.055091609854218029e-02
9.841340361651920166e-01 -1.031122711460002832e-02
9.999999999999998890e-01 -2.500000000000695568e-04
