9.999999999999998890e-01 2.500000000000819709e-04
9.841340361651920166e-01 1.178569989614957486e-02
9.682720665019324269e-01 2.298554792826381157e-02
9.524180841762578398e-01 3.387458004410320161e-02
9.365760803434354242e-01 4.447006702952975565e-02
9.207500431432115162e-01 5.478327445184485306e-02
9.049439566958173975e-01 6.482095149791622379e-02
8.891618000989889303e-01 7.458657072891983209e-02
8.734075464262507360e-01 8.408134174686168749e-02
8.576851617267149397e-01 9.330502224931960797e-02
8.419986040266501659e-01 1.022565499784666432e-01
8.263518223330695855e-01 1.109345186931206956e-01
8.107487556395898132e-01 1.193375205561913593e-01
7.951933319348093443e-01 1.274643762845141248e-01
7.796894672134594417e-01 1.353142731047909109e-01
7.642410644905727191e-01 1.428868290494313409e-01
7.488520128189207758e-01 1.501821004598962173e-01
7.335261863099650226e-01 1.572005477914076854e-01
7.182674431585703845e-01 1.639429729778518752e-01
7.030796246717250231e-01 1.704104397625093859e-01
6.879665543015128781e-01 1.766041865683229128e-01
6.729320366825783939e-01 1.825255397060486784e-01
6.579798566743311206e-01 1.881758330305861870e-01
6.431137784081281117e-01 1.935563385810800952e-01
6.283375443396724824e-01 1.986682113001527472e-01
6.136548743068714895e-01 2.035124496380794068e-01
5.990694645933862805e-01 2.080898727202498966e-01
5.845849869981135649e-01 2.124011137975430341e-01
5.702050879108284676e-01 2.164466289115540010e-01
5.559333873942259308e-01 2.202267190880921321e-01
5.417734782725895926e-01 2.237415639174259729e-01
5.277289252273172915e-01 2.269912640795023195e-01
5.138032638995313484e-01 2.299758902150882689e-01
5.000000000000001110e-01 2.326955355154478322e-01
4.863226084265935834e-01 2.351503694879028272e-01
4.727745323894976259e-01 2.373406905353142304e-01
4.593591825444023335e-01 2.392669752462213417e-01
4.460799361338897429e-01 2.409299226108989334e-01
4.329401361372292589e-01 2.423304917389118851e-01
4.199430904288018462e-01 2.434699320384531296e-01
4.070920709453594855e-01 2.443498052104496887e-01
3.943903128623333920e-01 2.449719987960267409e-01
3.818410137793947223e-01 2.453387313810103665e-01
3.694473329154774888e-01 2.454525498941060591e-01
3.572123903134606371e-01 2.453163197266481910e-01
3.451392660547150104e-01 2.449332086439022227e-01
3.332309994837083789e-01 2.443066656455319674e-01
3.214905884428678196e-01 2.434403960628822861e-01
3.099209885178879631e-01 2.423383342521338579e-01
2.985251122936787294e-01 2.410046152561076127e-01
2.873058286211370715e-01 2.394435467663063311e-01
2.762659618949298013e-01 2.376595826250680887e-01
2.654082913424666845e-01 2.356572989712980015e-01
2.547355503242452190e-01 2.334413739590648074e-01
2.442504256457417311e-01 2.310165717742835856e-01
2.339555568810219865e-01 2.283877314491543631e-01
2.238535357082431787e-01 2.255597607358050538e-01
2.139469052572124941e-01 2.225376350584938878e-01
2.042381594691679014e-01 2.193264013263825363e-01
1.947297424689413692e-01 2.159311861644460373e-01
1.854240479496642724e-01 2.123572079160017390e-01
1.763234185701672008e-01 2.086097915932102198e-01
1.674301453652287108e-01 2.046943858072594324e-01
1.587464671688187945e-01 2.006165806021715237e-01
1.502745700504856119e-01 1.963821250483696601e-01
1.420165867650229341e-01 1.919969434260951069e-01
1.339745962155614034e-01 1.874671488449351775e-01
1.261506229302150617e-01 1.827990532032401916e-01
1.185466365524179277e-01 1.779991724879580461e-01
1.111645513450765232e-01 1.730742265481219067e-01
1.040062257086641351e-01 1.680311326395383664e-01
9.707346171337882801e-02 1.628769922289319827e-01
9.036800464548166989e-02 1.576190707569144478e-01
8.389154256793041053e-02 1.522647702841546380e-01
7.764570589541863743e-02 1.468215951771454364e-01
7.163206698392743377e-02 1.412971112219549297e-01
6.585213973489323358e-02 1.356988987793270873e-01
6.030737921409157209e-02 1.300345008056949525e-01
5.499918128533154427e-02 1.243113667557721874e-01
4.992888225905456334e-02 1.185367935476643736e-01
4.509775855592612626e-02 1.127178649059082105e-01
4.050702638550263135e-02 1.068613904974208689e-01
3.615784144005795842e-02 1.009738463369213857e-01
3.205129860364375194e-02 9.506131795992295297e-02
2.818843167645834757e-02 8.912944784199169912e-02
2.457021311459295365e-02 8.318338848281972564e-02
2.119755378522125699e-02 7.722776247412165007e-02
1.807130273729329328e-02 7.126663073383979197e-02
1.519224698779197968e-02 6.530346991907555465e-02
1.256111132360571148e-02 5.934115983088374818e-02
1.017855811906731578e-02 5.338198140071474807e-02
8.045187169204659483e-03 4.742762560664990495e-02
6.161535538745877005e-03 4.147921341394304739e-02
4.528077426915411152e-03 3.553732657534631328e-02
3.145224048057615462e-03 2.960204886905934418e-02
2.013323528115562588e-03 2.367301710258368219e-02
1.132660816992037134e-03 1.774948097585818396e-02
5.034576168149174080e-04 1.183037068291649049e-02
1.258723261249317105e-04 5.914370943549161937e-03
0.000000000000000000e+00 0.000000000000000000e+00
1.258723261249317105e-04 -5.401672419800165707e-03
5.034576168149174080e-04 -1.078509066178904782e-02
1.132660816992037134e-03 -1.613216868579077368e-02
2.013323528115562588e-03 -2.142527726084431788e-02
3.145224048057615462e-03 -2.664745913548243264e-02
4.528077426915411152e-03 -3.178262871482243762e-02
6.161535538745877005e-03 -3.681575173089338127e-02
8.045187169204659483e-03 -4.173300092748818968e-02
1.017855811906731578e-02 -4.652188442137448338e-02
1.256111132360571148e-02 -5.117134413036338036e-02
1.519224698779197968e-02 -5.567182245551644676e-02
1.807130273729329328e-02 -6.001529624773071364e-02
2.119755378522125699e-02 -6.419527795489710087e-02
2.457021311459295365e-02 -6.820678471084486161e-02
2.818843167645834757e-02 -7.204627696745839749e-02
3.205129860364375194e-02 -7.571156906337832282e-02
3.615784144005795842e-02 -7.920171484455085231e-02
4.050702638550263135e-02 -8.251687208342640967e-02
4.509775855592612626e-02 -8.565814996714204987e-02
4.992888225905456334e-02 -8.862744432580559051e-02
5.499918128533154427e-02 -9.142726553868794903e-02
6.030737921409157209e-02 -9.406056418108116324e-02
6.585213973489323358e-02 -9.653055945413638317e-02
7.163206698392743377e-02 -9.884057527458162129e-02
7.764570589541863743e-02 -1.009938885954122095e-01
8.389154256793041053e-02 -1.029935940910426811e-01
9.036800464548166989e-02 -1.048424887834680796e-01
9.707346171337882801e-02 -1.065429795256950390e-01
1.040062257086641351e-01 -1.080970155141889738e-01
1.111645513450765232e-01 -1.095060471950957959e-01
1.185466365524179277e-01 -1.107710120833346606e-01
1.261506229302150617e-01 -1.118923471545161530e-01
1.339745962155614034e-01 -1.128700266229138161e-01
1.420165867650229341e-01 -1.137036231102674377e-01
1.502745700504856119e-01 -1.143923894650964862e-01
1.587464671688187945e-01 -1.149353578340071569e-01
1.674301453652287108e-01 -1.153314520364963347e-01
1.763234185701672008e-01 -1.155796088713901132e-01
1.854240479496642724e-01 -1.156789037011802940e-01
1.947297424689413692e-01 -1.156286755309858388e-01
2.042381594691679014e-01 -1.154286468280357331e-01
2.139469052572124941e-01 -1.150790335170436551e-01
2.238535357082431787e-01 -1.145806409332666420e-01
2.339555568810219865e-01 -1.139349420100314314e-01
2.442504256457417311e-01 -1.131441346077899368e-01
2.547355503242452190e-01 -1.122111756393489035e-01
2.654082913424666845e-01 -1.111397904885331051e-01
2.762659618949298013e-01 -1.099344571311073604e-01
2.873058286211370715e-01 -1.086003653180755701e-01
2.985251122936787294e-01 -1.071433521408887424e-01
3.099209885178879631e-01 -1.055698162324840844e-01
3.214905884428678196e-01 -1.038866137337338819e-01
3.332309994837083789e-01 -1.021009399385294086e-01
3.451392660547150104e-01 -1.002202011905509171e-01
3.572123903134606371e-01 -9.825188211154158024e-02
3.694473329154774888e-01 -9.620341356893651052e-02
3.818410137793947223e-01 -9.408204691894908600e-02
3.943903128623333920e-01 -9.189473997415660567e-02
4.070920709453594855e-01 -8.964805983312187920e-02
4.199430904288018462e-01 -8.734810717158431048e-02
4.329401361372292589e-01 -8.500046583588025118e-02
4.460799361338897429e-01 -8.261018061317809691e-02
4.593591825444023335e-01 -8.018176490179579341e-02
4.727745323894976259e-01 -7.771923869851285471e-02
4.863226084265935834e-01 -7.522619589666447448e-02
5.000000000000001110e-01 -7.270589839477067939e-02
5.138032638995313484e-01 -7.016139300331553086e-02
5.277289252273172915e-01 -6.759564566586583056e-02
5.417734782725895926e-01 -6.501168614376688637e-02
5.559333873942259308e-01 -6.241275511850099406e-02
5.702050879108284676e-01 -5.980244471188560229e-02
5.845849869981135649e-01 -5.718482278146817116e-02
5.990694645933862805e-01 -5.456453108521771428e-02
6.136548743068714895e-01 -5.194684759110972799e-02
6.283375443396724824e-01 -4.933770389339129508e-02
6.431137784081281117e-01 -4.674364994090331182e-02
6.579798566743311206e-01 -4.417176012732881851e-02
6.729320366825783939e-01 -4.162947727101886514e-02
6.879665543015128781e-01 -3.912439414261643239e-02
7.030796246717250231e-01 -3.666397598700400079e-02
7.182674431585703845e-01 -3.425523192113081455e-02
7.335261863099650226e-01 -3.190434814284935638e-02
7.488520128189207758e-01 -2.961630151177522402e-02
7.642410644905727191e-01 -2.739447819650093000e-02
7.796894672134594417e-01 -2.524032863949510208e-02
7.951933319348093443e-01 -2.315309696925887603e-02
8.107487556395898132e-01 -2.112967006818795498e-02
8.263518223330695855e-01 -1.916459864633911561e-02
8.419986040266501659e-01 -1.725034972238165959e-02
8.576851617267149397e-01 -1.537785670594221145e-02
8.734075464262507360e-01 -1.353743963111152422e-02
8.891618000989889303e-01 -1.172017382076741276e-02
9.049439566958173975e-01 -9.919790171149306043e-03
9.207500431432115162e-01 -8.135194138571912731e-03
9.365760803434354242e-01 -6.373693188854866361e-03
9.524180841762578398e-01 -4.655023743168569539e-03
9.682720665019324269e-01 -3.016268338379874368e-03
9.841340361651920166e-01 -1.517751645202767641e-03
9.999999999999998890e-01 -2.500000000000077572e-04
