9.999999999999998890e-01 2.500000000000592569e-04
9.841340361651920166e-01 8.637378925114755010e-03
9.682720665019324269e-01 1.684676407828474692e-02
9.524180841762578398e-01 2.487266862479226015e-02
9.365760803434354242e-01 3.271197818147420638e-02
9.207500431432115162e-01 4.036329505894334368e-02
9.049439566958173975e-01 4.782640586344999445e-02
8.891618000989889303e-01 5.510185929416622219e-02
8.734075464262507360e-01 6.219064090100464431e-02
8.576851617267149397e-01 6.909393174554361028e-02
8.419986040266501659e-01 7.581293830586234572e-02
8.263518223330695855e-01 8.234878155600607041e-02
8.107487556395898132e-01 8.870243390219242907e-02
7.951933319348093443e-01 9.487469354007717348e-02
7.796894672134594417e-01 1.008661867798593265e-01
7.642410644905727191e-01 1.066773899388627628e-01
7.488520128189207758e-01 1.123086634957916330e-01
7.335261863099650226e-01 1.177602923100954518e-01
7.182674431585703845e-01 1.230325268088108825e-01
7.030796246717250231e-01 1.281256211092754171e-01
6.879665543015128781e-01 1.330398650592887755e-01
6.729320366825783939e-01 1.377756081195579407e-01
6.579798566743311206e-01 1.423332738724980007e-01
6.431137784081281117e-01 1.467133647056683143e-01
6.283375443396724824e-01 1.509164568793200656e-01
6.136548743068714895e-01 1.549431867407686236e-01
5.990694645933862805e-01 1.587942292915192899e-01
5.845849869981135649e-01 1.624702706469089430e-01
5.702050879108284676e-01 1.659719761556535389e-01
5.559333873942259308e-01 1.692999560735158060e-01
5.417734782725895926e-01 1.724547307187311029e-01
5.277289252273172915e-01 1.754366969858875691e-01
5.138032638995313484e-01 1.782460979700438708e-01
5.000000000000001110e-01 1.808829972653723528e-01
4.863226084265935834e-01 1.833472592645812305e-01
4.727745323894976259e-01 1.856385365091983985e-01
4.593591825444023335e-01 1.877562648388796107e-01
4.460799361338897429e-01 1.896996667723636343e-01
4.329401361372292589e-01 1.914677632350943182e-01
4.199430904288018462e-01 1.930593934396036548e-01
4.070920709453594855e-01 1.944732424342419941e-01
3.943903128623333920e-01 1.957078755722610752e-01
3.818410137793947223e-01 1.967617789237922632e-01
3.694473329154774888e-01 1.976334044636466891e-01
3.572123903134606371e-01 1.983212187223276357e-01
3.451392660547150104e-01 1.988237534888842029e-01
3.332309994837083789e-01 1.991396571034374507e-01
3.214905884428678196e-01 1.992677448740997614e-01
3.099209885178879631e-01 1.992070471959221656e-01
2.985251122936787294e-01 1.989568540355390325e-01
2.873058286211370715e-01 1.985167545702738456e-01
2.762659618949298013e-01 1.978866709296382975e-01
2.654082913424666845e-01 1.970668851745952521e-01
2.547355503242452190e-01 1.960580588592943097e-01
2.442504256457417311e-01 1.948612447444378615e-01
2.339555568810219865e-01 1.934778904640276909e-01
2.238535357082431787e-01 1.919098341809864217e-01
2.139469052572124941e-01 1.901592924952648367e-01
2.042381594691679014e-01 1.882288410840913251e-01
1.947297424689413692e-01 1.861213887520951349e-01
1.854240479496642724e-01 1.838401457439002296e-01
1.763234185701672008e-01 1.813885873189765019e-01
1.674301453652287108e-01 1.787704137044967834e-01
1.587464671688187945e-01 1.759895076240367007e-01
1.502745700504856119e-01 1.730498906465711417e-01
1.420165867650229341e-01 1.699556796107404011e-01
1.339745962155614034e-01 1.667110443541812703e-01
1.261506229302150617e-01 1.633201679182109956e-01
1.185466365524179277e-01 1.597872103065822169e-01
1.111645513450765232e-01 1.561162767565051346e-01
1.040062257086641351e-01 1.523113913344825432e-01
9.707346171337882801e-02 1.483764765031832522e-01
9.036800464548166989e-02 1.443153391234905658e-01
8.389154256793041053e-02 1.401316631633010013e-01
7.764570589541863743e-02 1.358290091870522076e-01
7.163206698392743377e-02 1.314108205028641785e-01
6.585213973489323358e-02 1.268804356529754929e-01
6.030737921409157209e-02 1.222411067530482232e-01
5.499918128533154427e-02 1.174960230216797047e-01
4.992888225905456334e-02 1.126483386974357626e-01
4.509775855592612626e-02 1.077012044205978014e-01
4.050702638550263135e-02 1.026578010636347987e-01
3.615784144005795842e-02 9.752137493043983030e-02
3.205129860364375194e-02 9.229527321105025772e-02
2.818843167645834757e-02 8.698297857654442578e-02
2.457021311459295365e-02 8.158814182783129254e-02
2.119755378522125699e-02 7.611461157108508069e-02
1.807130273729329328e-02 7.056645997976525309e-02
1.519224698779197968e-02 6.494800381592830130e-02
1.256111132360571148e-02 5.926382001862816329e-02
1.017855811906731578e-02 5.351875532079797271e-02
8.045187169204659483e-03 4.771792952381489344e-02
6.161535538745877005e-03 4.186673223634055502e-02
4.528077426915411152e-03 3.597081306611166901e-02
3.145224048057615462e-03 3.003606543519442285e-02
2.013323528115562588e-03 2.406860436582154358e-02
1.132660816992037134e-03 1.807473875057898430e-02
5.034576168149174080e-04 1.206093877286787928e-02
1.258723261249317105e-04 6.033799277158711193e-03
0.000000000000000000e+00 0.000000000000000000e+00
1.258723261249317105e-04 -5.928871601735169125e-03
5.034576168149174080e-04 -1.184682038662040506e-02
1.132660816992037134e-03 -1.774297299279216714e-02
2.013323528115562588e-03 -2.360667809038199255e-02
3.145224048057615462e-03 -2.942761056755108587e-02
4.528077426915411152e-03 -3.519586772599483243e-02
6.161535538745877005e-03 -4.090205517406596963e-02
8.045187169204659483e-03 -4.653736039425306753e-02
1.017855811906731578e-02 -5.209361230682302973e-02
1.256111132360571148e-02 -5.756332554320717221e-02
1.519224698779197968e-02 -6.293972857005025734e-02
1.807130273729329328e-02 -6.821677525554355193e-02
2.119755378522125699e-02 -7.338913993090548371e-02
2.457021311459295365e-02 -7.845219645840019462e-02
2.818843167645834757e-02 -8.340198225995480719e-02
3.205129860364375194e-02 -8.823514867446113907e-02
3.615784144005795842e-02 -9.294889938523973050e-02
4.050702638550263135e-02 -9.754091898101285851e-02
4.509775855592612626e-02 -1.020092939746273242e-01
4.992888225905456334e-02 -1.063524287959419501e-01
5.499918128533154427e-02 -1.105689593929605752e-01
6.030737921409157209e-02 -1.146576671147721410e-01
6.585213973489323358e-02 -1.186173955097644811e-01
7.163206698392743377e-02 -1.224469725537954828e-01
7.764570589541863743e-02 -1.261451406287972810e-01
8.389154256793041053e-02 -1.297104963081214257e-01
9.036800464548166989e-02 -1.331414416784358901e-01
9.707346171337882801e-02 -1.364361485487180781e-01
1.040062257086641351e-01 -1.395925364760743359e-01
1.111645513450765232e-01 -1.426082650884024638e-01
1.185466365524179277e-01 -1.454807407189518120e-01
1.261506229302150617e-01 -1.482071369019487828e-01
1.339745962155614034e-01 -1.507844278262143456e-01
1.420165867650229341e-01 -1.532094334194837038e-01
1.502745700504856119e-01 -1.554788743537205975e-01
1.587464671688187945e-01 -1.575894349338422817e-01
1.674301453652287108e-01 -1.595378315702148941e-01
1.763234185701672008e-01 -1.613208843485317290e-01
1.854240479496642724e-01 -1.629355891065548956e-01
1.947297424689413692e-01 -1.643791874105777207e-01
2.042381594691679014e-01 -1.656492318975687772e-01
2.139469052572124941e-01 -1.667436446112111059e-01
2.238535357082431787e-01 -1.676607662079746541e-01
2.339555568810219865e-01 -1.683993942366140417e-01
2.442504256457417311e-01 -1.689588090919183216e-01
2.547355503242452190e-01 -1.693387866993956437e-01
2.654082913424666845e-01 -1.695395974877348388e-01
2.762659618949298013e-01 -1.695619917341938676e-01
2.873058286211370715e-01 -1.694071719067672677e-01
2.985251122936787294e-01 -1.690767531571839843e-01
3.099209885178879631e-01 -1.685727136209833610e-01
3.214905884428678196e-01 -1.678973366355944186e-01
3.332309994837083789e-01 -1.670531473755780816e-01
3.451392660547150104e-01 -1.660428467082660786e-01
3.572123903134606371e-01 -1.648692452771011174e-01
3.694473329154774888e-01 -1.635352009106487425e-01
3.818410137793947223e-01 -1.620435624221818194e-01
3.943903128623333920e-01 -1.603971227011787848e-01
4.070920709453594855e-01 -1.585985837013398347e-01
4.199430904288018462e-01 -1.566505355015552492e-01
4.329401361372292589e-01 -1.545554510631683698e-01
4.460799361338897429e-01 -1.523156976402805785e-01
4.593591825444023335e-01 -1.499335650361646732e-01
4.727745323894976259e-01 -1.474113100594538761e-01
4.863226084265935834e-01 -1.447512156447304521e-01
5.000000000000001110e-01 -1.419556621939563057e-01
5.138032638995313484e-01 -1.390272078022814217e-01
5.277289252273172915e-01 -1.359686731918724745e-01
5.417734782725895926e-01 -1.327832264308539123e-01
5.559333873942259308e-01 -1.294744619032683619e-01
5.702050879108284676e-01 -1.260464675629507647e-01
5.845849869981135649e-01 -1.225038742918427154e-01
5.990694645933862805e-01 -1.188518812325894541e-01
6.136548743068714895e-01 -1.150962513146723543e-01
6.283375443396724824e-01 -1.112432718773859741e-01
6.431137784081281117e-01 -1.072996763411596804e-01
6.579798566743311206e-01 -1.032725243142655902e-01
6.729320366825783939e-01 -9.916903936064154490e-02
6.879665543015128781e-01 -9.499640590370340976e-02
7.030796246717250231e-01 -9.076152939848032564e-02
7.182674431585703845e-01 -8.647076695776861888e-02
7.335261863099650226e-01 -8.212963904389303238e-02
7.488520128189207758e-01 -7.774253660131341670e-02
7.642410644905727191e-01 -7.331244206023170007e-02
7.796894672134594417e-01 -6.884068692930940536e-02
7.951933319348093443e-01 -6.432677314683368786e-02
8.107487556395898132e-01 -5.976828989328451802e-02
8.263518223330695855e-01 -5.516096209300311998e-02
8.419986040266501659e-01 -5.049887124785401582e-02
8.576851617267149397e-01 -4.577489344254580955e-02
8.734075464262507360e-01 -4.098140322406060299e-02
8.891618000989889303e-01 -3.611129546589652434e-02
9.049439566958173975e-01 -3.115938015796767754e-02
9.207500431432115162e-01 -2.612420719056433860e-02
9.365760803434354242e-01 -2.101037950268962173e-02
9.524180841762578398e-01 -1.583141332216291691e-02
9.682720665019324269e-01 -1.061320352430204610e-02
9.841340361651920166e-01 -5.398150273961560032e-03
9.999999999999998890e-01 -2.500000000000355670e-04
