9.999999999999998890e-01 2.500000000001320068e-04
9.841340361651920166e-01 1.880379476170815009e-02
9.682720665019324269e-01 3.676871438819150073e-02
9.524180841762578398e-01 5.419952864490404365e-02
9.365760803434354242e-01 7.113421421864203620e-02
9.207500431432115162e-01 8.759742265698165775e-02
9.049439566958173975e-01 1.036035134933388363e-01
8.891618000989889303e-01 1.191591732722363378e-01
8.734075464262507360e-01 1.342656444375274483e-01
8.576851617267149397e-01 1.489205906228544540e-01
8.419986040266501659e-01 1.631196268115791825e-01
8.263518223330695855e-01 1.768575441437188200e-01
8.107487556395898132e-01 1.901292598777050979e-01
7.951933319348093443e-01 2.029305232084634425e-01
7.796894672134594417e-01 2.152584073483870819e-01
7.642410644905727191e-01 2.271116175458132158e-01
7.488520128189207758e-01 2.384906436005789498e-01
7.335261863099650226e-01 2.493977839935581364e-01
7.182674431585703845e-01 2.598370670325575449e-01
7.030796246717250231e-01 2.698140924858886125e-01
6.879665543015128781e-01 2.793358150812028096e-01
6.729320366825783939e-01 2.884102890425440102e-01
6.579798566743311206e-01 2.970463905718845887e-01
6.431137784081281117e-01 3.052535328981154095e-01
6.283375443396724824e-01 3.130413862580595508e-01
6.136548743068714895e-01 3.204196129777112101e-01
5.990694645933862805e-01 3.273976257201842710e-01
5.845849869981135649e-01 3.339843749875152645e-01
5.702050879108284676e-01 3.401881701294401372e-01
5.559333873942259308e-01 3.460165364415758171e-01
5.417734782725895926e-01 3.514761094413434983e-01
5.277289252273172915e-01 3.565725661011584502e-01
5.138032638995313484e-01 3.613105916991670163e-01
5.000000000000001110e-01 3.656938800183974214e-01
4.863226084265935834e-01 3.697251638822000031e-01
4.727745323894976259e-01 3.734062724504920716e-01
4.593591825444023335e-01 3.767382113080557371e-01
4.460799361338897429e-01 3.797212611408686822e-01
4.329401361372292589e-01 3.823550907052412073e-01
4.199430904288018462e-01 3.846388798318466362e-01
4.070920709453594855e-01 3.865714483560465653e-01
3.943903128623333920e-01 3.881513871100317759e-01
3.818410137793947223e-01 3.893771874338715078e-01
3.694473329154774888e-01 3.902473660443606662e-01
3.572123903134606371e-01 3.907605825259211074e-01
3.451392660547150104e-01 3.909157471608576961e-01
3.332309994837083789e-01 3.907121172822686783e-01
3.214905884428678196e-01 3.901493807983518747e-01
3.099209885178879631e-01 3.892277259897893860e-01
2.985251122936787294e-01 3.879478971119174613e-01
2.873058286211370715e-01 3.863112357318105872e-01
2.762659618949298013e-01 3.843197080902233664e-01
2.654082913424666845e-01 3.819759190942660920e-01
2.547355503242452190e-01 3.792831138151119830e-01
2.442504256457417311e-01 3.762451675839291743e-01
2.339555568810219865e-01 3.728665659480098205e-01
2.238535357082431787e-01 3.691523758685634760e-01
2.139469052572124941e-01 3.651082096137970301e-01
2.042381594691679014e-01 3.607401828287556955e-01
1.947297424689413692e-01 3.560548682507789775e-01
1.854240479496642724e-01 3.510592464908951493e-01
1.763234185701672008e-01 3.457606552219961160e-01
1.674301453652287108e-01 3.401667380095735327e-01
1.587464671688187945e-01 3.342853938955714366e-01
1.502745700504856119e-01 3.281247287059824713e-01
1.420165867650229341e-01 3.216930089034438223e-01
1.339745962155614034e-01 3.149986186522764631e-01
1.261506229302150617e-01 3.080500206097370186e-01
1.185466365524179277e-01 3.008557208078335710e-01
1.111645513450765232e-01 2.934242378484557823e-01
1.040062257086641351e-01 2.857640765037546826e-01
9.707346171337882801e-02 2.778837056960399288e-01
9.036800464548166989e-02 2.697915407286550771e-01
8.389154256793041053e-02 2.614959295524875160e-01
7.764570589541863743e-02 2.530051427824918098e-01
7.163206698392743377e-02 2.443273671248574197e-01
6.585213973489323358e-02 2.354707018377706629e-01
6.030737921409157209e-02 2.264431578261745237e-01
5.499918128533154427e-02 2.172526589623043347e-01
4.992888225905456334e-02 2.079070452275297298e-01
4.509775855592612626e-02 1.984140772854614265e-01
4.050702638550263135e-02 1.887814421195237180e-01
3.615784144005795842e-02 1.790167593984090255e-01
3.205129860364375194e-02 1.691275882680888798e-01
2.818843167645834757e-02 1.591214343076295390e-01
2.457021311459295365e-02 1.490057564262426415e-01
2.119755378522125699e-02 1.387879735193391639e-01
1.807130273729329328e-02 1.284754707405459939e-01
1.519224698779197968e-02 1.180756052836518383e-01
1.256111132360571148e-02 1.075957116024503779e-01
1.017855811906731578e-02 9.704310602687309106e-02
8.045187169204659483e-03 8.642509076030552295e-02
6.161535538745877005e-03 7.574895726544875196e-02
4.528077426915411152e-03 6.502198906455293470e-02
3.145224048057615462e-03 5.425146399460068630e-02
2.013323528115562588e-03 4.344465596931828405e-02
1.132660816992037134e-03 3.260883630827864088e-02
5.034576168149174080e-04 2.175127469926559434e-02
1.258723261249317105e-04 1.087923986402114344e-02
0.000000000000000000e+00 0.000000000000000000e+00
1.258723261249317105e-04 -1.045952911189300914e-02
5.034576168149174080e-04 -2.089480105539183799e-02
1.132660816992037134e-03 -3.128177313369025908e-02
2.013323528115562588e-03 -4.159695068521461481e-02
3.145224048057615462e-03 -5.181764430997507637e-02
4.528077426915411152e-03 -6.192220746679340942e-02
6.161535538745877005e-03 -7.189024876523036900e-02
8.045187169204659483e-03 -8.170281398710528553e-02
1.017855811906731578e-02 -9.134253372237968738e-02
1.256111132360571148e-02 -1.007937334685256731e-01
1.519224698779197968e-02 -1.100425040936562487e-01
1.807130273729329328e-02 -1.190767316713775975e-01
2.119755378522125699e-02 -1.278860868276885665e-01
2.457021311459295365e-02 -1.364619748644962660e-01
2.818843167645834757e-02 -1.447974490079013965e-01
3.205129860364375194e-02 -1.528870901407743677e-01
3.615784144005795842e-02 -1.607268572887499414e-01
4.050702638550263135e-02 -1.683139139098821513e-01
4.509775855592612626e-02 -1.756464356677241712e-01
4.992888225905456334e-02 -1.827234058267286354e-01
5.499918128533154427e-02 -1.895444046837234109e-01
6.030737921409157209e-02 -1.961093995312314098e-01
6.585213973489323358e-02 -2.024185415346970163e-01
7.163206698392743377e-02 -2.084719755990994960e-01
7.764570589541863743e-02 -2.142696688096888402e-01
8.389154256793041053e-02 -2.198112623708941837e-01
9.036800464548166989e-02 -2.250959511563694893e-01
9.707346171337882801e-02 -2.301223940459310446e-01
1.040062257086641351e-01 -2.348886571901941389e-01
1.111645513450765232e-01 -2.393921912427644794e-01
1.185466365524179277e-01 -2.436298424670950147e-01
1.261506229302150617e-01 -2.475978964962318174e-01
1.339745962155614034e-01 -2.512921524347904167e-01
1.420165867650229341e-01 -2.547080239791037481e-01
1.502745700504856119e-01 -2.578406633273414572e-01
1.587464671688187945e-01 -2.606851028875166176e-01
1.674301453652287108e-01 -2.632364091948607432e-01
1.763234185701672008e-01 -2.654898430435385648e-01
1.854240479496642724e-01 -2.674410196380108684e-01
1.947297424689413692e-01 -2.690860625872166789e-01
2.042381594691679014e-01 -2.704217458040603095e-01
2.139469052572124941e-01 -2.714456178302353528e-01
2.238535357082431787e-01 -2.721561037717526443e-01
2.339555568810219865e-01 -2.725525808859348142e-01
2.442504256457417311e-01 -2.726354248814995551e-01
2.547355503242452190e-01 -2.724060251485268536e-01
2.654082913424666845e-01 -2.718667683877410979e-01
2.762659618949298013e-01 -2.710209914168663636e-01
2.873058286211370715e-01 -2.698729052502711889e-01
2.985251122936787294e-01 -2.684274938286245193e-01
3.099209885178879631e-01 -2.666903919685656987e-01
3.214905884428678196e-01 -2.646677481595345882e-01
3.332309994837083789e-01 -2.623660787089186486e-01
3.451392660547150104e-01 -2.597921203840653503e-01
3.572123903134606371e-01 -2.569526890821453580e-01
3.694473329154774888e-01 -2.538545521446793907e-01
3.818410137793947223e-01 -2.505043216992892674e-01
3.943903128623333920e-01 -2.469083758429012343e-01
4.070920709453594855e-01 -2.430728135749428698e-01
4.199430904288018462e-01 -2.390034481543047151e-01
4.329401361372292589e-01 -2.347058420106501730e-01
4.460799361338897429e-01 -2.301853845223629791e-01
4.593591825444023335e-01 -2.254474119262273868e-01
4.727745323894976259e-01 -2.204973664065838779e-01
4.863226084265935834e-01 -2.153409890949720129e-01
5.000000000000001110e-01 -2.099845393769733115e-01
5.138032638995313484e-01 -2.044350306427020758e-01
5.277289252273172915e-01 -1.987004705308344499e-01
5.417734782725895926e-01 -1.927900919090530241e-01
5.559333873942259308e-01 -1.867145594159715927e-01
5.702050879108284676e-01 -1.804861354719230482e-01
5.845849869981135649e-01 -1.741187893578860779e-01
5.990694645933862805e-01 -1.676282333682051762e-01
6.136548743068714895e-01 -1.610318712609803693e-01
6.283375443396724824e-01 -1.543486463466353931e-01
6.431137784081281117e-01 -1.475987796428724075e-01
6.579798566743311206e-01 -1.408033926386171308e-01
6.729320366825783939e-01 -1.339840143862974509e-01
6.879665543015128781e-01 -1.271619788938513906e-01
7.030796246717250231e-01 -1.203577261030098905e-01
7.182674431585703845e-01 -1.135900280792604827e-01
7.335261863099650226e-01 -1.068751713331603376e-01
7.488520128189207758e-01 -1.002261363440433289e-01
7.642410644905727191e-01 -9.365182623672314854e-02
7.796894672134594417e-01 -8.715640800996128645e-02
7.951933319348093443e-01 -8.073884154269608815e-02
8.107487556395898132e-01 -7.439268359203420056e-02
8.263518223330695855e-01 -6.810626590080463838e-02
8.419986040266501659e-01 -6.186335808299198158e-02
8.576851617267149397e-01 -5.564443686281880103e-02
8.734075464262507360e-01 -4.942869320110526710e-02
8.891618000989889303e-01 -4.319691753215508523e-02
9.049439566958173975e-01 -3.693541043019782366e-02
9.207500431432115162e-01 -3.064107119950455413e-02
9.365760803434354242e-01 -2.432781981466368773e-02
9.524180841762578398e-01 -1.803450801643251278e-02
9.682720665019324269e-01 -1.183447290130348363e-02
9.841340361651920166e-01 -5.846880761480877965e-03
9.999999999999998890e-01 -2.500000000000372475e-04
