9.999999999999998890e-01 2.500000000001089133e-04
9.841340361651920166e-01 1.446763725743156412e-02
9.682720665019324269e-01 2.671263840265954842e-02
9.524180841762578398e-01 3.783444745608598170e-02
9.365760803434354242e-01 4.840689716414859484e-02
9.207500431432115162e-01 5.879071839857166054e-02
9.049439566958173975e-01 6.918654539360817590e-02
8.891618000989889303e-01 7.967916421441084696e-02
8.734075464262507360e-01 9.027378914060310566e-02
8.576851617267149397e-01 1.009251718689279792e-01
8.419986040266501659e-01 1.115603529197712329e-01
8.263518223330695855e-01 1.220958548603107846e-01
8.107487556395898132e-01 1.324500945350996772e-01
7.951933319348093443e-01 1.425517581070969986e-01
7.796894672134594417e-01 1.523448400881445841e-01
7.642410644905727191e-01 1.617909974190523681e-01
7.488520128189207758e-01 1.708698137669854011e-01
7.335261863099650226e-01 1.795775092133475859e-01
7.182674431585703845e-01 1.879245680041138344e-01
7.030796246717250231e-01 1.959326935221307742e-01
6.879665543015128781e-01 2.036314364929463494e-01
6.729320366825783939e-01 2.110547808915362034e-01
6.579798566743311206e-01 2.182379131668962524e-01
6.431137784081281117e-01 2.252143451765067639e-01
6.283375443396724824e-01 2.320135103908516350e-01
6.136548743068714895e-01 2.386589070913389399e-01
5.990694645933862805e-01 2.451668218804908816e-01
5.845849869981135649e-01 2.515456321286172470e-01
5.702050879108284676e-01 2.577956571213335102e-01
5.559333873942259308e-01 2.639095046297216807e-01
5.417734782725895926e-01 2.698728422518286152e-01
5.277289252273172915e-01 2.756655109064253262e-01
5.138032638995313484e-01 2.812628909325614601e-01
5.000000000000001110e-01 2.866374289121172425e-01
4.863226084265935834e-01 2.917602350707877434e-01
4.727745323894976259e-01 2.966026663593457346e-01
4.593591825444023335e-01 3.011378184727006579e-01
4.460799361338897429e-01 3.053418605143906062e-01
4.329401361372292589e-01 3.091951581440625096e-01
4.199430904288018462e-01 3.126831442554451890e-01
4.070920709453594855e-01 3.157969099510009592e-01
3.943903128623333920e-01 3.185335022758040702e-01
3.818410137793947223e-01 3.208959283666757978e-01
3.694473329154774888e-01 3.228928779413413608e-01
3.572123903134606371e-01 3.245381870395706025e-01
3.451392660547150104e-01 3.258500753464860233e-01
3.332309994837083789e-01 3.268501970618803987e-01
3.214905884428678196e-01 3.275625509850593198e-01
3.099209885178879631e-01 3.280122991899699914e-01
2.985251122936787294e-01 3.282245453655948664e-01
2.873058286211370715e-01 3.282231236505253058e-01
2.762659618949298013e-01 3.280294467144863613e-01
2.654082913424666845e-01 3.276614581000336646e-01
2.547355503242452190e-01 3.271327286438987514e-01
2.442504256457417311e-01 3.264517303927996772e-01
2.339555568810219865e-01 3.256213140812418416e-01
2.238535357082431787e-01 3.246384082331550958e-01
2.139469052572124941e-01 3.234939495762275130e-01
2.042381594691679014e-01 3.221730460065961310e-01
1.947297424689413692e-01 3.206553650910421438e-01
1.854240479496642724e-01 3.189157333049628673e-01
1.763234185701672008e-01 3.169249241134666217e-01
1.674301453652287108e-01 3.146506068157862157e-01
1.587464671688187945e-01 3.120584229604003723e-01
1.502745700504856119e-01 3.091131532316174213e-01
1.420165867650229341e-01 3.057799350985378473e-01
1.339745962155614034e-01 3.020254902526265384e-01
1.261506229302150617e-01 2.978193209466912794e-01
1.185466365524179277e-01 2.931348357509729330e-01
1.111645513450765232e-01 2.879503678876757511e-01
1.040062257086641351e-01 2.822500530845750144e-01
9.707346171337882801e-02 2.760245386610735152e-01
9.036800464548166989e-02 2.692715011596335528e-01
8.389154256793041053e-02 2.619959560744614113e-01
7.764570589541863743e-02 2.542103499053279259e-01
7.163206698392743377e-02 2.459344316663585883e-01
6.585213973489323358e-02 2.371949078939404043e-01
6.030737921409157209e-02 2.280248919146467268e-01
5.499918128533154427e-02 2.184631644529610450e-01
4.992888225905456334e-02 2.085532683944240628e-01
4.509775855592612626e-02 1.983424655075664012e-01
4.050702638550263135e-02 1.878805870270579548e-01
3.615784144005795842e-02 1.772188130984041210e-01
3.205129860364375194e-02 1.664084180994932494e-01
2.818843167645834757e-02 1.554995197373320870e-01
2.457021311459295365e-02 1.445398695538625267e-01
2.119755378522125699e-02 1.335737210809300191e-01
1.807130273729329328e-02 1.226408094119109671e-01
1.519224698779197968e-02 1.117754724876882100e-01
1.256111132360571148e-02 1.010059400371548788e-01
1.017855811906731578e-02 9.035381100156725243e-02
8.045187169204659483e-03 7.983373456287623515e-02
6.161535538745877005e-03 6.945330375982326776e-02
4.528077426915411152e-03 5.921316429439796997e-02
3.145224048057615462e-03 4.910733469355407776e-02
2.013323528115562588e-03 3.912372768565346159e-02
1.132660816992037134e-03 2.924485666216788959e-02
5.034576168149174080e-04 1.944870559687881736e-02
1.258723261249317105e-04 9.709735946643590493e-03
0.000000000000000000e+00 0.000000000000000000e+00
1.258723261249317105e-04 -6.779326856994815839e-03
5.034576168149174080e-04 -1.350513692605653793e-02
1.132660816992037134e-03 -2.012528771235257141e-02
2.013323528115562588e-03 -2.659046895809236491e-02
3.145224048057615462e-03 -3.285551441527084782e-02
4.528077426915411152e-03 -3.888059182956953019e-02
6.161535538745877005e-03 -4.463223615944185430e-02
8.045187169204659483e-03 -5.008419566360146347e-02
1.017855811906731578e-02 -5.521806599808044835e-02
1.256111132360571148e-02 -6.002369371205438370e-02
1.519224698779197968e-02 -6.449933733930440782e-02
1.807130273729329328e-02 -6.865158145228206221e-02
2.119755378522125699e-02 -7.249500636984554380e-02
2.457021311459295365e-02 -7.605162347392818711e-02
2.818843167645834757e-02 -7.935009308141395545e-02
3.205129860364375194e-02 -8.242474832867724421e-02
3.615784144005795842e-02 -8.531445436348830680e-02
4.050702638550263135e-02 -8.806133712635329236e-02
4.509775855592612626e-02 -9.070941998822493191e-02
4.992888225905456334e-02 -9.330320936914560104e-02
5.499918128533154427e-02 -9.588627209977136634e-02
6.030737921409157209e-02 -9.849984764659433512e-02
6.585213973489323358e-02 -1.011815373805881740e-01
7.163206698392743377e-02 -1.039641108443764977e-01
7.764570589541863743e-02 -1.068744655192555987e-01
8.389154256793041053e-02 -1.099327720017734406e-01
9.036800464548166989e-02 -1.131518308962267821e-01
9.707346171337882801e-02 -1.165366612722957274e-01
1.040062257086641351e-01 -1.200843334117534800e-01
1.111645513450765232e-01 -1.237840509832902336e-01
1.185466365524179277e-01 -1.276174799657495140e-01
1.261506229302150617e-01 -1.315593138242787119e-01
1.339745962155614034e-01 -1.355780568721796087e-01
1.420165867650229341e-01 -1.396370006621313609e-01
1.502745700504856119e-01 -1.436953618728144533e-01
1.587464671688187945e-01 -1.477095447030295772e-01
1.674301453652287108e-01 -1.516344864441311058e-01
1.763234185701672008e-01 -1.554250418324325256e-01
1.854240479496642724e-01 -1.590373601105851409e-01
1.947297424689413692e-01 -1.624302085354227265e-01
2.042381594691679014e-01 -1.655661974005126491e-01
2.139469052572124941e-01 -1.684128644896301930e-01
2.238535357082431787e-01 -1.709435811899943369e-01
2.339555568810219865e-01 -1.731382481711372101e-01
2.442504256457417311e-01 -1.749837554300749387e-01
2.547355503242452190e-01 -1.764741894256018906e-01
2.654082913424666845e-01 -1.776107787438304386e-01
2.762659618949298013e-01 -1.784015789888477865e-01
2.873058286211370715e-01 -1.788609070838774739e-01
2.985251122936787294e-01 -1.790085445865636782e-01
3.099209885178879631e-01 -1.788687386420790559e-01
3.214905884428678196e-01 -1.784690374923598721e-01
3.332309994837083789e-01 -1.778390047089431214e-01
3.451392660547150104e-01 -1.770088622183001170e-01
3.572123903134606371e-01 -1.760081164677611554e-01
3.694473329154774888e-01 -1.748642245006333251e-01
3.818410137793947223e-01 -1.736013570820342522e-01
3.943903128623333920e-01 -1.722393142098823382e-01
4.070920709453594855e-01 -1.707926442903913988e-01
4.199430904288018462e-01 -1.692700119572697615e-01
4.329401361372292589e-01 -1.676738510478014144e-01
4.460799361338897429e-01 -1.660003287758070323e-01
4.593591825444023335e-01 -1.642396349010615819e-01
4.727745323894976259e-01 -1.623765960076389847e-01
4.863226084265935834e-01 -1.603916002684630249e-01
5.000000000000001110e-01 -1.582618027618534484e-01
5.138032638995313484e-01 -1.559625660559913196e-01
5.277289252273172915e-01 -1.534690759837782636e-01
5.417734782725895926e-01 -1.507580589338445853e-01
5.559333873942259308e-01 -1.478095152559610881e-01
5.702050879108284676e-01 -1.446083742104335990e-01
5.845849869981135649e-01 -1.411459699712379612e-01
5.990694645933862805e-01 -1.374212361943028815e-01
6.136548743068714895e-01 -1.334415192218385837e-01
6.283375443396724824e-01 -1.292229176917002176e-01
6.431137784081281117e-01 -1.247900696631114581e-01
6.579798566743311206e-01 -1.201753277679433324e-01
6.729320366825783939e-01 -1.154172886484979843e-01
6.879665543015128781e-01 -1.105586752164956499e-01
7.030796246717250231e-01 -1.056436090857168220e-01
7.182674431585703845e-01 -1.007143557547928170e-01
7.335261863099650226e-01 -9.580767643818045853e-02
7.488520128189207758e-01 -9.095097737424288897e-02
7.642410644905727191e-01 -8.615850930684815223e-02
7.796894672134594417e-01 -8.142793578202614513e-02
7.951933319348093443e-01 -7.673765788100705976e-02
8.107487556395898132e-01 -7.204535380445882542e-02
8.263518223330695855e-01 -6.728826294132908559e-02
8.419986040266501659e-01 -6.238581415743775505e-02
8.576851617267149397e-01 -5.724526534712121723e-02
8.734075464262507360e-01 -5.177108401675266369e-02
8.891618000989889303e-01 -4.587885493687338806e-02
9.049439566958173975e-01 -3.951454877887075612e-02
9.207500431432115162e-01 -3.268002318851617738e-02
9.365760803434354242e-01 -2.546565300085170194e-02
9.524180841762578398e-01 -1.809099737828028659e-02
9.682720665019324269e-01 -1.095440675607475996e-02
9.841340361651920166e-01 -4.692449937770615948e-03
9.999999999999998890e-01 -2.500000000000218519e-04
