9.999999999999998890e-01 2.500000000000859824e-04
9.841340361651920166e-01 1.243986857505433377e-02
9.682720665019324269e-01 2.427452644201873871e-02
9.524180841762578398e-01 3.557927908361854102e-02
9.365760803434354242e-01 4.624454302900556091e-02
9.207500431432115162e-01 5.621253146291085162e-02
9.049439566958173975e-01 6.546563876282121552e-02
8.891618000989889303e-01 7.401642924830982573e-02
8.734075464262507360e-01 8.189912468974597237e-02
8.576851617267149397e-01 8.916247712382388557e-02
8.419986040266501659e-01 9.586390812042654141e-02
8.263518223330695855e-01 1.020647926699553842e-01
8.107487556395898132e-01 1.078267651188797721e-01
7.951933319348093443e-01 1.132089258611718718e-01
7.796894672134594417e-01 1.182658305674909177e-01
7.642410644905727191e-01 1.230461483660889727e-01
7.488520128189207758e-01 1.275918813383308814e-01
7.335261863099650226e-01 1.319380447161256353e-01
7.182674431585703845e-01 1.361127150310262046e-01
7.030796246717250231e-01 1.401373619355427147e-01
6.879665543015128781e-01 1.440273882776917369e-01
6.729320366825783939e-01 1.477928120554022062e-01
6.579798566743311206e-01 1.514390329200641372e-01
6.431137784081281117e-01 1.549676347687894140e-01
6.283375443396724824e-01 1.583771845134597789e-01
6.136548743068714895e-01 1.616639952131499469e-01
5.990694645933862805e-01 1.648228292985365329e-01
5.845849869981135649e-01 1.678475245177837583e-01
5.702050879108284676e-01 1.707315314300774101e-01
5.559333873942259308e-01 1.734683567232588319e-01
5.417734782725895926e-01 1.760519113135469993e-01
5.277289252273172915e-01 1.784767660943011036e-01
5.138032638995313484e-01 1.807383213502038177e-01
5.000000000000001110e-01 1.828328982712973949e-01
4.863226084265935834e-01 1.847577627291896729e-01
4.727745323894976259e-01 1.865110925677110620e-01
4.593591825444023335e-01 1.880919001734199236e-01
4.460799361338897429e-01 1.894999220953698382e-01
4.329401361372292589e-01 1.907354870507652345e-01
4.199430904288018462e-01 1.917993728582789714e-01
4.070920709453594855e-01 1.926926617591732671e-01
3.943903128623333920e-01 1.934166022919097117e-01
3.818410137793947223e-01 1.939724844497137113e-01
3.694473329154774888e-01 1.943615333392441635e-01
3.572123903134606371e-01 1.945848250332067042e-01
3.451392660547150104e-01 1.946432268249533581e-01
3.332309994837083789e-01 1.945373626960079649e-01
3.214905884428678196e-01 1.942676035373557819e-01
3.099209885178879631e-01 1.938340805534039257e-01
2.985251122936787294e-01 1.932367193466825450e-01
2.873058286211370715e-01 1.924752914464733511e-01
2.762659618949298013e-01 1.915494795127069827e-01
2.654082913424666845e-01 1.904589521175136524e-01
2.547355503242452190e-01 1.892034438739642055e-01
2.442504256457417311e-01 1.877828367322150749e-01
2.339555568810219865e-01 1.861972384798851188e-01
2.238535357082431787e-01 1.844470548444553937e-01
2.139469052572124941e-01 1.825330520761202779e-01
2.042381594691679014e-01 1.804564074630907455e-01
1.947297424689413692e-01 1.782187458700265348e-01
1.854240479496642724e-01 1.758221610660406775e-01
1.763234185701672008e-01 1.732692212943006127e-01
1.674301453652287108e-01 1.705629592048637788e-01
1.587464671688187945e-01 1.677068469024907138e-01
1.502745700504856119e-01 1.647047574310287199e-01
1.420165867650229341e-01 1.615609145081200182e-01
1.339745962155614034e-01 1.582798327246693337e-01
1.261506229302150617e-01 1.548662507227865637e-01
1.185466365524179277e-01 1.513250600578634197e-01
1.111645513450765232e-01 1.476612325330670383e-01
1.040062257086641351e-01 1.438797487696556465e-01
9.707346171337882801e-02 1.399855306495475238e-01
9.036800464548166989e-02 1.359833800461095754e-01
8.389154256793041053e-02 1.318779259566136286e-01
7.764570589541863743e-02 1.276735817789571847e-01
7.163206698392743377e-02 1.233745140515875860e-01
6.585213973489323358e-02 1.189846235158163179e-01
6.030737921409157209e-02 1.145075388812137468e-01
5.499918128533154427e-02 1.099466231949226130e-01
4.992888225905456334e-02 1.053049922513990405e-01
4.509775855592612626e-02 1.005855440461102257e-01
4.050702638550263135e-02 9.579099788940691196e-02
3.615784144005795842e-02 9.092394146753676742e-02
3.205129860364375194e-02 8.598688387666295063e-02
2.818843167645834757e-02 8.098231247039114344e-02
2.457021311459295365e-02 7.591275125652258149e-02
2.119755378522125699e-02 7.078081855659748567e-02
1.807130273729329328e-02 6.558928170149809500e-02
1.519224698779197968e-02 6.034110667446420523e-02
1.256111132360571148e-02 5.503950082327949134e-02
1.017855811906731578e-02 4.968794703776063110e-02
8.045187169204659483e-03 4.429022811664663772e-02
6.161535538745877005e-03 3.885044041754565775e-02
4.528077426915411152e-03 3.337299628149633518e-02
3.145224048057615462e-03 2.786261513594712885e-02
2.013323528115562588e-03 2.232430359215738236e-02
1.132660816992037134e-03 1.676332525101762241e-02
5.034576168149174080e-04 1.118516130143237634e-02
1.258723261249317105e-04 5.595463325138088501e-03
0.000000000000000000e+00 0.000000000000000000e+00
1.258723261249317105e-04 -5.397266335317904909e-03
5.034576168149174080e-04 -1.078415124314420492e-02
1.132660816992037134e-03 -1.615029352453109870e-02
2.013323528115562588e-03 -2.148549692007518594e-02
3.145224048057615462e-03 -2.677980909616890087e-02
4.528077426915411152e-03 -3.202359650541744540e-02
6.161535538745877005e-03 -3.720761385176211272e-02
8.045187169204659483e-03 -4.232306698027748365e-02
1.017855811906731578e-02 -4.736166812173326496e-02
1.256111132360571148e-02 -5.231568255169296439e-02
1.519224698779197968e-02 -5.717796587175340284e-02
1.807130273729329328e-02 -6.194199128477356070e-02
2.119755378522125699e-02 -6.660186641463367030e-02
2.457021311459295365e-02 -7.115233941183356225e-02
2.818843167645834757e-02 -7.558879428646413101e-02
3.205129860364375194e-02 -7.990723561677898212e-02
3.615784144005795842e-02 -8.410426299147957807e-02
4.050702638550263135e-02 -8.817703575332772048e-02
4.509775855592612626e-02 -9.212322881698074839e-02
4.992888225905456334e-02 -9.594098053095102829e-02
5.499918128533154427e-02 -9.962883373811796950e-02
6.030737921409157209e-02 -1.031856713569580669e-01
6.585213973489323358e-02 -1.066106479523114270e-01
7.163206698392743377e-02 -1.099031188858370367e-01
7.764570589541863743e-02 -1.130625687283137032e-01
8.389154256793041053e-02 -1.160885406748790871e-01
9.036800464548166989e-02 -1.189805687268772200e-01
9.707346171337882801e-02 -1.217381143874449040e-01
1.040062257086641351e-01 -1.243605095602174221e-01
1.111645513450765232e-01 -1.268469072402659548e-01
1.185466365524179277e-01 -1.291962414431760964e-01
1.261506229302150617e-01 -1.314071976326065538e-01
1.339745962155614034e-01 -1.334781946803706154e-01
1.420165867650229341e-01 -1.354073791288319673e-01
1.502745700504856119e-01 -1.371926322271390941e-01
1.587464671688187945e-01 -1.388315898856657404e-01
1.674301453652287108e-01 -1.403216753432555697e-01
1.763234185701672008e-01 -1.416601439768896131e-01
1.854240479496642724e-01 -1.428441393116181846e-01
1.947297424689413692e-01 -1.438707589193571612e-01
2.042381594691679014e-01 -1.447371285385114226e-01
2.139469052572124941e-01 -1.454404824129887919e-01
2.238535357082431787e-01 -1.459782475499738219e-01
2.339555568810219865e-01 -1.463481293418840701e-01
2.442504256457417311e-01 -1.465481958000801332e-01
2.547355503242452190e-01 -1.465769575164763694e-01
2.654082913424666845e-01 -1.464334404137179191e-01
2.762659618949298013e-01 -1.461172483734061167e-01
2.873058286211370715e-01 -1.456286129518313821e-01
2.985251122936787294e-01 -1.449684276088620272e-01
3.099209885178879631e-01 -1.441382641909511875e-01
3.214905884428678196e-01 -1.431403698241461853e-01
3.332309994837083789e-01 -1.419776428853214145e-01
3.451392660547150104e-01 -1.406535873244815493e-01
3.572123903134606371e-01 -1.391722452997101178e-01
3.694473329154774888e-01 -1.375381088477544145e-01
3.818410137793947223e-01 -1.357560121326918945e-01
3.943903128623333920e-01 -1.338310066747153970e-01
4.070920709453594855e-01 -1.317682228397668576e-01
4.199430904288018462e-01 -1.295727217445397372e-01
4.329401361372292589e-01 -1.272493425735471695e-01
4.460799361338897429e-01 -1.248025510864500393e-01
4.593591825444023335e-01 -1.222362957836572173e-01
4.727745323894976259e-01 -1.195538787639399136e-01
4.863226084265935834e-01 -1.167578487162136969e-01
5.000000000000001110e-01 -1.138499237053373497e-01
5.138032638995313484e-01 -1.108309514059536011e-01
5.277289252273172915e-01 -1.077009141775769341e-01
5.417734782725895926e-01 -1.044589858290511930e-01
5.559333873942259308e-01 -1.011036460648984669e-01
5.702050879108284676e-01 -9.763285741762277314e-02
5.845849869981135649e-01 -9.404430793113784104e-02
5.990694645933862805e-01 -9.033572095918673828e-02
6.136548743068714895e-01 -8.650523117335839896e-02
6.283375443396724824e-01 -8.255182323967649727e-02
6.431137784081281117e-01 -7.847582663017031723e-02
6.579798566743311206e-01 -7.427945670415089796e-02
6.729320366825783939e-01 -6.996738854978160060e-02
6.879665543015128781e-01 -6.554734615580272428e-02
7.030796246717250231e-01 -6.103068533113874261e-02
7.182674431585703845e-01 -5.643294446116184360e-02
7.335261863099650226e-01 -5.177433274736714663e-02
7.488520128189207758e-01 -4.708012109477630047e-02
7.642410644905727191e-01 -4.238089636948361855e-02
7.796894672134594417e-01 -3.771263543593812023e-02
7.951933319348093443e-01 -3.311655129504953443e-02
8.107487556395898132e-01 -2.863865988077599761e-02
8.263518223330695855e-01 -2.432901273952884497e-02
8.419986040266501659e-01 -2.024053802129574184e-02
8.576851617267149397e-01 -1.642743006276885936e-02
8.734075464262507360e-01 -1.294302644923733814e-02
8.891618000989889303e-01 -9.837110909291429950e-03
9.049439566958173975e-01 -7.152580825656762106e-03
9.207500431432115162e-01 -4.921419631293327303e-03
9.365760803434354242e-01 -3.159916988091162303e-03
9.524180841762578398e-01 -1.863083491087437179e-03
9.682720665019324269e-01 -9.982117662244327939e-04
9.841340361651920166e-01 -4.975422814682879278e-04
9.999999999999998890e-01 -2.500000000000011978e-04
