9.999999999999998890e-01 2.500000000001395420e-04
9.841340361651920166e-01 2.010401228821917866e-02
9.682720665019324269e-01 3.969725333759480806e-02
9.524180841762578398e-01 5.893191440530904518e-02
9.365760803434354242e-01 7.773892400002095637e-02
9.207500431432115162e-01 9.607234693834348915e-02
9.049439566958173975e-01 1.139045260142029087e-01
8.891618000989889303e-01 1.312219160530250506e-01
8.734075464262507360e-01 1.480215565765574670e-01
8.576851617267149397e-01 1.643081270313632436e-01
8.419986040266501659e-01 1.800915274429269464e-01
8.263518223330695855e-01 1.953849273443314105e-01
8.107487556395898132e-01 2.102032267807578403e-01
7.951933319348093443e-01 2.245618749892502874e-01
7.796894672134594417e-01 2.384759948738656155e-01
7.642410644905727191e-01 2.519597645146293141e-01
7.488520128189207758e-01 2.650260105405817801e-01
7.335261863099650226e-01 2.776859721416425342e-01
7.182674431585703845e-01 2.899491986750193928e-01
7.030796246717250231e-01 3.018235481302383727e-01
6.879665543015128781e-01 3.133152580515460861e-01
6.729320366825783939e-01 3.244290647859968679e-01
6.579798566743311206e-01 3.351683510489655293e-01
6.431137784081281117e-01 3.455353057063250688e-01
6.283375443396724824e-01 3.555310833059417419e-01
6.136548743068714895e-01 3.651559542040808681e-01
5.990694645933862805e-01 3.744094390902330538e-01
5.845849869981135649e-01 3.832904242935807337e-01
5.702050879108284676e-01 3.917972564436775218e-01
5.559333873942259308e-01 3.999278168549695867e-01
5.417734782725895926e-01 4.076795774170506870e-01
5.277289252273172915e-01 4.150496408159126682e-01
5.138032638995313484e-01 4.220347686091602823e-01
5.000000000000001110e-01 4.286314010595960178e-01
4.863226084265935834e-01 4.348356727310316860e-01
4.727745323894976259e-01 4.406434277056553994e-01
4.593591825444023335e-01 4.460502379342166090e-01
4.460799361338897429e-01 4.510514277203625522e-01
4.329401361372292589e-01 4.556421067104854394e-01
4.199430904288018462e-01 4.598172130512553912e-01
4.070920709453594855e-01 4.635715676275459218e-01
3.943903128623333920e-01 4.668999395398614194e-01
3.818410137793947223e-01 4.697971222553056214e-01
3.694473329154774888e-01 4.722580191981545772e-01
3.572123903134606371e-01 4.742777369592539038e-01
3.451392660547150104e-01 4.758516838169188357e-01
3.332309994837083789e-01 4.769756708899749453e-01
3.214905884428678196e-01 4.776460129951572431e-01
3.099209885178879631e-01 4.778596261604846074e-01
2.985251122936787294e-01 4.776141187529622245e-01
2.873058286211370715e-01 4.769078733081047461e-01
2.762659618949298013e-01 4.757401163915267461e-01
2.654082913424666845e-01 4.741109741668946831e-01
2.547355503242452190e-01 4.720215117747440514e-01
2.442504256457417311e-01 4.694737551256395469e-01
2.339555568810219865e-01 4.664706942598479955e-01
2.238535357082431787e-01 4.630162680041818302e-01
2.139469052572124941e-01 4.591153302446543405e-01
2.042381594691679014e-01 4.547735987111344302e-01
1.947297424689413692e-01 4.499975877182760819e-01
1.854240479496642724e-01 4.447945268080407688e-01
1.763234185701672008e-01 4.391722676774815759e-01
1.674301453652287108e-01 4.331391821378174356e-01
1.587464671688187945e-01 4.267040541265019193e-01
1.502745700504856119e-01 4.198759689752504798e-01
1.420165867650229341e-01 4.126642032190679377e-01
1.339745962155614034e-01 4.050781182126064195e-01
1.261506229302150617e-01 3.971270607021118448e-01
1.185466365524179277e-01 3.888202732881752000e-01
1.111645513450765232e-01 3.801668174136466627e-01
1.040062257086641351e-01 3.711755111320618750e-01
9.707346171337882801e-02 3.618548834665795133e-01
9.036800464548166989e-02 3.522131466713617209e-01
8.389154256793041053e-02 3.422581871715345558e-01
7.764570589541863743e-02 3.319975754002586488e-01
7.163206698392743377e-02 3.214385941883753373e-01
6.585213973489323358e-02 3.105882848099677518e-01
6.030737921409157209e-02 2.994535092618287875e-01
5.499918128533154427e-02 2.880410268712957911e-01
4.992888225905456334e-02 2.763575828988139027e-01
4.509775855592612626e-02 2.644100064409481421e-01
4.050702638550263135e-02 2.522053146563272286e-01
3.615784144005795842e-02 2.397508201389642601e-01
3.205129860364375194e-02 2.270542381557886791e-01
2.818843167645834757e-02 2.141237904508365431e-01
2.457021311459295365e-02 2.009683023974532801e-01
2.119755378522125699e-02 1.875972904496010230e-01
1.807130273729329328e-02 1.740210370989289934e-01
1.519224698779197968e-02 1.602506508783200501e-01
1.256111132360571148e-02 1.462981093556760537e-01
1.017855811906731578e-02 1.321762835223981858e-01
8.045187169204659483e-03 1.178989424864640978e-01
6.161535538745877005e-03 1.034807379161194751e-01
4.528077426915411152e-03 8.893716823208989986e-02
3.145224048057615462e-03 7.428452309866606651e-02
2.013323528115562588e-03 5.953980930168757679e-02
1.132660816992037134e-03 4.472065960964548281e-02
5.034576168149174080e-04 2.984522667881880920e-02
1.258723261249317105e-04 1.493206447182092271e-02
0.000000000000000000e+00 0.000000000000000000e+00
1.258723261249317105e-04 -1.481286144573488832e-02
5.034576168149174080e-04 -2.960071917967142113e-02
1.132660816992037134e-03 -4.433875474220234925e-02
2.013323528115562588e-03 -5.900263983459677619e-02
3.145224048057615462e-03 -7.356876600358423779e-02
4.528077426915411152e-03 -8.801445632803825414e-02
6.161535538745877005e-03 -1.023181539047205435e-01
8.045187169204659483e-03 -1.164595825836588078e-01
1.017855811906731578e-02 -1.304198761854551136e-01
1.256111132360571148e-02 -1.441816733206094103e-01
1.519224698779197968e-02 -1.577291758996774984e-01
1.807130273729329328e-02 -1.710481704452146978e-01
2.119755378522125699e-02 -1.841260123630109324e-01
2.457021311459295365e-02 -1.969515743711097999e-01
2.818843167645834757e-02 -2.095151612907521776e-01
3.205129860364375194e-02 -2.218083943446698403e-01
3.615784144005795842e-02 -2.338240689578070242e-01
4.050702638550263135e-02 -2.455559907887182314e-01
4.509775855592612626e-02 -2.569987953149395210e-01
4.992888225905456334e-02 -2.681477567346967072e-01
5.499918128533154427e-02 -2.789985922169375687e-01
6.030737921409157209e-02 -2.895472676231064524e-01
6.585213973489323358e-02 -2.997898107337337859e-01
7.163206698392743377e-02 -3.097221377423143296e-01
7.764570589541863743e-02 -3.193398983350393960e-01
8.389154256793041053e-02 -3.286383440696213354e-01
9.036800464548166989e-02 -3.376122240166054000e-01
9.707346171337882801e-02 -3.462557107534729450e-01
1.040062257086641351e-01 -3.545623588306976437e-01
1.111645513450765232e-01 -3.625250967881736286e-01
1.185466365524179277e-01 -3.701362527210586562e-01
1.261506229302150617e-01 -3.773876123086170042e-01
1.339745962155614034e-01 -3.842705071614560541e-01
1.420165867650229341e-01 -3.907759303447257970e-01
1.502745700504856119e-01 -3.968946750292966508e-01
1.587464671688187945e-01 -4.026174914394406446e-01
1.674301453652287108e-01 -4.079352566308236949e-01
1.763234185701672008e-01 -4.128391511694293192e-01
1.854240479496642724e-01 -4.173208365084798976e-01
1.947297424689413692e-01 -4.213726267891894084e-01
2.042381594691679014e-01 -4.249876489290672077e-01
2.139469052572124941e-01 -4.281599852089998381e-01
2.238535357082431787e-01 -4.308847931214585536e-01
2.339555568810219865e-01 -4.331583979843267040e-01
2.442504256457417311e-01 -4.349783547390328464e-01
2.547355503242452190e-01 -4.363434764127949728e-01
2.654082913424666845e-01 -4.372538279021702667e-01
2.762659618949298013e-01 -4.377106849931654553e-01
2.873058286211370715e-01 -4.377164598322863531e-01
2.985251122936787294e-01 -4.372745953604509350e-01
3.099209885178879631e-01 -4.363894324731319996e-01
3.214905884428678196e-01 -4.350660548302675568e-01
3.332309994837083789e-01 -4.333101172639404197e-01
3.451392660547150104e-01 -4.311276645782206596e-01
3.572123903134606371e-01 -4.285249481649823777e-01
3.694473329154774888e-01 -4.255082482379770048e-01
3.818410137793947223e-01 -4.220837095871138867e-01
3.943903128623333920e-01 -4.182571985554047744e-01
4.070920709453594855e-01 -4.140341884304984954e-01
4.199430904288018462e-01 -4.094196796187773435e-01
4.329401361372292589e-01 -4.044181598404752997e-01
4.460799361338897429e-01 -3.990336081677544611e-01
4.593591825444023335e-01 -3.932695450537798676e-01
4.727745323894976259e-01 -3.871291286101650186e-01
4.863226084265935834e-01 -3.806152953340872225e-01
5.000000000000001110e-01 -3.737309413263963376e-01
5.138032638995313484e-01 -3.664791378489608009e-01
5.277289252273172915e-01 -3.588633729221663016e-01
5.417734782725895926e-01 -3.508878086474449542e-01
5.559333873942259308e-01 -3.425575421453521674e-01
5.702050879108284676e-01 -3.338788565203869574e-01
5.845849869981135649e-01 -3.248594471935166705e-01
5.990694645933862805e-01 -3.155086083746862502e-01
6.136548743068714895e-01 -3.058373644687445991e-01
6.283375443396724824e-01 -2.958585319008176784e-01
6.431137784081281117e-01 -2.855866982834401324e-01
6.579798566743311206e-01 -2.750381080880465734e-01
6.729320366825783939e-01 -2.642304470735907795e-01
6.879665543015128781e-01 -2.531825216941696044e-01
7.030796246717250231e-01 -2.419138345656253464e-01
7.182674431585703845e-01 -2.304440628073768926e-01
7.335261863099650226e-01 -2.187924526568385541e-01
7.488520128189207758e-01 -2.069771511226984884e-01
7.642410644905727191e-01 -1.950145035185039954e-01
7.796894672134594417e-01 -1.829183543930055778e-01
7.951933319348093443e-01 -1.706993985174636574e-01
8.107487556395898132e-01 -1.583646380474746374e-01
8.263518223330695855e-01 -1.459170115699198744e-01
8.419986040266501659e-01 -1.333552702754219332e-01
8.576851617267149397e-01 -1.206741857455824601e-01
8.734075464262507360e-01 -1.078651825787790147e-01
8.891618000989889303e-01 -9.491749705249000191e-02
9.049439566958173975e-01 -8.181996997942250771e-02
9.207500431432115162e-01 -6.856358760026567967e-02
9.365760803434354242e-01 -5.514488850911594686e-02
9.524180841762578398e-01 -4.157035697527829143e-02
9.682720665019324269e-01 -2.786192336446477111e-02
9.841340361651920166e-01 -1.406369044651219723e-02
9.999999999999998890e-01 -2.500000000000964450e-04
