9.999999999999998890e-01 2.500000000000908613e-04
9.841340361651920166e-01 1.310758119291046374e-02
9.682720665019324269e-01 2.569591940733506608e-02
9.524180841762578398e-01 3.800538044920506731e-02
9.365760803434354242e-01 5.003036959416808788e-02
9.207500431432115162e-01 6.176823652931936331e-02
9.049439566958173975e-01 7.321838231483904225e-02
8.891618000989889303e-01 8.438154727703396640e-02
8.734075464262507360e-01 9.525925857368884586e-02
8.576851617267149397e-01 1.058534164046722459e-01
8.419986040266501659e-01 1.161659984319625555e-01
8.263518223330695855e-01 1.261988628773289545e-01
8.107487556395898132e-01 1.359536319346103250e-01
7.951933319348093443e-01 1.454316385178543725e-01
7.796894672134594417e-01 1.546339209175554286e-01
7.642410644905727191e-01 1.635612516069438471e-01
7.488520128189207758e-01 1.722141881826063925e-01
7.335261863099650226e-01 1.805931361951329528e-01
7.182674431585703845e-01 1.886984153856517965e-01
7.030796246717250231e-01 1.965303225564893341e-01
6.879665543015128781e-01 2.040891859363946348e-01
6.729320366825783939e-01 2.113754074250086268e-01
6.579798566743311206e-01 2.183894904944500281e-01
6.431137784081281117e-01 2.251320527698847385e-01
6.283375443396724824e-01 2.316038233924357648e-01
6.136548743068714895e-01 2.378056261783048075e-01
5.990694645933862805e-01 2.437383503236783266e-01
5.845849869981135649e-01 2.494029109663744581e-01
5.702050879108284676e-01 2.548002023068359212e-01
5.559333873942259308e-01 2.599310462211532058e-01
5.417734782725895926e-01 2.647961393787112150e-01
5.277289252273172915e-01 2.693960018208583218e-01
5.138032638995313484e-01 2.737309297809614184e-01
5.000000000000001110e-01 2.778009552482444411e-01
4.863226084265935834e-01 2.816058144169425459e-01
4.727745323894976259e-01 2.851449267381294117e-01
4.593591825444023335e-01 2.884173858238125443e-01
4.460799361338897429e-01 2.914219629607881501e-01
4.329401361372292589e-01 2.941571234937724322e-01
4.199430904288018462e-01 2.966210558506548467e-01
4.070920709453594855e-01 2.988117125229641791e-01
3.943903128623333920e-01 3.007268618955169504e-01
3.818410137793947223e-01 3.023641494523524598e-01
3.694473329154774888e-01 3.037211665807706407e-01
3.572123903134606371e-01 3.047955249585624915e-01
3.451392660547150104e-01 3.055849343458570955e-01
3.332309994837083789e-01 3.060872815145811443e-01
3.214905884428678196e-01 3.063007080351095035e-01
3.099209885178879631e-01 3.062236846989201955e-01
2.985251122936787294e-01 3.058550804835380998e-01
2.873058286211370715e-01 3.051942241555680724e-01
2.762659618949298013e-01 3.042409568514274354e-01
2.654082913424666845e-01 3.029956742644868140e-01
2.547355503242452190e-01 3.014593573917360159e-01
2.442504256457417311e-01 2.996335911421946219e-01
2.339555568810219865e-01 2.975205704720946809e-01
2.238535357082431787e-01 2.951230940774073885e-01
2.139469052572124941e-01 2.924445460318255141e-01
2.042381594691679014e-01 2.894888660976822625e-01
1.947297424689413692e-01 2.862605097491268125e-01
1.854240479496642724e-01 2.827643992228500713e-01
1.763234185701672008e-01 2.790058671446771776e-01
1.674301453652287108e-01 2.749905944646738321e-01
1.587464671688187945e-01 2.707245445648606141e-01
1.502745700504856119e-01 2.662138954795169599e-01
1.420165867650229341e-01 2.614649721873372190e-01
1.339745962155614034e-01 2.564841808979106408e-01
1.261506229302150617e-01 2.512779471641867213e-01
1.185466365524179277e-01 2.458526595112741908e-01
1.111645513450765232e-01 2.402146200848995494e-01
1.040062257086641351e-01 2.343700035961229222e-01
9.707346171337882801e-02 2.283248255794003423e-01
9.036800464548166989e-02 2.220849206965148370e-01
8.389154256793041053e-02 2.156559315175455849e-01
7.764570589541863743e-02 2.090433079004866135e-01
7.163206698392743377e-02 2.022523167820353962e-01
6.585213973489323358e-02 1.952880618919776434e-01
6.030737921409157209e-02 1.881555126206568562e-01
5.499918128533154427e-02 1.808595410108111978e-01
4.992888225905456334e-02 1.734049656184132870e-01
4.509775855592612626e-02 1.657966007979157774e-01
4.050702638550263135e-02 1.580393098202854951e-01
3.615784144005795842e-02 1.501380601310232099e-01
3.205129860364375194e-02 1.420979790022984246e-01
2.818843167645834757e-02 1.339244078294372087e-01
2.457021311459295365e-02 1.256229533669238896e-01
2.119755378522125699e-02 1.171995342912144633e-01
1.807130273729329328e-02 1.086604216141020679e-01
1.519224698779197968e-02 1.000122716471012890e-01
1.256111132360571148e-02 9.126215042921405340e-02
1.017855811906731578e-02 8.241754877151655223e-02
8.045187169204659483e-03 7.348638733551481061e-02
6.161535538745877005e-03 6.447701144087097935e-02
4.528077426915411152e-03 5.539817558421113175e-02
3.145224048057615462e-03 4.625901793651841787e-02
2.013323528115562588e-03 3.706902536424148270e-02
1.132660816992037134e-03 2.783798978125762505e-02
5.034576168149174080e-04 1.857595687809580551e-02
1.258723261249317105e-04 9.293168484913742061e-03
0.000000000000000000e+00 0.000000000000000000e+00
1.258723261249317105e-04 -9.135776945083726522e-03
5.034576168149174080e-04 -1.825477924631294796e-02
1.132660816992037134e-03 -2.734034106836892575e-02
2.013323528115562588e-03 -3.637613585386968024e-02
3.145224048057615462e-03 -4.534633552040110566e-02
4.528077426915411152e-03 -5.423575744614975158e-02
6.161535538745877005e-03 -6.302999571103398702e-02
8.045187169204659483e-03 -7.171553350122021608e-02
1.017855811906731578e-02 -8.027983411222218424e-02
1.256111132360571148e-02 -8.871140858446258104e-02
1.519224698779197968e-02 -9.699985865822628728e-02
1.807130273729329328e-02 -1.051358944237022336e-01
2.119755378522125699e-02 -1.131113267467106637e-01
2.457021311459295365e-02 -1.209190352514874223e-01
2.818843167645834757e-02 -1.285529133184703521e-01
3.205129860364375194e-02 -1.360077921878657947e-01
3.615784144005795842e-02 -1.432793468305434414e-01
4.050702638550263135e-02 -1.503639867398701702e-01
4.509775855592612626e-02 -1.572587351970144709e-01
4.992888225905456334e-02 -1.639611008561716876e-01
5.499918128533154427e-02 -1.704689456762440714e-01
6.030737921409157209e-02 -1.767803532861186855e-01
6.585213973489323358e-02 -1.828935018096893850e-01
7.163206698392743377e-02 -1.888065449955115271e-01
7.764570589541863743e-02 -1.945175051994357251e-01
8.389154256793041053e-02 -2.000241813650648348e-01
9.036800464548166989e-02 -2.053240746480905765e-01
9.707346171337882801e-02 -2.104143337510474554e-01
1.040062257086641351e-01 -2.152917213919513795e-01
1.111645513450765232e-01 -2.199526026429481085e-01
1.185466365524179277e-01 -2.243929551643539244e-01
1.261506229302150617e-01 -2.286084006472050012e-01
1.339745962155614034e-01 -2.325942560858922370e-01
1.420165867650229341e-01 -2.363456028536382314e-01
1.502745700504856119e-01 -2.398573709684995725e-01
1.587464671688187945e-01 -2.431244354357461335e-01
1.674301453652287108e-01 -2.461417211511209013e-01
1.763234185701672008e-01 -2.489043125631362763e-01
1.854240479496642724e-01 -2.514075641323944010e-01
1.947297424689413692e-01 -2.536472075994425368e-01
2.042381594691679014e-01 -2.556194521833042854e-01
2.139469052572124941e-01 -2.573210740797016172e-01
2.238535357082431787e-01 -2.587494920058470149e-01
2.339555568810219865e-01 -2.599028260378582478e-01
2.442504256457417311e-01 -2.607799375934085617e-01
2.547355503242452190e-01 -2.613804491082343806e-01
2.654082913424666845e-01 -2.617047427190392073e-01
2.762659618949298013e-01 -2.617539380725248388e-01
2.873058286211370715e-01 -2.615298502036273454e-01
2.985251122936787294e-01 -2.610349292367069585e-01
3.099209885178879631e-01 -2.602721844316551736e-01
3.214905884428678196e-01 -2.592450957928255639e-01
3.332309994837083789e-01 -2.579575170534687545e-01
3.451392660547150104e-01 -2.564135743148686086e-01
3.572123903134606371e-01 -2.546175649334207480e-01
3.694473329154774888e-01 -2.525738613899532470e-01
3.818410137793947223e-01 -2.502868248278563579e-01
3.943903128623333920e-01 -2.477607326996743575e-01
4.070920709453594855e-01 -2.449997245115599631e-01
4.199430904288018462e-01 -2.420077690039988683e-01
4.329401361372292589e-01 -2.387886552653340766e-01
4.460799361338897429e-01 -2.353460092592081498e-01
4.593591825444023335e-01 -2.316833360830974631e-01
4.727745323894976259e-01 -2.278040869951498959e-01
4.863226084265935834e-01 -2.237117488903055118e-01
5.000000000000001110e-01 -2.194099525206509582e-01
5.138032638995313484e-01 -2.149025943916163806e-01
5.277289252273172915e-01 -2.101939659824918760e-01
5.417734782725895926e-01 -2.052888827983482267e-01
5.559333873942259308e-01 -2.001928048248828307e-01
5.702050879108284676e-01 -1.949119392932957273e-01
5.845849869981135649e-01 -1.894533163338457671e-01
5.990694645933862805e-01 -1.838248281668855566e-01
6.136548743068714895e-01 -1.780352230075717412e-01
6.283375443396724824e-01 -1.720940458978632293e-01
6.431137784081281117e-01 -1.660115202719212313e-01
6.579798566743311206e-01 -1.597983662441130603e-01
6.729320366825783939e-01 -1.534655544066908239e-01
6.879665543015128781e-01 -1.470239973481397566e-01
7.030796246717250231e-01 -1.404841851500104877e-01
7.182674431585703845e-01 -1.338557757709683549e-01
7.335261863099650226e-01 -1.271471564462887949e-01
7.488520128189207758e-01 -1.203649979661904901e-01
7.642410644905727191e-01 -1.135138298764572645e-01
7.796894672134594417e-01 -1.065956711810645413e-01
7.951933319348093443e-01 -9.960975791271303725e-02
8.107487556395898132e-01 -9.255241585002577098e-02
8.263518223330695855e-01 -8.541713356061179929e-02
8.419986040266501659e-01 -7.819489768375570415e-02
8.576851617267149397e-01 -7.087485876920608663e-02
8.734075464262507360e-01 -6.344540188319582052e-02
8.891618000989889303e-01 -5.589570139563622420e-02
9.049439566958173975e-01 -4.821784368491744549e-02
9.207500431432115162e-01 -4.040960474909369160e-02
9.365760803434354242e-01 -3.247797170672218209e-02
9.524180841762578398e-01 -2.444349772543194868e-02
9.682720665019324269e-01 -1.634557885930375265e-02
9.841340361651920166e-01 -8.248738448944881521e-03
9.999999999999998890e-01 -2.500000000000552995e-04
