9.999999999999998890e-01 2.500000000001500046e-04
9.841340361651920166e-01 2.032426680175905553e-02
9.682720665019324269e-01 3.837785965245449349e-02
9.524180841762578398e-01 5.523028196608198437e-02
9.365760803434354242e-01 7.143568293548745174e-02
9.207500431432115162e-01 8.734298990178074318e-02
9.049439566958173975e-01 1.031468988159111033e-01
8.891618000989889303e-01 1.189304415521707931e-01
8.734075464262507360e-01 1.346998847463878601e-01
8.576851617267149397e-01 1.504127343228795211e-01
8.419986040266501659e-01 1.659996242243945708e-01
8.263518223330695855e-01 1.813808584967329940e-01
8.107487556395898132e-01 1.964783543457115367e-01
7.951933319348093443e-01 2.112237016978867066e-01
7.796894672134594417e-01 2.255630138211530411e-01
7.642410644905727191e-01 2.394591953716625754e-01
7.488520128189207758e-01 2.528922004847993787e-01
7.335261863099650226e-01 2.658577958279861875e-01
7.182674431585703845e-01 2.783652834163858891e-01
7.030796246717250231e-01 2.904345768978243147e-01
6.879665543015128781e-01 3.020929642639559876e-01
6.729320366825783939e-01 3.133718307333175912e-01
6.579798566743311206e-01 3.243035589273728925e-01
6.431137784081281117e-01 3.349187703196865873e-01
6.283375443396724824e-01 3.452440230200379268e-01
6.136548743068714895e-01 3.553000368391920905e-01
5.990694645933862805e-01 3.651004776876476954e-01
5.845849869981135649e-01 3.746512999605858818e-01
5.702050879108284676e-01 3.839506177724673619e-01
5.559333873942259308e-01 3.929890537121321636e-01
5.417734782725895926e-01 4.017504970514056417e-01
5.277289252273172915e-01 4.102131918037032476e-01
5.138032638995313484e-01 4.183510683435371913e-01
5.000000000000001110e-01 4.261352300315270902e-01
4.863226084265935834e-01 4.335355079461389316e-01
4.727745323894976259e-01 4.405220018585363495e-01
4.593591825444023335e-01 4.470665334247800882e-01
4.460799361338897429e-01 4.531439476189881299e-01
4.329401361372292589e-01 4.587332101007992602e-01
4.199430904288018462e-01 4.638182609236440879e-01
4.070920709453594855e-01 4.683885981972447654e-01
3.943903128623333920e-01 4.724395785074158027e-01
3.818410137793947223e-01 4.759724336060264238e-01
3.694473329154774888e-01 4.789940147077348387e-01
3.572123903134606371e-01 4.815162863241101987e-01
3.451392660547150104e-01 4.835556006530161710e-01
3.332309994837083789e-01 4.851317909136277917e-01
3.214905884428678196e-01 4.862671275366274859e-01
3.099209885178879631e-01 4.869851847146042800e-01
2.985251122936787294e-01 4.873096664843677983e-01
2.873058286211370715e-01 4.872632413066165236e-01
2.762659618949298013e-01 4.868664321402944584e-01
2.654082913424666845e-01 4.861366054387185609e-01
2.547355503242452190e-01 4.850870975228324666e-01
2.442504256457417311e-01 4.837265106472332654e-01
2.339555568810219865e-01 4.820582040245203204e-01
2.238535357082431787e-01 4.800799973860939152e-01
2.139469052572124941e-01 4.777840966124624056e-01
2.042381594691679014e-01 4.751572428413073923e-01
1.947297424689413692e-01 4.721810785251524534e-01
1.854240479496642724e-01 4.688327164135214220e-01
1.763234185701672008e-01 4.650854906043229153e-01
1.674301453652287108e-01 4.609098628440630452e-01
1.587464671688187945e-01 4.562744523206974656e-01
1.502745700504856119e-01 4.511471534136793915e-01
1.420165867650229341e-01 4.454963033306235665e-01
1.339745962155614034e-01 4.392918603160615443e-01
1.261506229302150617e-01 4.325065531714017419e-01
1.185466365524179277e-01 4.251169641434896507e-01
1.111645513450765232e-01 4.171045097519148204e-01
1.040062257086641351e-01 4.084562877282131854e-01
9.707346171337882801e-02 3.991657627991387347e-01
9.036800464548166989e-02 3.892332694016166772e-01
8.389154256793041053e-02 3.786663153892305678e-01
7.764570589541863743e-02 3.674796771850805110e-01
7.163206698392743377e-02 3.556952834511030170e-01
6.585213973489323358e-02 3.433418909745103997e-01
6.030737921409157209e-02 3.304545629163938569e-01
5.499918128533154427e-02 3.170739656334262691e-01
4.992888225905456334e-02 3.032455057931416897e-01
4.509775855592612626e-02 2.890183342978796532e-01
4.050702638550263135e-02 2.744442474770145135e-01
3.615784144005795842e-02 2.595765189933416095e-01
3.205129860364375194e-02 2.444686978586924631e-01
2.818843167645834757e-02 2.291734088186640761e-01
2.457021311459295365e-02 2.137411911315318103e-01
2.119755378522125699e-02 1.982194104489998776e-01
1.807130273729329328e-02 1.826512761546889296e-01
1.519224698779197968e-02 1.670749932080257960e-01
1.256111132360571148e-02 1.515230733812978625e-01
1.017855811906731578e-02 1.360218258946636338e-01
8.045187169204659483e-03 1.205910419963271279e-01
6.161535538745877005e-03 1.052438821668788133e-01
4.528077426915411152e-03 8.998696852263869672e-02
3.145224048057615462e-03 7.482067883323091639e-02
2.013323528115562588e-03 5.973963253446403637e-02
1.132660816992037134e-03 4.473335338551218815e-02
5.034576168149174080e-04 2.978708815632069920e-02
1.258723261249317105e-04 1.488275608997940633e-02
0.000000000000000000e+00 0.000000000000000000e+00
1.258723261249317105e-04 -1.195234652897999433e-02
5.034576168149174080e-04 -2.384351855885310720e-02
1.132660816992037134e-03 -3.561378308534222936e-02
2.013323528115562588e-03 -4.720637207891779930e-02
3.145224048057615462e-03 -5.856885650839333685e-02
4.528077426915411152e-03 -6.965439376279394801e-02
6.161535538745877005e-03 -8.042281210187401941e-02
8.045187169204659483e-03 -9.084150054784019546e-02
1.017855811906731578e-02 -1.008860783457727478e-01
1.256111132360571148e-02 -1.105408246034836062e-01
1.519224698779197968e-02 -1.197988557860798636e-01
1.807130273729329328e-02 -1.286620461818677730e-01
2.119755378522125699e-02 -1.371406940584239398e-01
2.457021311459295365e-02 -1.452529437688717673e-01
2.818843167645834757e-02 -1.530239813275529603e-01
3.205129860364375194e-02 -1.604850277370668266e-01
3.615784144005795842e-02 -1.676721604137850208e-01
4.050702638550263135e-02 -1.746249982439177506e-01
4.509775855592612626e-02 -1.813852899486593229e-01
4.992888225905456334e-02 -1.879954484153720795e-01
5.499918128533154427e-02 -1.944970753655645979e-01
6.030737921409157209e-02 -2.009295211189134900e-01
6.585213973489323358e-02 -2.073285232532706135e-01
7.163206698392743377e-02 -2.137249656701969702e-01
7.764570589541863743e-02 -2.201437960101511604e-01
8.389154256793041053e-02 -2.266031346153015713e-01
9.036800464548166989e-02 -2.331136024414579844e-01
9.707346171337882801e-02 -2.396778886371856154e-01
1.040062257086641351e-01 -2.462905711298934708e-01
1.111645513450765232e-01 -2.529381957014275595e-01
1.185466365524179277e-01 -2.595996109332173174e-01
1.261506229302150617e-01 -2.662465482985288956e-01
1.339745962155614034e-01 -2.728444288266518303e-01
1.420165867650229341e-01 -2.793533704080198854e-01
1.502745700504856119e-01 -2.857293631875092443e-01
1.587464671688187945e-01 -2.919255748255152882e-01
1.674301453652287108e-01 -2.978937428888343564e-01
1.763234185701672008e-01 -3.035856084313342529e-01
1.854240479496642724e-01 -3.089543430671208291e-01
1.947297424689413692e-01 -3.139559216144717779e-01
2.042381594691679014e-01 -3.185503937402895946e-01
2.139469052572124941e-01 -3.227030109575052541e-01
2.238535357082431787e-01 -3.263851697678639141e-01
2.339555568810219865e-01 -3.295751375965668695e-01
2.442504256457417311e-01 -3.322585352820506821e-01
2.547355503242452190e-01 -3.344285580671162994e-01
2.654082913424666845e-01 -3.360859260488236466e-01
2.762659618949298013e-01 -3.372385646104297252e-01
2.873058286211370715e-01 -3.379010251765419692e-01
2.985251122936787294e-01 -3.380936663788078334e-01
3.099209885178879631e-01 -3.378416250577940261e-01
3.214905884428678196e-01 -3.371736151185028008e-01
3.332309994837083789e-01 -3.361205997710957072e-01
3.451392660547150104e-01 -3.347143888118213617e-01
3.572123903134606371e-01 -3.329862170476568517e-01
3.694473329154774888e-01 -3.309653624967014984e-01
3.818410137793947223e-01 -3.286778634090896656e-01
3.943903128623333920e-01 -3.261453913125704207e-01
4.070920709453594855e-01 -3.233843331220562778e-01
4.199430904288018462e-01 -3.204051288657837615e-01
4.329401361372292589e-01 -3.172119028535753671e-01
4.460799361338897429e-01 -3.138024153085343104e-01
4.593591825444023335e-01 -3.101683488499150654e-01
4.727745323894976259e-01 -3.062959300828188014e-01
4.863226084265935834e-01 -3.021668713314971111e-01
5.000000000000001110e-01 -2.977596017348426161e-01
5.138032638995313484e-01 -2.930507410610373453e-01
5.277289252273172915e-01 -2.880167543080905945e-01
5.417734782725895926e-01 -2.826357111001032707e-01
5.559333873942259308e-01 -2.768890617608509297e-01
5.702050879108284676e-01 -2.707633324597971125e-01
5.845849869981135649e-01 -2.642516356945606715e-01
5.990694645933862805e-01 -2.573548902939156724e-01
6.136548743068714895e-01 -2.500826477549045190e-01
6.283375443396724824e-01 -2.424534296675361078e-01
6.431137784081281117e-01 -2.344944947541243718e-01
6.579798566743311206e-01 -2.262409740834254723e-01
6.729320366825783939e-01 -2.177343396214433957e-01
6.879665543015128781e-01 -2.090202046255676960e-01
7.030796246717250231e-01 -2.001454945000011032e-01
7.182674431585703845e-01 -1.911550734665160012e-01
7.335261863099650226e-01 -1.820879654468381958e-01
7.488520128189207758e-01 -1.729733663972966295e-01
7.642410644905727191e-01 -1.638267092878250841e-01
7.796894672134594417e-01 -1.546461110883509404e-01
7.951933319348093443e-01 -1.454096024381525409e-01
8.107487556395898132e-01 -1.360736138658823480e-01
8.263518223330695855e-01 -1.265732660641844809e-01
8.419986040266501659e-01 -1.168250842090687164e-01
8.576851617267149397e-01 -1.067328259168565247e-01
8.734075464262507360e-01 -9.619717730076193796e-02
8.891618000989889303e-01 -8.513012978621145588e-02
9.049439566958173975e-01 -7.347489987190526650e-02
9.207500431432115162e-01 -6.123229286151898182e-02
9.365760803434354242e-01 -4.849443773103352673e-02
9.524180841762578398e-01 -3.548683178355229589e-02
9.682720665019324269e-01 -2.261962871507249354e-02
9.841340361651920166e-01 -1.054908044445191859e-02
9.999999999999998890e-01 -2.500000000000628889e-04
