9.999999999999998890e-01 2.500000000000864161e-04
9.841340361651920166e-01 1.250880414293608148e-02
9.682720665019324269e-01 2.453651019293514798e-02
9.524180841762578398e-01 3.627537206549151516e-02
9.365760803434354242e-01 4.768106602351285250e-02
9.207500431432115162e-01 5.872099184901259650e-02
9.049439566958173975e-01 6.937268496544464480e-02
8.891618000989889303e-01 7.962234203410283040e-02
8.734075464262507360e-01 8.946346116408845917e-02
8.576851617267149397e-01 9.889559661303247429e-02
8.419986040266501659e-01 1.079232267182913402e-01
8.263518223330695855e-01 1.165547327871174488e-01
8.107487556395898132e-01 1.248014857889812590e-01
7.951933319348093443e-01 1.326770369319106857e-01
7.796894672134594417e-01 1.401964075641023988e-01
7.642410644905727191e-01 1.473754733176335097e-01
7.488520128189207758e-01 1.542304369972740397e-01
7.335261863099650226e-01 1.607773844077279579e-01
7.182674431585703845e-01 1.670319170999568781e-01
7.030796246717250231e-01 1.730088558938983057e-01
6.879665543015128781e-01 1.787220089928213407e-01
6.729320366825783939e-01 1.841839985355301634e-01
6.579798566743311206e-01 1.894061395282821414e-01
6.431137784081281117e-01 1.943983652503893655e-01
6.283375443396724824e-01 1.991691934279092857e-01
6.136548743068714895e-01 2.037257277108002196e-01
5.990694645933862805e-01 2.080736892629640178e-01
5.845849869981135649e-01 2.122174735747039964e-01
5.702050879108284676e-01 2.161602279267647864e-01
5.559333873942259308e-01 2.199039452682889639e-01
5.417734782725895926e-01 2.234495706122949510e-01
5.277289252273172915e-01 2.267971163967724413e-01
5.138032638995313484e-01 2.299457836029214219e-01
5.000000000000001110e-01 2.328940857607032788e-01
4.863226084265935834e-01 2.356399733025408560e-01
4.727745323894976259e-01 2.381809560460530217e-01
4.593591825444023335e-01 2.405142218939611831e-01
4.460799361338897429e-01 2.426367501320457476e-01
4.329401361372292589e-01 2.445454179829527064e-01
4.199430904288018462e-01 2.462370993338067471e-01
4.070920709453594855e-01 2.477087547983526095e-01
3.943903128623333920e-01 2.489575124993742006e-01
3.818410137793947223e-01 2.499807391643051324e-01
3.694473329154774888e-01 2.507761013163180008e-01
3.572123903134606371e-01 2.513416165149844339e-01
3.451392660547150104e-01 2.516756947551624379e-01
3.332309994837083789e-01 2.517771702705238202e-01
3.214905884428678196e-01 2.516453241095520932e-01
3.099209885178879631e-01 2.512798979574537572e-01
2.985251122936787294e-01 2.506810997677581532e-01
2.873058286211370715e-01 2.498496018429952337e-01
2.762659618949298013e-01 2.487865320652928314e-01
2.654082913424666845e-01 2.474934590255574440e-01
2.547355503242452190e-01 2.459723718346699117e-01
2.442504256457417311e-01 2.442256554223682374e-01
2.339555568810219865e-01 2.422560621397797098e-01
2.238535357082431787e-01 2.400666804804502119e-01
2.139469052572124941e-01 2.376609017228240306e-01
2.042381594691679014e-01 2.350423852750375409e-01
1.947297424689413692e-01 2.322150234712958006e-01
1.854240479496642724e-01 2.291829065286913047e-01
1.763234185701672008e-01 2.259502883248630245e-01
1.674301453652287108e-01 2.225215536012014605e-01
1.587464671688187945e-01 2.189011871342552706e-01
1.502745700504856119e-01 2.150937453505289698e-01
1.420165867650229341e-01 2.111038307879736509e-01
1.339745962155614034e-01 2.069360697322187581e-01
1.261506229302150617e-01 2.025950932780698488e-01
1.185466365524179277e-01 1.980855219881318408e-01
1.111645513450765232e-01 1.934119542417821469e-01
1.040062257086641351e-01 1.885789582902634709e-01
9.707346171337882801e-02 1.835910679585648908e-01
9.036800464548166989e-02 1.784527818631392870e-01
8.389154256793041053e-02 1.731685659474555272e-01
7.764570589541863743e-02 1.677428590759380000e-01
7.163206698392743377e-02 1.621800813719404821e-01
6.585213973489323358e-02 1.564846449378860527e-01
6.030737921409157209e-02 1.506609665563015954e-01
5.499918128533154427e-02 1.447134819397729866e-01
4.992888225905456334e-02 1.386466610762959739e-01
4.509775855592612626e-02 1.324650242043724779e-01
4.050702638550263135e-02 1.261731579496183642e-01
3.615784144005795842e-02 1.197757311615667147e-01
3.205129860364375194e-02 1.132775100055094381e-01
2.818843167645834757e-02 1.066833718892498672e-01
2.457021311459295365e-02 9.999831783794195517e-02
2.119755378522125699e-02 9.322748297105920567e-02
1.807130273729329328e-02 8.637614478308404398e-02
1.519224698779197968e-02 7.944972898273844342e-02
1.256111132360571148e-02 7.245381270337490631e-02
1.017855811906731578e-02 6.539412495830936034e-02
8.045187169204659483e-03 5.827654427813215576e-02
6.161535538745877005e-03 5.110709353107995012e-02
4.528077426915411152e-03 4.389193199104061971e-02
3.145224048057615462e-03 3.663734477942472839e-02
2.013323528115562588e-03 2.934972986563216812e-02
1.132660816992037134e-03 2.203558286502503225e-02
5.034576168149174080e-04 1.470147992202436651e-02
1.258723261249317105e-04 7.354059008184511692e-03
0.000000000000000000e+00 0.000000000000000000e+00
1.258723261249317105e-04 -7.195121678774424323e-03
5.034576168149174080e-04 -1.437546999916091035e-02
1.132660816992037134e-03 -2.152637648562732986e-02
2.013323528115562588e-03 -2.863350405053688430e-02
3.145224048057615462e-03 -3.568300215236595158e-02
4.528077426915411152e-03 -4.266164963797665355e-02
6.161535538745877005e-03 -4.955698171406182351e-02
8.045187169204659483e-03 -5.635739794450499857e-02
1.017855811906731578e-02 -6.305224871032084899e-02
1.256111132360571148e-02 -6.963189818167045408e-02
1.519224698779197968e-02 -7.608776251968057958e-02
1.807130273729329328e-02 -8.241232273024166888e-02
2.119755378522125699e-02 -8.859911231242484364e-02
2.457021311459295365e-02 -9.464268055978698746e-02
2.818843167645834757e-02 -1.005385330629134377e-01
3.205129860364375194e-02 -1.062830516059316832e-01
3.615784144005795842e-02 -1.118733962294960194e-01
4.050702638550263135e-02 -1.173073927307071995e-01
4.509775855592612626e-02 -1.225834092716512058e-01
4.992888225905456334e-02 -1.277002260604603034e-01
5.499918128533154427e-02 -1.326569022428383537e-01
6.030737921409157209e-02 -1.374526441920059239e-01
6.585213973489323358e-02 -1.420866793087618429e-01
7.163206698392743377e-02 -1.465581392422092843e-01
7.764570589541863743e-02 -1.508659561207743582e-01
8.389154256793041053e-02 -1.550087749511132318e-01
9.036800464548166989e-02 -1.589848848114501223e-01
9.707346171337882801e-02 -1.627921708509938725e-01
1.040062257086641351e-01 -1.664280884262523963e-01
1.111645513450765232e-01 -1.698896599784525396e-01
1.185466365524179277e-01 -1.731734945057639696e-01
1.261506229302150617e-01 -1.762758287325907891e-01
1.339745962155614034e-01 -1.791925883493103722e-01
1.420165867650229341e-01 -1.819194670127375069e-01
1.502745700504856119e-01 -1.844520201826684025e-01
1.587464671688187945e-01 -1.867857703438962624e-01
1.674301453652287108e-01 -1.889163197446905029e-01
1.763234185701672008e-01 -1.908394664876643110e-01
1.854240479496642724e-01 -1.925513196495982626e-01
1.947297424689413692e-01 -1.940484090917242443e-01
2.042381594691679014e-01 -1.953277857555144603e-01
2.139469052572124941e-01 -1.963871085210367184e-01
2.238535357082431787e-01 -1.972247141306255336e-01
2.339555568810219865e-01 -1.978396672405229040e-01
2.442504256457417311e-01 -1.982317883432301031e-01
2.547355503242452190e-01 -1.984016580852129563e-01
2.654082913424666845e-01 -1.983505973659820953e-01
2.762659618949298013e-01 -1.980806235196082565e-01
2.873058286211370715e-01 -1.975943838197539992e-01
2.985251122936787294e-01 -1.968950684834780140e-01
3.099209885178879631e-01 -1.959863062452409377e-01
3.214905884428678196e-01 -1.948720463981238049e-01
3.332309994837083789e-01 -1.935564319221806384e-01
3.451392660547150104e-01 -1.920436689095057770e-01
3.572123903134606371e-01 -1.903378979239277735e-01
3.694473329154774888e-01 -1.884430731756430166e-01
3.818410137793947223e-01 -1.863628554274181504e-01
3.943903128623333920e-01 -1.841005243643578093e-01
4.070920709453594855e-01 -1.816589157449291780e-01
4.199430904288018462e-01 -1.790403880049829533e-01
4.329401361372292589e-01 -1.762468221142948488e-01
4.460799361338897429e-01 -1.732796573997474054e-01
4.593591825444023335e-01 -1.701399647716661523e-01
4.727745323894976259e-01 -1.668285573489435014e-01
4.863226084265935834e-01 -1.633461369110742745e-01
5.000000000000001110e-01 -1.596934729550872345e-01
5.138032638995313484e-01 -1.558716094532980323e-01
5.277289252273172915e-01 -1.518820927504467844e-01
5.417734782725895926e-01 -1.477272124676172471e-01
5.559333873942259308e-01 -1.434102458604978592e-01
5.702050879108284676e-01 -1.389356948784560286e-01
5.845849869981135649e-01 -1.343095042566780084e-01
5.990694645933862805e-01 -1.295392484134388345e-01
6.136548743068714895e-01 -1.246342747828438902e-01
6.283375443396724824e-01 -1.196057915499953994e-01
6.431137784081281117e-01 -1.144668886239129796e-01
6.579798566743311206e-01 -1.092324821288472719e-01
6.729320366825783939e-01 -1.039191747519429554e-01
6.879665543015128781e-01 -9.854502697785678944e-02
7.030796246717250231e-01 -9.312923757889217391e-02
7.182674431585703845e-01 -8.769173570775203042e-02
7.335261863099650226e-01 -8.225269153852622639e-02
7.488520128189207758e-01 -7.683195758265816411e-02
7.642410644905727191e-01 -7.144845851562768579e-02
7.796894672134594417e-01 -6.611955351452600271e-02
7.951933319348093443e-01 -6.086040163659337671e-02
8.107487556395898132e-01 -5.568336755695585394e-02
8.263518223330695855e-01 -5.059751190673274918e-02
8.419986040266501659e-01 -4.560821737172050111e-02
8.576851617267149397e-01 -4.071700847478815916e-02
8.734075464262507360e-01 -3.592162940814874056e-02
8.891618000989889303e-01 -3.121645023177028327e-02
9.049439566958173975e-01 -2.659327703174966390e-02
9.207500431432115162e-01 -2.204264605430766508e-02
9.365760803434354242e-01 -1.755568521364967577e-02
9.524180841762578398e-01 -1.312662853490000406e-02
9.682720665019324269e-01 -8.756069863068330350e-03
9.841340361651920166e-01 -4.455041382516994504e-03
9.999999999999998890e-01 -2.500000000000289534e-04
