9.999999999999998890e-01 2.500000000000852235e-04
9.841340361651920166e-01 1.234883170118537647e-02
9.682720665019324269e-01 2.426057240947590218e-02
9.524180841762578398e-01 3.596218094402903187e-02
9.365760803434354242e-01 4.743916750143605671e-02
9.207500431432115162e-01 5.868351614351381001e-02
9.049439566958173975e-01 6.969193716364535662e-02
8.891618000989889303e-01 8.046442114897504883e-02
8.734075464262507360e-01 9.100306557806583929e-02
8.576851617267149397e-01 1.013111444221854729e-01
8.419986040266501659e-01 1.113923913993758175e-01
8.263518223330695855e-01 1.212504682050204868e-01
8.107487556395898132e-01 1.308885901482314817e-01
7.951933319348093443e-01 1.403092830952542835e-01
7.796894672134594417e-01 1.495142473934914784e-01
7.642410644905727191e-01 1.585043064572517757e-01
7.488520128189207758e-01 1.672794198749795735e-01
7.335261863099650226e-01 1.758387431861223316e-01
7.182674431585703845e-01 1.841807188160424491e-01
7.030796246717250231e-01 1.923031849959292994e-01
6.879665543015128781e-01 2.002034917829605132e-01
6.729320366825783939e-01 2.078786154910573225e-01
6.579798566743311206e-01 2.153252649074809399e-01
6.431137784081281117e-01 2.225399745745173796e-01
6.283375443396724824e-01 2.295191821342364435e-01
6.136548743068714895e-01 2.362592882497991098e-01
5.990694645933862805e-01 2.427566989172923739e-01
5.845849869981135649e-01 2.490078510617988183e-01
5.702050879108284676e-01 2.550092231702305590e-01
5.559333873942259308e-01 2.607573333563815710e-01
5.417734782725895926e-01 2.662487276903696687e-01
5.277289252273172915e-01 2.714799618688679694e-01
5.138032638995313484e-01 2.764475793714248342e-01
5.000000000000001110e-01 2.811480891616511268e-01
4.863226084265935834e-01 2.855779457721011605e-01
4.727745323894976259e-01 2.897335342816524384e-01
4.593591825444023335e-01 2.936111622782129893e-01
4.460799361338897429e-01 2.972070604218137180e-01
4.329401361372292589e-01 3.005173927072555817e-01
4.199430904288018462e-01 3.035382769940579428e-01
4.070920709453594855e-01 3.062658158455363044e-01
3.943903128623333920e-01 3.086961372174830132e-01
3.818410137793947223e-01 3.108254440768567495e-01
3.694473329154774888e-01 3.126500716262416990e-01
3.572123903134606371e-01 3.141665504719570179e-01
3.451392660547150104e-01 3.153716738110027284e-01
3.332309994837083789e-01 3.162625665300469180e-01
3.214905884428678196e-01 3.168367540109582881e-01
3.099209885178879631e-01 3.170922284218170573e-01
2.985251122936787294e-01 3.170275103370668868e-01
2.873058286211370715e-01 3.166417036703438326e-01
2.762659618949298013e-01 3.159345421112413899e-01
2.654082913424666845e-01 3.149064255237826737e-01
2.547355503242452190e-01 3.135584450791608635e-01
2.442504256457417311e-01 3.118923962468374000e-01
2.339555568810219865e-01 3.099107791440646187e-01
2.238535357082431787e-01 3.076167861318047647e-01
2.139469052572124941e-01 3.050142769323365144e-01
2.042381594691679014e-01 3.021077419185065338e-01
1.947297424689413692e-01 2.989022545752691440e-01
1.854240479496642724e-01 2.954034144505892079e-01
1.763234185701672008e-01 2.916172821859473463e-01
1.674301453652287108e-01 2.875503084391428099e-01
1.587464671688187945e-01 2.832092586779982879e-01
1.502745700504856119e-01 2.786011359289461975e-01
1.420165867650229341e-01 2.737331036071301571e-01
1.339745962155614034e-01 2.686124105343015711e-01
1.261506229302150617e-01 2.632463201689293486e-01
1.185466365524179277e-01 2.576420459328438439e-01
1.111645513450765232e-01 2.518066943252344481e-01
1.040062257086641351e-01 2.457472172742268535e-01
9.707346171337882801e-02 2.394703748960853307e-01
9.036800464548166989e-02 2.329827095208350241e-01
8.389154256793041053e-02 2.262905315100372239e-01
7.764570589541863743e-02 2.193999170473099891e-01
7.163206698392743377e-02 2.123167177348953827e-01
6.585213973489323358e-02 2.050465814899903594e-01
6.030737921409157209e-02 1.975949839121902973e-01
5.499918128533154427e-02 1.899672689971559914e-01
4.992888225905456334e-02 1.821686978095937159e-01
4.509775855592612626e-02 1.742045035078613746e-01
4.050702638550263135e-02 1.660799509388210249e-01
3.615784144005795842e-02 1.578003988994111650e-01
3.205129860364375194e-02 1.493713630937956172e-01
2.818843167645834757e-02 1.407985778033604418e-01
2.457021311459295365e-02 1.320880543311646338e-01
2.119755378522125699e-02 1.232461343811146470e-01
1.807130273729329328e-02 1.142795366820185260e-01
1.519224698779197968e-02 1.051953953633212313e-01
1.256111132360571148e-02 9.600128882700892374e-02
1.017855811906731578e-02 8.670525813208723731e-02
8.045187169204659483e-03 7.731581420649348557e-02
6.161535538745877005e-03 6.784193351792283666e-02
4.528077426915411152e-03 5.829304216097710989e-02
3.145224048057615462e-03 4.867898864428872596e-02
2.013323528115562588e-03 3.901000597874200448e-02
1.132660816992037134e-03 2.929666396794241776e-02
5.034576168149174080e-04 1.954981287638946422e-02
1.258723261249317105e-04 9.780519891886566008e-03
0.000000000000000000e+00 0.000000000000000000e+00
1.258723261249317105e-04 -9.618366727894147455e-03
5.034576168149174080e-04 -1.921936980679037066e-02
1.132660816992037134e-03 -2.878575976817196458e-02
2.013323528115562588e-03 -3.830063708013795726e-02
3.145224048057615462e-03 -4.774761646242200314e-02
4.528077426915411152e-03 -5.711097874107376460e-02
6.161535538745877005e-03 -6.637580663443112816e-02
8.045187169204659483e-03 -7.552810130943542199e-02
1.017855811906731578e-02 -8.455487708247368117e-02
1.256111132360571148e-02 -9.344423224667856853e-02
1.519224698779197968e-02 -1.021853946708058541e-01
1.807130273729329328e-02 -1.107687415145994225e-01
2.119755378522125699e-02 -1.191857931221419475e-01
2.457021311459295365e-02 -1.274291818675870325e-01
2.818843167645834757e-02 -1.354925974165512303e-01
3.205129860364375194e-02 -1.433707105115065439e-01
3.615784144005795842e-02 -1.510590779721708299e-01
4.050702638550263135e-02 -1.585540321052208990e-01
4.509775855592612626e-02 -1.658525581269444937e-01
4.992888225905456334e-02 -1.729521635055811246e-01
5.499918128533154427e-02 -1.798507433179799275e-01
6.030737921409157209e-02 -1.865464457819578648e-01
6.585213973489323358e-02 -1.930375420690200461e-01
7.163206698392743377e-02 -1.993223043230701319e-01
7.764570589541863743e-02 -2.053988955142111161e-01
8.389154256793041053e-02 -2.112652743509484676e-01
9.036800464548166989e-02 -2.169191179706390915e-01
9.707346171337882801e-02 -2.223577645414615278e-01
1.040062257086641351e-01 -2.275781772567084527e-01
1.111645513450765232e-01 -2.325769305032223955e-01
1.185466365524179277e-01 -2.373502182613402567e-01
1.261506229302150617e-01 -2.418938840658925726e-01
1.339745962155614034e-01 -2.462034711491574712e-01
1.420165867650229341e-01 -2.502742907195439348e-01
1.502745700504856119e-01 -2.541015057256260645e-01
1.587464671688187945e-01 -2.576802269339149576e-01
1.674301453652287108e-01 -2.610056177282171763e-01
1.763234185701672008e-01 -2.640730037336427860e-01
1.854240479496642724e-01 -2.668779831910809697e-01
1.947297424689413692e-01 -2.694165339663573411e-01
2.042381594691679014e-01 -2.716851131763662330e-01
2.139469052572124941e-01 -2.736807456519830262e-01
2.238535357082431787e-01 -2.754010978298224166e-01
2.339555568810219865e-01 -2.768445341627981393e-01
2.442504256457417311e-01 -2.780101537495181518e-01
2.547355503242452190e-01 -2.788978055872980977e-01
2.654082913424666845e-01 -2.795080816317738193e-01
2.762659618949298013e-01 -2.798422876733343001e-01
2.873058286211370715e-01 -2.799023928898388691e-01
2.985251122936787294e-01 -2.796909597774637768e-01
3.099209885178879631e-01 -2.792110569670428477e-01
3.214905884428678196e-01 -2.784661581717708390e-01
3.332309994837083789e-01 -2.774600311541577380e-01
3.451392660547150104e-01 -2.761966211178909503e-01
3.572123903134606371e-01 -2.746799332986296083e-01
3.694473329154774888e-01 -2.729139197251648774e-01
3.818410137793947223e-01 -2.709023751317486961e-01
3.943903128623333920e-01 -2.686488468119302975e-01
4.070920709453594855e-01 -2.661565628082217527e-01
4.199430904288018462e-01 -2.634283822312293855e-01
4.329401361372292589e-01 -2.604667707045997260e-01
4.460799361338897429e-01 -2.572738029536933424e-01
4.593591825444023335e-01 -2.538511934193847241e-01
4.727745323894976259e-01 -2.502003545143513530e-01
4.863226084265935834e-01 -2.463224807854920706e-01
5.000000000000001110e-01 -2.422186558473157780e-01
5.138032638995313484e-01 -2.378899775580046172e-01
5.277289252273172915e-01 -2.333376955783365569e-01
5.417734782725895926e-01 -2.285633542438809118e-01
5.559333873942259308e-01 -2.235689326558543966e-01
5.702050879108284676e-01 -2.183569731202248954e-01
5.845849869981135649e-01 -2.129306886024366352e-01
5.990694645933862805e-01 -2.072940397790627998e-01
6.136548743068714895e-01 -2.014517726167701639e-01
6.283375443396724824e-01 -1.954094082468012805e-01
6.431137784081281117e-01 -1.891731782761123803e-01
6.579798566743311206e-01 -1.827499006216926070e-01
6.729320366825783939e-01 -1.761467934989801309e-01
6.879665543015128781e-01 -1.693712283528573115e-01
7.030796246717250231e-01 -1.624304262907235452e-01
7.182674431585703845e-01 -1.553311069467625816e-01
7.335261863099650226e-01 -1.480791036436760744e-01
7.488520128189207758e-01 -1.406789641748426301e-01
7.642410644905727191e-01 -1.331335624406520535e-01
7.796894672134594417e-01 -1.254437524546624383e-01
7.951933319348093443e-01 -1.176081027879462976e-01
8.107487556395898132e-01 -1.096227562264992794e-01
8.263518223330695855e-01 -1.014814661441612864e-01
8.419986040266501659e-01 -9.317586769506522315e-02
8.576851617267149397e-01 -8.469604824557330769e-02
8.734075464262507360e-01 -7.603148732594568193e-02
8.891618000989889303e-01 -6.717244160871513325e-02
9.049439566958173975e-01 -5.811185483093744136e-02
9.207500431432115162e-01 -4.884787598630833255e-02
9.365760803434354242e-01 -3.938707133721577186e-02
9.524180841762578398e-01 -2.974841665789509232e-02
9.682720665019324269e-01 -1.996815544857715591e-02
9.841340361651920166e-01 -1.010560650021746255e-02
9.999999999999998890e-01 -2.500000000000686352e-04
