9.999999999999998890e-01 2.500000000003095991e-04
9.841340361651920166e-01 4.027962903079007617e-02
9.682720665019324269e-01 7.305394929570238616e-02
9.524180841762578398e-01 1.001151014857041277e-01
9.365760803434354242e-01 1.227322475078675285e-01
9.207500431432115162e-01 1.419382536909541970e-01
9.049439566958173975e-01 1.585631506121687739e-01
8.891618000989889303e-01 1.732644261925636309e-01
8.734075464262507360e-01 1.865542407723063956e-01
8.576851617267149397e-01 1.988236803751789461e-01
8.419986040266501659e-01 2.103641873594326306e-01
8.263518223330695855e-01 2.213863262447156866e-01
8.107487556395898132e-01 2.320360568711614391e-01
7.951933319348093443e-01 2.424086974029210639e-01
7.796894672134594417e-01 2.525607662905450246e-01
7.642410644905727191e-01 2.625198954438026644e-01
7.488520128189207758e-01 2.722930068537631199e-01
7.335261863099650226e-01 2.818729420741606373e-01
7.182674431585703845e-01 2.912437286731914821e-01
7.030796246717250231e-01 3.003846603495325396e-01
6.879665543015128781e-01 3.092733582215710930e-01
6.729320366825783939e-01 3.178879701915569012e-01
6.579798566743311206e-01 3.262086535902992690e-01
6.431137784081281117e-01 3.342184738410908240e-01
6.283375443396724824e-01 3.419038389420416268e-01
6.136548743068714895e-01 3.492545764292985244e-01
5.990694645933862805e-01 3.562637463995887988e-01
5.845849869981135649e-01 3.629272713615044887e-01
5.702050879108284676e-01 3.692434513445331246e-01
5.559333873942259308e-01 3.752124209870895122e-01
5.417734782725895926e-01 3.808355943842169355e-01
5.277289252273172915e-01 3.861151334074312547e-01
5.138032638995313484e-01 3.910534660904346760e-01
5.000000000000001110e-01 3.956528735551985698e-01
4.863226084265935834e-01 3.999151568581793548e-01
4.727745323894976259e-01 4.038413890680208063e-01
4.593591825444023335e-01 4.074317528251154008e-01
4.460799361338897429e-01 4.106854595426423504e-01
4.329401361372292589e-01 4.136007432354131264e-01
4.199430904288018462e-01 4.161749196413333518e-01
4.070920709453594855e-01 4.184044997546652600e-01
3.943903128623333920e-01 4.202853460371969718e-01
3.818410137793947223e-01 4.218128593245898950e-01
3.694473329154774888e-01 4.229821847098241827e-01
3.572123903134606371e-01 4.237884253728041450e-01
3.451392660547150104e-01 4.242268543456691465e-01
3.332309994837083789e-01 4.242931154716759745e-01
3.214905884428678196e-01 4.239834062513808122e-01
3.099209885178879631e-01 4.232946367994565584e-01
2.985251122936787294e-01 4.222245606925623118e-01
2.873058286211370715e-01 4.207718750152565357e-01
2.762659618949298013e-01 4.189362883577303909e-01
2.654082913424666845e-01 4.167185568459256806e-01
2.547355503242452190e-01 4.141204894600622466e-01
2.442504256457417311e-01 4.111449248992494754e-01
2.339555568810219865e-01 4.077956830634699159e-01
2.238535357082431787e-01 4.040774948433882297e-01
2.139469052572124941e-01 3.999959143337483147e-01
2.042381594691679014e-01 3.955572178243734194e-01
1.947297424689413692e-01 3.907682939860920857e-01
1.854240479496642724e-01 3.856365295737169685e-01
1.763234185701672008e-01 3.801696947342991795e-01
1.674301453652287108e-01 3.743758316584985257e-01
1.587464671688187945e-01 3.682631498696659622e-01
1.502745700504856119e-01 3.618399309333704683e-01
1.420165867650229341e-01 3.551144448135666321e-01
1.339745962155614034e-01 3.480948795233708704e-01
1.261506229302150617e-01 3.407892851398622858e-01
1.185466365524179277e-01 3.332055326926701699e-01
1.111645513450765232e-01 3.253512879120564749e-01
1.040062257086641351e-01 3.172339993475835063e-01
9.707346171337882801e-02 3.088608999541557210e-01
9.036800464548166989e-02 3.002390208959754836e-01
8.389154256793041053e-02 2.913752160455226337e-01
7.764570589541863743e-02 2.822761954558711261e-01
7.163206698392743377e-02 2.729485659596249669e-01
6.585213973489323358e-02 2.633988769932332774e-01
6.030737921409157209e-02 2.536336697560432341e-01
5.499918128533154427e-02 2.436595278821590549e-01
4.992888225905456334e-02 2.334831279216215971e-01
4.509775855592612626e-02 2.231112880863940773e-01
4.050702638550263135e-02 2.125510139064205051e-01
3.615784144005795842e-02 2.018095396518500284e-01
3.205129860364375194e-02 1.908943645998702754e-01
2.818843167645834757e-02 1.798132834495855259e-01
2.457021311459295365e-02 1.685744104079846539e-01
2.119755378522125699e-02 1.571861966773713259e-01
1.807130273729329328e-02 1.456574412640179172e-01
1.519224698779197968e-02 1.339972951950024194e-01
1.256111132360571148e-02 1.222152593723270647e-01
1.017855811906731578e-02 1.103211764090583219e-01
8.045187169204659483e-03 9.832521688123421755e-02
6.161535538745877005e-03 8.623786049277255839e-02
4.528077426915411152e-03 7.406987269068045221e-02
3.145224048057615462e-03 6.183227728758392688e-02
2.013323528115562588e-03 4.953632565149179018e-02
1.132660816992037134e-03 3.719346301292467127e-02
5.034576168149174080e-04 2.481529242119459230e-02
1.258723261249317105e-04 1.241353685885670036e-02
0.000000000000000000e+00 0.000000000000000000e+00
1.258723261249317105e-04 -1.215836937202297366e-02
5.034576168149174080e-04 -2.429227177551898653e-02
1.132660816992037134e-03 -3.637745592345884710e-02
2.013323528115562588e-03 -4.839022030916681483e-02
3.145224048057615462e-03 -6.030766965593441914e-02
4.528077426915411152e-03 -7.210794986163317211e-02
6.161535538745877005e-03 -8.377045530416200869e-02
8.045187169204659483e-03 -9.527600321860921206e-02
1.017855811906731578e-02 -1.066069708629720086e-01
1.256111132360571148e-02 -1.177473923248854026e-01
1.519224698779197968e-02 -1.286830130516729287e-01
1.807130273729329328e-02 -1.394013014716639076e-01
2.119755378522125699e-02 -1.498914183759235130e-01
2.457021311459295365e-02 -1.601441460053221744e-01
2.818843167645834757e-02 -1.701517799980195034e-01
3.205129860364375194e-02 -1.799079884585515765e-01
3.615784144005795842e-02 -1.894076433765324863e-01
4.050702638550263135e-02 -1.986466304194560439e-01
4.509775855592612626e-02 -2.076216437244062241e-01
4.992888225905456334e-02 -2.163299726979241999e-01
5.499918128533154427e-02 -2.247692879888983641e-01
6.030737921409157209e-02 -2.329374337204598022e-01
6.585213973489323358e-02 -2.408322327553369946e-01
7.163206698392743377e-02 -2.484513112343602614e-01
7.764570589541863743e-02 -2.557919478866589325e-01
8.389154256793041053e-02 -2.628509526862943813e-01
9.036800464548166989e-02 -2.696245783537376539e-01
9.707346171337882801e-02 -2.761084670072619374e-01
1.040062257086641351e-01 -2.822976329989217437e-01
1.111645513450765232e-01 -2.881864816654707284e-01
1.185466365524179277e-01 -2.937688624313200547e-01
1.261506229302150617e-01 -2.990381534638597572e-01
1.339745962155614034e-01 -3.039873739454636015e-01
1.420165867650229341e-01 -3.086093190330313485e-01
1.502745700504856119e-01 -3.128967117626506589e-01
1.587464671688187945e-01 -3.168423655561474761e-01
1.674301453652287108e-01 -3.204393506234672340e-01
1.763234185701672008e-01 -3.236811574477312381e-01
1.854240479496642724e-01 -3.265618506974860558e-01
1.947297424689413692e-01 -3.290762073328383774e-01
2.042381594691679014e-01 -3.312198333488403090e-01
2.139469052572124941e-01 -3.329892545109043311e-01
2.238535357082431787e-01 -3.343819775538967587e-01
2.339555568810219865e-01 -3.353965196006157279e-01
2.442504256457417311e-01 -3.360324049602789187e-01
2.547355503242452190e-01 -3.362901299402487054e-01
2.654082913424666845e-01 -3.361710977859423410e-01
2.762659618949298013e-01 -3.356775272926064146e-01
2.873058286211370715e-01 -3.348123399446695236e-01
2.985251122936787294e-01 -3.335790315706970710e-01
3.099209885178879631e-01 -3.319815353944758352e-01
3.214905884428678196e-01 -3.300240839608192811e-01
3.332309994837083789e-01 -3.277110776715313478e-01
3.451392660547150104e-01 -3.250469675460731511e-01
3.572123903134606371e-01 -3.220361592988817412e-01
3.694473329154774888e-01 -3.186829448916596585e-01
3.818410137793947223e-01 -3.149914663814264992e-01
3.943903128623333920e-01 -3.109657151687860721e-01
4.070920709453594855e-01 -3.066095676998962793e-01
4.199430904288018462e-01 -3.019268563538918815e-01
4.329401361372292589e-01 -2.969214717387753666e-01
4.460799361338897429e-01 -2.915974900262154890e-01
4.593591825444023335e-01 -2.859593164009813782e-01
4.727745323894976259e-01 -2.800118333224337897e-01
4.863226084265935834e-01 -2.737605402468591409e-01
5.000000000000001110e-01 -2.672116699056567568e-01
5.138032638995313484e-01 -2.603722653492043793e-01
5.277289252273172915e-01 -2.532502019280262751e-01
5.417734782725895926e-01 -2.458541393703445876e-01
5.559333873942259308e-01 -2.381933913022967475e-01
5.702050879108284676e-01 -2.302777031085112280e-01
5.845849869981135649e-01 -2.221169340956359872e-01
5.990694645933862805e-01 -2.137206466285313522e-01
6.136548743068714895e-01 -2.050976133606314811e-01
6.283375443396724824e-01 -1.962552639472454341e-01
6.431137784081281117e-01 -1.871991047471548153e-01
6.579798566743311206e-01 -1.779321589757904554e-01
6.729320366825783939e-01 -1.684544905182769614e-01
6.879665543015128781e-01 -1.587628920384707154e-01
7.030796246717250231e-01 -1.488508369734078407e-01
7.182674431585703845e-01 -1.387088152687710740e-01
7.335261863099650226e-01 -1.283251940210284325e-01
7.488520128189207758e-01 -1.176877662202699820e-01
7.642410644905727191e-01 -1.067861731534330699e-01
7.796894672134594417e-01 -9.561540829630341132e-02
7.951933319348093443e-01 -8.418063221051866329e-02
8.107487556395898132e-01 -7.250354854000622129e-02
8.263518223330695855e-01 -6.063061010239887555e-02
8.419986040266501659e-01 -4.864334069613931999e-02
8.576851617267149397e-01 -3.667107197162046417e-02
8.734075464262507360e-01 -2.490640491011637814e-02
8.891618000989889303e-01 -1.362371148043605741e-02
9.049439566958173975e-01 -3.200993272398201285e-03
9.207500431432115162e-01 5.854590267753208288e-03
9.365760803434354242e-01 1.287722152364553091e-02
9.524180841762578398e-01 1.700866648786074006e-02
9.682720665019324269e-01 1.715999641366822495e-02
9.841340361651920166e-01 1.196855807762882765e-02
9.999999999999998890e-01 -2.499999999998853508e-04
