9.999999999999998890e-01 2.500000000001266942e-04
9.841340361651920166e-01 1.819155482683369046e-02
9.682720665019324269e-01 3.578329597512698579e-02
9.524180841762578398e-01 5.301397372686145887e-02
9.365760803434354242e-01 6.988034411809920798e-02
9.207500431432115162e-01 8.638451824815127078e-02
9.049439566958173975e-01 1.025318285979176236e-01
8.891618000989889303e-01 1.183291594647416928e-01
8.734075464262507360e-01 1.337836877815772596e-01
8.576851617267149397e-01 1.489019807797453965e-01
8.419986040266501659e-01 1.636893980775941393e-01
8.263518223330695855e-01 1.781497477242488525e-01
8.107487556395898132e-01 1.922851483847620169e-01
7.951933319348093443e-01 2.060960531033321774e-01
7.796894672134594417e-01 2.195813938066819848e-01
7.642410644905727191e-01 2.327388097930576383e-01
7.488520128189207758e-01 2.455649277795717289e-01
7.335261863099650226e-01 2.580556655426803903e-01
7.182674431585703845e-01 2.702065356809337238e-01
7.030796246717250231e-01 2.820129304613280263e-01
6.879665543015128781e-01 2.934703729953415663e-01
6.729320366825783939e-01 3.045747240530443101e-01
6.579798566743311206e-01 3.153223375993297051e-01
6.431137784081281117e-01 3.257101615725377930e-01
6.283375443396724824e-01 3.357357834812454422e-01
6.136548743068714895e-01 3.453974230400325141e-01
5.990694645933862805e-01 3.546938762811669421e-01
5.845849869981135649e-01 3.636244173587164230e-01
5.702050879108284676e-01 3.721886656071606847e-01
5.559333873942259308e-01 3.803864263400721923e-01
5.417734782725895926e-01 3.882175143962471320e-01
5.277289252273172915e-01 3.956815695885793072e-01
5.138032638995313484e-01 4.027778730190145207e-01
5.000000000000001110e-01 4.095051727302172484e-01
4.863226084265935834e-01 4.158615264140805845e-01
4.727745323894976259e-01 4.218441679344611672e-01
4.593591825444023335e-01 4.274494032935378107e-01
4.460799361338897429e-01 4.326725404251632323e-01
4.329401361372292589e-01 4.375078558809217810e-01
4.199430904288018462e-01 4.419486001298243982e-01
4.070920709453594855e-01 4.459870418624644062e-01
3.943903128623333920e-01 4.496145504132264548e-01
3.818410137793947223e-01 4.528217142238263881e-01
3.694473329154774888e-01 4.555984921973313950e-01
3.572123903134606371e-01 4.579343938580311968e-01
3.451392660547150104e-01 4.598186834578852356e-01
3.332309994837083789e-01 4.612406025680613197e-01
3.214905884428678196e-01 4.621896052721367054e-01
3.099209885178879631e-01 4.626555998383892199e-01
2.985251122936787294e-01 4.626291906897197492e-01
2.873058286211370715e-01 4.621019146039258008e-01
2.762659618949298013e-01 4.610664653528410706e-01
2.654082913424666845e-01 4.595169014111610273e-01
2.547355503242452190e-01 4.574488319163585448e-01
2.442504256457417311e-01 4.548595767193078232e-01
2.339555568810219865e-01 4.517482971085876597e-01
2.238535357082431787e-01 4.481160945963607589e-01
2.139469052572124941e-01 4.439660759961812087e-01
2.042381594691679014e-01 4.393033838792049783e-01
1.947297424689413692e-01 4.341351923420178616e-01
1.854240479496642724e-01 4.284706688349642079e-01
1.763234185701672008e-01 4.223209035645658638e-01
1.674301453652287108e-01 4.156988086798341087e-01
1.587464671688187945e-01 4.086189900650071261e-01
1.502745700504856119e-01 4.010975950784635979e-01
1.420165867650229341e-01 3.931521399902619396e-01
1.339745962155614034e-01 3.848013211731545757e-01
1.261506229302150617e-01 3.760648142913530223e-01
1.185466365524179277e-01 3.669630658082918551e-01
1.111645513450765232e-01 3.575170811025564221e-01
1.040062257086641351e-01 3.477482133461792801e-01
9.707346171337882801e-02 3.376779570703181688e-01
9.036800464548166989e-02 3.273277500306074339e-01
8.389154256793041053e-02 3.167187866007412644e-01
7.764570589541863743e-02 3.058718454819175370e-01
7.163206698392743377e-02 2.948071340323294431e-01
6.585213973489323358e-02 2.835441510101740503e-01
6.030737921409157209e-02 2.721015690008317667e-01
5.499918128533154427e-02 2.604971372787932005e-01
4.992888225905456334e-02 2.487476053516481100e-01
4.509775855592612626e-02 2.368686669598756567e-01
4.050702638550263135e-02 2.248749238737525191e-01
3.615784144005795842e-02 2.127798684471766399e-01
3.205129860364375194e-02 2.005958835653317007e-01
2.818843167645834757e-02 1.883342583646561708e-01
2.457021311459295365e-02 1.760052179130170702e-01
2.119755378522125699e-02 1.636179649166942252e-01
1.807130273729329328e-02 1.511807314678947634e-01
1.519224698779197968e-02 1.387008388591786379e-01
1.256111132360571148e-02 1.261847635645486077e-01
1.017855811906731578e-02 1.136382076145438513e-01
8.045187169204659483e-03 1.010661717664846915e-01
6.161535538745877005e-03 8.847303008190363083e-02
4.528077426915411152e-03 7.586260476110918971e-02
3.145224048057615462e-03 6.323824033927367971e-02
2.013323528115562588e-03 5.060287660855645325e-02
1.132660816992037134e-03 3.795911988607868215e-02
5.034576168149174080e-04 2.530931248785592627e-02
1.258723261249317105e-04 1.265560048476093227e-02
0.000000000000000000e+00 0.000000000000000000e+00
1.258723261249317105e-04 -1.159299204350739722e-02
5.034576168149174080e-04 -2.315210290958123751e-02
1.132660816992037134e-03 -3.464376816618489757e-02
2.013323528115562588e-03 -4.603517550480167725e-02
3.145224048057615462e-03 -5.729462283858921534e-02
4.528077426915411152e-03 -6.839185529865950131e-02
6.161535538745877005e-03 -7.929837485523925922e-02
8.045187169204659483e-03 -8.998771691793155947e-02
1.017855811906731578e-02 -1.004356890235967026e-01
1.256111132360571148e-02 -1.106205675826423401e-01
1.519224698779197968e-02 -1.205232496032328099e-01
1.807130273729329328e-02 -1.301273573243800774e-01
2.119755378522125699e-02 -1.394192947379741254e-01
2.457021311459295365e-02 -1.483882560404335416e-01
2.818843167645834757e-02 -1.570261871006449761e-01
3.205129860364375194e-02 -1.653277020364507799e-01
3.615784144005795842e-02 -1.732899579325747064e-01
4.050702638550263135e-02 -1.809124915857681093e-01
4.509775855592612626e-02 -1.881970229077239154e-01
4.992888225905456334e-02 -1.951472302354607113e-01
5.499918128533154427e-02 -2.017685032783561039e-01
6.030737921409157209e-02 -2.080676797604316119e-01
6.585213973489323358e-02 -2.140527719895697900e-01
7.163206698392743377e-02 -2.197326895999034135e-01
7.764570589541863743e-02 -2.251169645717941703e-01
8.389154256793041053e-02 -2.302154843418884322e-01
9.036800464548166989e-02 -2.350382383840033673e-01
9.707346171337882801e-02 -2.395950830841310497e-01
1.040062257086641351e-01 -2.438955290670265508e-01
1.111645513450765232e-01 -2.479485543779777756e-01
1.185466365524179277e-01 -2.517624461040299799e-01
1.261506229302150617e-01 -2.553446721584812229e-01
1.339745962155614034e-01 -2.587017840761680065e-01
1.420165867650229341e-01 -2.618393508005621984e-01
1.502745700504856119e-01 -2.647619226121569191e-01
1.587464671688187945e-01 -2.674730235750519269e-01
1.674301453652287108e-01 -2.699751701871919152e-01
1.763234185701672008e-01 -2.722699133289315232e-01
1.854240479496642724e-01 -2.743579001309562893e-01
1.947297424689413692e-01 -2.762389520388244812e-01
2.042381594691679014e-01 -2.779121551461578576e-01
2.139469052572124941e-01 -2.793759588060125143e-01
2.238535357082431787e-01 -2.806282786097901716e-01
2.339555568810219865e-01 -2.816666000400669390e-01
2.442504256457417311e-01 -2.824880794481767765e-01
2.547355503242452190e-01 -2.830896394650604941e-01
2.654082913424666845e-01 -2.834680565065235136e-01
2.762659618949298013e-01 -2.836200386597015899e-01
2.873058286211370715e-01 -2.835422929113035062e-01
2.985251122936787294e-01 -2.832315813728668585e-01
3.099209885178879631e-01 -2.826847668451212825e-01
3.214905884428678196e-01 -2.818988487132967347e-01
3.332309994837083789e-01 -2.808709907489421176e-01
3.451392660547150104e-01 -2.795985428839256604e-01
3.572123903134606371e-01 -2.780790593935917876e-01
3.694473329154774888e-01 -2.763103161566616839e-01
3.818410137793947223e-01 -2.742903297318437517e-01
3.943903128623333920e-01 -2.720173808928383341e-01
4.070920709453594855e-01 -2.694900449880790472e-01
4.199430904288018462e-01 -2.667072310392655798e-01
4.329401361372292589e-01 -2.636682308708649392e-01
4.460799361338897429e-01 -2.603727787859949627e-01
4.593591825444023335e-01 -2.568211213948864424e-01
4.727745323894976259e-01 -2.530140961903988850e-01
4.863226084265935834e-01 -2.489532163881432170e-01
5.000000000000001110e-01 -2.446407584508031863e-01
5.138032638995313484e-01 -2.400798476475354548e-01
5.277289252273172915e-01 -2.352745360154346321e-01
5.417734782725895926e-01 -2.302298662506307436e-01
5.559333873942259308e-01 -2.249519144241172164e-01
5.702050879108284676e-01 -2.194478040556762377e-01
5.845849869981135649e-01 -2.137256840517166023e-01
5.990694645933862805e-01 -2.077946633808177013e-01
6.136548743068714895e-01 -2.016646961816789541e-01
6.283375443396724824e-01 -1.953464123235227334e-01
6.431137784081281117e-01 -1.888508903125449556e-01
6.579798566743311206e-01 -1.821893718938181472e-01
6.729320366825783939e-01 -1.753729207587025329e-01
6.879665543015128781e-01 -1.684120314427381138e-01
7.030796246717250231e-01 -1.613161987828535815e-01
7.182674431585703845e-01 -1.540934631742504612e-01
7.335261863099650226e-01 -1.467499522880818530e-01
7.488520128189207758e-01 -1.392894458248272460e-01
7.642410644905727191e-01 -1.317129962105245133e-01
7.796894672134594417e-01 -1.240186448008613468e-01
7.951933319348093443e-01 -1.162012800305863153e-01
8.107487556395898132e-01 -1.082526909044432689e-01
8.263518223330695855e-01 -1.001618761262991347e-01
8.419986040266501659e-01 -9.191567584605177255e-02
8.576851617267149397e-01 -8.349979929726829286e-02
8.734075464262507360e-01 -7.490032731990879655e-02
8.891618000989889303e-01 -6.610577372191084322e-02
9.049439566958173975e-01 -5.710979343623558829e-02
9.207500431432115162e-01 -4.791462828048816819e-02
9.365760803434354242e-01 -3.853538263121027846e-02
9.524180841762578398e-01 -2.900522129764121493e-02
9.682720665019324269e-01 -1.938158014384826905e-02
9.841340361651920166e-01 -9.753476401970146911e-03
9.999999999999998890e-01 -2.500000000000656536e-04
