9.999999999999998890e-01 2.500000000001627982e-04
9.841340361651920166e-01 2.215446562036223893e-02
9.682720665019324269e-01 4.202324354029682990e-02
9.524180841762578398e-01 6.066648167194988589e-02
9.365760803434354242e-01 7.863217873822393733e-02
9.207500431432115162e-01 9.626557388499019929e-02
9.049439566958173975e-01 1.137595075806118600e-01
8.891618000989889303e-01 1.311964636152731234e-01
8.734075464262507360e-01 1.485830374950415367e-01
8.576851617267149397e-01 1.658775957892754394e-01
8.419986040266501659e-01 1.830118952992967341e-01
8.263518223330695855e-01 1.999074216816769944e-01
8.107487556395898132e-01 2.164871859029325607e-01
7.951933319348093443e-01 2.326836852228710284e-01
7.796894672134594417e-01 2.484436949437330289e-01
7.642410644905727191e-01 2.637305095754216011e-01
7.488520128189207758e-01 2.785241989882812352e-01
7.335261863099650226e-01 2.928203881419175203e-01
7.182674431585703845e-01 3.066280096069542438e-01
7.030796246717250231e-01 3.199664177573483537e-01
6.879665543015128781e-01 3.328621935111150121e-01
6.729320366825783939e-01 3.453459100148730254e-01
6.579798566743311206e-01 3.574490737386161743e-01
6.431137784081281117e-01 3.692014029573359446e-01
6.283375443396724824e-01 3.806285572757217572e-01
6.136548743068714895e-01 3.917503882737534693e-01
5.990694645933862805e-01 4.025797429310861708e-01
5.845849869981135649e-01 4.131218184912368030e-01
5.702050879108284676e-01 4.233740399724847392e-01
5.559333873942259308e-01 4.333264096053907610e-01
5.417734782725895926e-01 4.429622609374923581e-01
5.277289252273172915e-01 4.522593389439657496e-01
5.138032638995313484e-01 4.611911208730166689e-01
5.000000000000001110e-01 4.697282903103291440e-01
4.863226084265935834e-01 4.778402785780289097e-01
4.727745323894976259e-01 4.854967925527510775e-01
4.593591825444023335e-01 4.926692557259482186e-01
4.460799361338897429e-01 4.993320992537225722e-01
4.329401361372292589e-01 5.054638512693948593e-01
4.199430904288018462e-01 5.110479852899493247e-01
4.070920709453594855e-01 5.160735015944963866e-01
3.943903128623333920e-01 5.205352284842100774e-01
3.818410137793947223e-01 5.244338428918403627e-01
3.694473329154774888e-01 5.277756214936089041e-01
3.572123903134606371e-01 5.305719439474331223e-01
3.451392660547150104e-01 5.328385788652739707e-01
3.332309994837083789e-01 5.345947904182865029e-01
3.214905884428678196e-01 5.358623089343602652e-01
3.099209885178879631e-01 5.366642124088182308e-01
2.985251122936787294e-01 5.370237675052396131e-01
2.873058286211370715e-01 5.369632784295687022e-01
2.762659618949298013e-01 5.365029901262928780e-01
2.654082913424666845e-01 5.356600887281518508e-01
2.547355503242452190e-01 5.344478372884839956e-01
2.442504256457417311e-01 5.328748787683913468e-01
2.339555568810219865e-01 5.309447312936933505e-01
2.238535357082431787e-01 5.286554931086493436e-01
2.139469052572124941e-01 5.259997667108458064e-01
2.042381594691679014e-01 5.229648036288117030e-01
1.947297424689413692e-01 5.195328634656857236e-01
1.854240479496642724e-01 5.156817734265075615e-01
1.763234185701672008e-01 5.113856677980502807e-01
1.674301453652287108e-01 5.066158809543431785e-01
1.587464671688187945e-01 5.013419625805694002e-01
1.502745700504856119e-01 4.955327800685473405e-01
1.420165867650229341e-01 4.891576705252379531e-01
1.339745962155614034e-01 4.821876035982306519e-01
1.261506229302150617e-01 4.745963163655221861e-01
1.185466365524179277e-01 4.663613828287297425e-01
1.111645513450765232e-01 4.574651830201184599e-01
1.040062257086641351e-01 4.478957402817205780e-01
9.707346171337882801e-02 4.376473997670763394e-01
9.036800464548166989e-02 4.267213264952770535e-01
8.389154256793041053e-02 4.151258071758879287e-01
7.764570589541863743e-02 4.028763463305012893e-01
7.163206698392743377e-02 3.899955537623315260e-01
6.585213973489323358e-02 3.765128269671687011e-01
6.030737921409157209e-02 3.624638384382799505e-01
5.499918128533154427e-02 3.478898438046891806e-01
4.992888225905456334e-02 3.328368321810885044e-01
4.509775855592612626e-02 3.173545448418999548e-01
4.050702638550263135e-02 3.014953922282454513e-01
3.615784144005795842e-02 2.853133022479515946e-01
3.205129860364375194e-02 2.688625347573594948e-01
2.818843167645834757e-02 2.521964979728348322e-01
2.457021311459295365e-02 2.353666023343124192e-01
2.119755378522125699e-02 2.184211860496732827e-01
1.807130273729329328e-02 2.014045442347500992e-01
1.519224698779197968e-02 1.843560903060126877e-01
1.256111132360571148e-02 1.673096741848340285e-01
1.017855811906731578e-02 1.502930770604788691e-01
8.045187169204659483e-03 1.333276970799945060e-01
6.161535538745877005e-03 1.164284345487694300e-01
4.528077426915411152e-03 9.960377920792419515e-02
3.145224048057615462e-03 8.285609608199069609e-02
2.013323528115562588e-03 6.618210044095072797e-02
1.132660816992037134e-03 4.957350676889072522e-02
5.034576168149174080e-04 3.301783144195898079e-02
1.258723261249317105e-04 1.649932424181381127e-02
0.000000000000000000e+00 0.000000000000000000e+00
1.258723261249317105e-04 -1.356891518164789548e-02
5.034576168149174080e-04 -2.707426282946817642e-02
1.132660816992037134e-03 -4.045393790499763470e-02
2.013323528115562588e-03 -5.364884182504246063e-02
3.145224048057615462e-03 -6.660427593866015405e-02
4.528077426915411152e-03 -7.927120689838919321e-02
6.161535538745877005e-03 -9.160736712058667464e-02
8.045187169204659483e-03 -1.035781583659733107e-01
1.017855811906731578e-02 -1.151573322511064146e-01
1.256111132360571148e-02 -1.263274280582497300e-01
1.519224698779197968e-02 -1.370799553559099437e-01
1.807130273729329328e-02 -1.474153164684454120e-01
2.119755378522125699e-02 -1.573424715222477288e-01
2.457021311459295365e-02 -1.668783564237787120e-01
2.818843167645834757e-02 -1.760470714676858894e-01
3.205129860364375194e-02 -1.848788651146309192e-01
3.615784144005795842e-02 -1.934089436148166696e-01
4.050702638550263135e-02 -2.016761423999125780e-01
4.509775855592612626e-02 -2.097214993630315827e-01
4.992888225905456334e-02 -2.175867731625886203e-01
5.499918128533154427e-02 -2.253129514235503450e-01
6.030737921409157209e-02 -2.329387941073348123e-01
6.585213973489323358e-02 -2.404994563566189014e-01
7.163206698392743377e-02 -2.480252328103603188e-01
7.764570589541863743e-02 -2.555404617840327797e-01
8.389154256793041053e-02 -2.630626229156296514e-01
9.036800464548166989e-02 -2.706016560211598199e-01
9.707346171337882801e-02 -2.781595221492128567e-01
1.040062257086641351e-01 -2.857300203668403094e-01
1.111645513450765232e-01 -2.932988658666251802e-01
1.185466365524179277e-01 -3.008440267936597912e-01
1.261506229302150617e-01 -3.083363089990664441e-01
1.339745962155614034e-01 -3.157401699861488997e-01
1.420165867650229341e-01 -3.230147358760927512e-01
1.502745700504856119e-01 -3.301149885220865943e-01
1.587464671688187945e-01 -3.369930841663139054e-01
1.674301453652287108e-01 -3.435997604615926848e-01
1.763234185701672008e-01 -3.498857854358751740e-01
1.854240479496642724e-01 -3.558034001940987845e-01
1.947297424689413692e-01 -3.613077069171522493e-01
2.042381594691679014e-01 -3.663579550756808079e-01
2.139469052572124941e-01 -3.709186817224817134e-01
2.238535357082431787e-01 -3.749606662070398277e-01
2.339555568810219865e-01 -3.784616655651198980e-01
2.442504256457417311e-01 -3.814069040225079865e-01
2.547355503242452190e-01 -3.837892983164271632e-01
2.654082913424666845e-01 -3.856094096405697780e-01
2.762659618949298013e-01 -3.868751226837121582e-01
2.873058286211370715e-01 -3.876010621517660404e-01
2.985251122936787294e-01 -3.878077670117435760e-01
3.099209885178879631e-01 -3.875206521338966370e-01
3.214905884428678196e-01 -3.867687956929624082e-01
3.332309994837083789e-01 -3.855835982863585198e-01
3.451392660547150104e-01 -3.839973659199888978e-01
3.572123903134606371e-01 -3.820418735137261490e-01
3.694473329154774888e-01 -3.797469681409426645e-01
3.818410137793947223e-01 -3.771392716416108182e-01
3.943903128623333920e-01 -3.742410403974141819e-01
4.070920709453594855e-01 -3.710692358581468842e-01
4.199430904288018462e-01 -3.676348528637566893e-01
4.329401361372292589e-01 -3.639425439976116117e-01
4.460799361338897429e-01 -3.599905672989955341e-01
4.593591825444023335e-01 -3.557710719063763571e-01
4.727745323894976259e-01 -3.512707219318454421e-01
4.863226084265935834e-01 -3.464716434971064629e-01
5.000000000000001110e-01 -3.413526638848439765e-01
5.138032638995313484e-01 -3.358907957377737508e-01
5.277289252273172915e-01 -3.300629037921876674e-01
5.417734782725895926e-01 -3.238474774321128402e-01
5.559333873942259308e-01 -3.172264200967198633e-01
5.702050879108284676e-01 -3.101867569878248854e-01
5.845849869981135649e-01 -3.027221563272186056e-01
5.990694645933862805e-01 -2.948341573081117994e-01
6.136548743068714895e-01 -2.865330005363651011e-01
6.283375443396724824e-01 -2.778379647726251234e-01
6.431137784081281117e-01 -2.687771276948336951e-01
6.579798566743311206e-01 -2.593864886321891050e-01
6.729320366825783939e-01 -2.497084180889598271e-01
6.879665543015128781e-01 -2.397894325560430140e-01
7.030796246717250231e-01 -2.296773336236840601e-01
7.182674431585703845e-01 -2.194177976173640743e-01
7.335261863099650226e-01 -2.090505555588418607e-01
7.488520128189207758e-01 -1.986053626966316210e-01
7.642410644905727191e-01 -1.880980214528734928e-01
7.796894672134594417e-01 -1.775267905000752489e-01
7.951933319348093443e-01 -1.668695847227302242e-01
8.107487556395898132e-01 -1.560824447605015097e-01
8.263518223330695855e-01 -1.450998292214047969e-01
8.419986040266501659e-01 -1.338373558848064415e-01
8.576851617267149397e-01 -1.221976885337365537e-01
8.734075464262507360e-01 -1.100803315951757039e-01
8.891618000989889303e-01 -9.739615356686900927e-02
9.049439566958173975e-01 -8.408751025233612841e-02
9.207500431432115162e-01 -7.015487807036763224e-02
9.365760803434354242e-01 -5.569093412286207911e-02
9.524180841762578398e-01 -4.092303131970037589e-02
9.682720665019324269e-01 -2.626501179010578071e-02
9.841340361651920166e-01 -1.237927831206716602e-02
9.999999999999998890e-01 -2.500000000000757367e-04
