9.999999999999998890e-01 2.500000000001357473e-04
9.841340361651920166e-01 1.937406477120236920e-02
9.682720665019324269e-01 3.798996325206959596e-02
9.524180841762578398e-01 5.615522556042869262e-02
9.365760803434354242e-01 7.391030362166602086e-02
9.207500431432115162e-01 9.128214594431530160e-02
9.049439566958173975e-01 1.082872806839948049e-01
8.891618000989889303e-01 1.249344374287698622e-01
8.734075464262507360e-01 1.412267411176823806e-01
8.576851617267149397e-01 1.571635136607515415e-01
8.419986040266501659e-01 1.727417202064170931e-01
8.263518223330695855e-01 1.879570976530962612e-01
8.107487556395898132e-01 2.028050029843707636e-01
7.951933319348093443e-01 2.172810183872327938e-01
7.796894672134594417e-01 2.313813489589605366e-01
7.642410644905727191e-01 2.451030471925741416e-01
7.488520128189207758e-01 2.584440964268376328e-01
7.335261863099650226e-01 2.714033831279161757e-01
7.182674431585703845e-01 2.839805853083800513e-01
7.030796246717250231e-01 2.961760016552716368e-01
6.879665543015128781e-01 3.079903430990573177e-01
6.729320366825783939e-01 3.194245056719205444e-01
6.579798566743311206e-01 3.304793406343865536e-01
6.431137784081281117e-01 3.411554350455578977e-01
6.283375443396724824e-01 3.514529132599505390e-01
6.136548743068714895e-01 3.613712672923551361e-01
5.990694645933862805e-01 3.709092216339993087e-01
5.845849869981135649e-01 3.800646359545423181e-01
5.702050879108284676e-01 3.888344472045336953e-01
5.559333873942259308e-01 3.972146509549184801e-01
5.417734782725895926e-01 4.052003203808944853e-01
5.277289252273172915e-01 4.127856601181282836e-01
5.138032638995313484e-01 4.199640912859738950e-01
5.000000000000001110e-01 4.267283632761807444e-01
4.863226084265935834e-01 4.330706874337898471e-01
4.727745323894976259e-01 4.389828874931476221e-01
4.593591825444023335e-01 4.444565615571006711e-01
4.460799361338897429e-01 4.494832505000698752e-01
4.329401361372292589e-01 4.540546079130423074e-01
4.199430904288018462e-01 4.581625670667359151e-01
4.070920709453594855e-01 4.617995008242743449e-01
3.943903128623333920e-01 4.649583709628121730e-01
3.818410137793947223e-01 4.676328639416849620e-01
3.694473329154774888e-01 4.698175107609718348e-01
3.572123903134606371e-01 4.715077891687035616e-01
3.451392660547150104e-01 4.727002070790127797e-01
3.332309994837083789e-01 4.733923666412847564e-01
3.214905884428678196e-01 4.735830089380861918e-01
3.099209885178879631e-01 4.732720397761405740e-01
2.985251122936787294e-01 4.724605374611876019e-01
2.873058286211370715e-01 4.711507438080740351e-01
2.762659618949298013e-01 4.693460399281254580e-01
2.654082913424666845e-01 4.670509085553973261e-01
2.547355503242452190e-01 4.642708848224968987e-01
2.442504256457417311e-01 4.610124974780233087e-01
2.339555568810219865e-01 4.572832025556388125e-01
2.238535357082431787e-01 4.530913114651458629e-01
2.139469052572124941e-01 4.484459153856387159e-01
2.042381594691679014e-01 4.433568077075708547e-01
1.947297424689413692e-01 4.378344061027719669e-01
1.854240479496642724e-01 4.318896756076456844e-01
1.763234185701672008e-01 4.255340538935758476e-01
1.674301453652287108e-01 4.187793796783277345e-01
1.587464671688187945e-01 4.116378250108167491e-01
1.502745700504856119e-01 4.041218319462589470e-01
1.420165867650229341e-01 3.962440539257874317e-01
1.339745962155614034e-01 3.880173019895618580e-01
1.261506229302150617e-01 3.794544957895855664e-01
1.185466365524179277e-01 3.705686192311587468e-01
1.111645513450765232e-01 3.613726804622945377e-01
1.040062257086641351e-01 3.518796758495431609e-01
9.707346171337882801e-02 3.421025575265119745e-01
9.036800464548166989e-02 3.320542040768958980e-01
8.389154256793041053e-02 3.217473939151765383e-01
7.764570589541863743e-02 3.111947809526310338e-01
7.163206698392743377e-02 3.004088721806025264e-01
6.585213973489323358e-02 2.894020068633788023e-01
6.030737921409157209e-02 2.781863371053424627e-01
5.499918128533154427e-02 2.667738096370529943e-01
4.992888225905456334e-02 2.551761487482903656e-01
4.509775855592612626e-02 2.434048403786520376e-01
4.050702638550263135e-02 2.314711174541459748e-01
3.615784144005795842e-02 2.193859466278886838e-01
3.205129860364375194e-02 2.071600166414048205e-01
2.818843167645834757e-02 1.948037285677635122e-01
2.457021311459295365e-02 1.823271882270044719e-01
2.119755378522125699e-02 1.697402010769098468e-01
1.807130273729329328e-02 1.570522698776859460e-01
1.519224698779197968e-02 1.442725954078000195e-01
1.256111132360571148e-02 1.314100804709294745e-01
1.017855811906731578e-02 1.184733373822288299e-01
8.045187169204659483e-03 1.054706990579092202e-01
6.161535538745877005e-03 9.241023375794024663e-02
4.528077426915411152e-03 7.929976345029360330e-02
3.145224048057615462e-03 6.614688567968336763e-02
2.013323528115562588e-03 5.295899873728590612e-02
1.132660816992037134e-03 3.974332984375193722e-02
5.034576168149174080e-04 2.650696597896890633e-02
1.258723261249317105e-04 1.325688692139949561e-02
0.000000000000000000e+00 0.000000000000000000e+00
1.258723261249317105e-04 -1.260827424244365461e-02
5.034576168149174080e-04 -2.518519365521351694e-02
1.132660816992037134e-03 -3.769971297814889155e-02
2.013323528115562588e-03 -5.012152305696225552e-02
3.145224048057615462e-03 -6.242139684921768628e-02
4.528077426915411152e-03 -7.457150965334331805e-02
6.161535538745877005e-03 -8.654572609543689787e-02
8.045187169204659483e-03 -9.831984733338242077e-02
1.017855811906731578e-02 -1.098718130433746637e-01
1.256111132360571148e-02 -1.211818540088691054e-01
1.519224698779197968e-02 -1.322325925004400327e-01
1.807130273729329328e-02 -1.430090890778423773e-01
2.119755378522125699e-02 -1.534988359214849163e-01
2.457021311459295365e-02 -1.636916982670106324e-01
2.818843167645834757e-02 -1.735798069315374059e-01
3.205129860364375194e-02 -1.831574062423450833e-01
3.615784144005795842e-02 -1.924206628699796917e-01
4.050702638550263135e-02 -2.013674420930484654e-01
4.509775855592612626e-02 -2.099970588512177494e-01
4.992888225905456334e-02 -2.183100115514447492e-01
5.499918128533154427e-02 -2.263077069619212900e-01
6.030737921409157209e-02 -2.339921846471173517e-01
6.585213973489323358e-02 -2.413658492614929041e-01
7.163206698392743377e-02 -2.484312186321892268e-01
7.764570589541863743e-02 -2.551906949331216867e-01
8.389154256793041053e-02 -2.616463654023922225e-01
9.036800464548166989e-02 -2.677998380067249662e-01
9.707346171337882801e-02 -2.736521162418013020e-01
1.040062257086641351e-01 -2.792035159124359733e-01
1.111645513450765232e-01 -2.844536253023991490e-01
1.185466365524179277e-01 -2.894013086646003985e-01
1.261506229302150617e-01 -2.940447514845410115e-01
1.339745962155614034e-01 -2.983815445404163214e-01
1.420165867650229341e-01 -3.024088024483261306e-01
1.502745700504856119e-01 -3.061233111849763211e-01
1.587464671688187945e-01 -3.095216980638710313e-01
1.674301453652287108e-01 -3.126006168403579477e-01
1.763234185701672008e-01 -3.153569400661144218e-01
1.854240479496642724e-01 -3.177879505278210504e-01
1.947297424689413692e-01 -3.198915236029606923e-01
2.042381594691679014e-01 -3.216662926543787937e-01
2.139469052572124941e-01 -3.231117901617168719e-01
2.238535357082431787e-01 -3.242285581400405903e-01
2.339555568810219865e-01 -3.250182225024663696e-01
2.442504256457417311e-01 -3.254835273538705387e-01
2.547355503242452190e-01 -3.256283267178588514e-01
2.654082913424666845e-01 -3.254575328524811351e-01
2.762659618949298013e-01 -3.249770220485483918e-01
2.873058286211370715e-01 -3.241935005695197880e-01
2.985251122936787294e-01 -3.231143351218336290e-01
3.099209885178879631e-01 -3.217473538754211937e-01
3.214905884428678196e-01 -3.201006255221612307e-01
3.332309994837083789e-01 -3.181822251034007176e-01
3.451392660547150104e-01 -3.159999962986503874e-01
3.572123903134606371e-01 -3.135613204945316701e-01
3.694473329154774888e-01 -3.108729032025148720e-01
3.818410137793947223e-01 -3.079405882324694477e-01
3.943903128623333920e-01 -3.047692094348414260e-01
4.070920709453594855e-01 -3.013624887889878590e-01
4.199430904288018462e-01 -2.977229881449677262e-01
4.329401361372292589e-01 -2.938521200426388313e-01
4.460799361338897429e-01 -2.897502207729980572e-01
4.593591825444023335e-01 -2.854166862665086235e-01
4.727745323894976259e-01 -2.808501685619228527e-01
4.863226084265935834e-01 -2.760488276126041862e-01
5.000000000000001110e-01 -2.710106301256952066e-01
5.138032638995313484e-01 -2.657336841156692220e-01
5.277289252273172915e-01 -2.602165950116521742e-01
5.417734782725895926e-01 -2.544588266196943227e-01
5.559333873942259308e-01 -2.484610481447929176e-01
5.702050879108284676e-01 -2.422254469633123297e-01
5.845849869981135649e-01 -2.357559860438925292e-01
5.990694645933862805e-01 -2.290585849787064310e-01
6.136548743068714895e-01 -2.221412046331570911e-01
6.283375443396724824e-01 -2.150138175644289718e-01
6.431137784081281117e-01 -2.076882496948272705e-01
6.579798566743311206e-01 -2.001778833312459205e-01
6.729320366825783939e-01 -1.924972175499173599e-01
6.879665543015128781e-01 -1.846612892406738482e-01
7.030796246717250231e-01 -1.766849667213588326e-01
7.182674431585703845e-01 -1.685821377513381514e-01
7.335261863099650226e-01 -1.603648249181524321e-01
7.488520128189207758e-01 -1.520422736308701672e-01
7.642410644905727191e-01 -1.436200711771428717e-01
7.796894672134594417e-01 -1.350993692994864326e-01
7.951933319348093443e-01 -1.264762972934365681e-01
8.107487556395898132e-01 -1.177416674631869831e-01
8.263518223330695855e-01 -1.088810895924581384e-01
8.419986040266501659e-01 -9.987562557218650217e-02
8.576851617267149397e-01 -9.070312911793677879e-02
8.734075464262507360e-01 -8.134042823250797749e-02
8.891618000989889303e-01 -7.176651933046544751e-02
9.049439566958173975e-01 -6.196695133865533223e-02
9.207500431432115162e-01 -5.193958521444263371e-02
9.365760803434354242e-01 -4.170191878014587600e-02
9.524180841762578398e-01 -3.130016816898932575e-02
9.682720665019324269e-01 -2.082029514650435981e-02
9.841340361651920166e-01 -1.040116377242478532e-02
9.999999999999998890e-01 -2.500000000000694484e-04
