9.999999999999998890e-01 2.500000000000303087e-04
9.841340361651920166e-01 4.060604536353471829e-03
9.682720665019324269e-01 6.974054483673727302e-03
9.524180841762578398e-01 9.189199785209383950e-03
9.365760803434354242e-01 1.086868463270555286e-02
9.207500431432115162e-01 1.214401568838383363e-02
9.049439566958173975e-01 1.312015380344479926e-02
8.891618000989889303e-01 1.387964213006462853e-02
8.734075464262507360e-01 1.448628781170844051e-02
8.576851617267149397e-01 1.498841802182216028e-02
8.419986040266501659e-01 1.542173402099176333e-02
8.263518223330695855e-01 1.581178914355122617e-02
8.107487556395898132e-01 1.617611824005916327e-02
7.951933319348093443e-01 1.652604713221702062e-02
7.796894672134594417e-01 1.686821112717622542e-02
7.642410644905727191e-01 1.720581163847458017e-02
7.488520128189207758e-01 1.753963952380448166e-02
7.335261863099650226e-01 1.786889293014586738e-02
7.182674431585703845e-01 1.819181629008885873e-02
7.030796246717250231e-01 1.850618569491912016e-02
6.879665543015128781e-01 1.880966423472001450e-02
6.729320366825783939e-01 1.910004909599568104e-02
6.579798566743311206e-01 1.937543029318885418e-02
6.431137784081281117e-01 1.963427892879861941e-02
6.283375443396724824e-01 1.987548087069626601e-02
6.136548743068714895e-01 2.009832974363046088e-02
5.990694645933862805e-01 2.030249118927643023e-02
5.845849869981135649e-01 2.048794848530714058e-02
5.702050879108284676e-01 2.065493785385801029e-02
5.559333873942259308e-01 2.080388015364233872e-02
5.417734782725895926e-01 2.093531415336912990e-02
5.277289252273172915e-01 2.104983523799568504e-02
5.138032638995313484e-01 2.114804221038865326e-02
5.000000000000001110e-01 2.123049382184269765e-02
4.863226084265935834e-01 2.129767579463947430e-02
4.727745323894976259e-01 2.134997838419147240e-02
4.593591825444023335e-01 2.138768396024665411e-02
4.460799361338897429e-01 2.141096365668767459e-02
4.329401361372292589e-01 2.141988183627151904e-02
4.199430904288018462e-01 2.141440692737432358e-02
4.070920709453594855e-01 2.139442710055263625e-02
3.943903128623333920e-01 2.135976924902220284e-02
3.818410137793947223e-01 2.131021980429811946e-02
3.694473329154774888e-01 2.124554604170834568e-02
3.572123903134606371e-01 2.116551669624847781e-02
3.451392660547150104e-01 2.106992090403390222e-02
3.332309994837083789e-01 2.095858469618964992e-02
3.214905884428678196e-01 2.083138448938396531e-02
3.099209885178879631e-01 2.068825723070745123e-02
2.985251122936787294e-01 2.052920705604564452e-02
2.873058286211370715e-01 2.035430850382957332e-02
2.762659618949298013e-01 2.016370648495396586e-02
2.654082913424666845e-01 1.995761334111057980e-02
2.547355503242452190e-01 1.973630342562062920e-02
2.442504256457417311e-01 1.950010571223882369e-02
2.339555568810219865e-01 1.924939497873564068e-02
2.238535357082431787e-01 1.898458212481614685e-02
2.139469052572124941e-01 1.870610417048870419e-02
2.042381594691679014e-01 1.841441444448322848e-02
1.947297424689413692e-01 1.810997341642759523e-02
1.854240479496642724e-01 1.779324055529907939e-02
1.763234185701672008e-01 1.746466751445933246e-02
1.674301453652287108e-01 1.712469285468775151e-02
1.587464671688187945e-01 1.677373842526688058e-02
1.502745700504856119e-01 1.641220743331867418e-02
1.420165867650229341e-01 1.604048414684734053e-02
1.339745962155614034e-01 1.565893510045633652e-02
1.261506229302150617e-01 1.526791160707532437e-02
1.185466365524179277e-01 1.486775332626597002e-02
1.111645513450765232e-01 1.445879260115858281e-02
1.040062257086641351e-01 1.404135925255674613e-02
9.707346171337882801e-02 1.361578551036829454e-02
9.036800464548166989e-02 1.318241076882488601e-02
8.389154256793041053e-02 1.274158587195048202e-02
7.764570589541863743e-02 1.229367666796913304e-02
7.163206698392743377e-02 1.183906661394967981e-02
6.585213973489323358e-02 1.137815826280390991e-02
6.030737921409157209e-02 1.091137352140400529e-02
5.499918128533154427e-02 1.043915262856128130e-02
4.992888225905456334e-02 9.961951862380146600e-03
4.509775855592612626e-02 9.480240045601943250e-03
4.050702638550263135e-02 8.994493972664659859e-03
3.615784144005795842e-02 8.505192931236723111e-03
3.205129860364375194e-02 8.012812532135817414e-03
2.818843167645834757e-02 7.517818093368908855e-03
2.457021311459295365e-02 7.020657845462782709e-03
2.119755378522125699e-02 6.521756235649529485e-03
1.807130273729329328e-02 6.021507607606404154e-03
1.519224698779197968e-02 5.520270521527596147e-03
1.256111132360571148e-02 5.018362956934752962e-03
1.017855811906731578e-02 4.516058608798552247e-03
8.045187169204659483e-03 4.013584447562392257e-03
6.161535538745877005e-03 3.511119667130354911e-03
4.528077426915411152e-03 3.008796093620294890e-03
3.145224048057615462e-03 2.506700073660703566e-03
2.013323528115562588e-03 2.004875806270694453e-03
1.132660816992037134e-03 1.503330028964778914e-03
5.034576168149174080e-04 1.002037918653517082e-03
1.258723261249317105e-04 5.009500230206380281e-04
0.000000000000000000e+00 0.000000000000000000e+00
1.258723261249317105e-04 -4.690540945409670676e-04
5.034576168149174080e-04 -9.366603524065676527e-04
1.132660816992037134e-03 -1.401329163769756856e-03
2.013323528115562588e-03 -1.861612665177499355e-03
3.145224048057615462e-03 -2.316124151071632768e-03
4.528077426915411152e-03 -2.763555774803352124e-03
6.161535538745877005e-03 -3.202694055455601336e-03
8.045187169204659483e-03 -3.632432777279971398e-03
1.017855811906731578e-02 -4.051782952255669583e-03
1.256111132360571148e-02 -4.459879610451234627e-03
1.519224698779197968e-02 -4.855985284428276233e-03
1.807130273729329328e-02 -5.239490159528709980e-03
2.119755378522125699e-02 -5.609908968050805571e-03
2.457021311459295365e-02 -5.966874808521950395e-03
2.818843167645834757e-02 -6.310130168079970681e-03
3.205129860364375194e-02 -6.639515513132082311e-03
3.615784144005795842e-02 -6.954955888023607417e-03
4.050702638550263135e-02 -7.256446020870068424e-03
4.509775855592612626e-02 -7.544034477924922537e-03
4.992888225905456334e-02 -7.817807431371240345e-03
5.499918128533154427e-02 -8.077872609357647504e-03
6.030737921409157209e-02 -8.324343981220054534e-03
6.585213973489323358e-02 -8.557327695590291952e-03
7.163206698392743377e-02 -8.776909735607399052e-03
7.764570589541863743e-02 -8.983145685481506298e-03
8.389154256793041053e-02 -9.176052918574663028e-03
9.036800464548166989e-02 -9.355605421850281614e-03
9.707346171337882801e-02 -9.521731368341250154e-03
1.040062257086641351e-01 -9.674313441875114980e-03
1.111645513450765232e-01 -9.813191810578091381e-03
1.185466365524179277e-01 -9.938169541658570597e-03
1.261506229302150617e-01 -1.004902015360838695e-02
1.339745962155614034e-01 -1.014549691704039885e-02
1.420165867650229341e-01 -1.022734344537372039e-02
1.502745700504856119e-01 -1.029430506450376356e-02
1.587464671688187945e-01 -1.034614041890253959e-02
1.674301453652287108e-01 -1.038263276205241524e-02
1.763234185701672008e-01 -1.040360039271984172e-02
1.854240479496642724e-01 -1.040890573547456968e-02
1.947297424689413692e-01 -1.039846262331886248e-02
2.042381594691679014e-01 -1.037224142066547200e-02
2.139469052572124941e-01 -1.033027172365452197e-02
2.238535357082431787e-01 -1.027264248853603304e-02
2.339555568810219865e-01 -1.019949956339595565e-02
2.442504256457417311e-01 -1.011104072902396442e-02
2.547355503242452190e-01 -1.000750848582512322e-02
2.654082913424666845e-01 -9.889180949601032375e-03
2.762659618949298013e-01 -9.756361333812921602e-03
2.873058286211370715e-01 -9.609366593648702506e-03
2.985251122936787294e-01 -9.448515882145666622e-03
3.099209885178879631e-01 -9.274119515540144368e-03
3.214905884428678196e-01 -9.086469159405374113e-03
3.332309994837083789e-01 -8.885829925427668127e-03
3.451392660547150104e-01 -8.672435008462167638e-03
3.572123903134606371e-01 -8.446483393796092379e-03
3.694473329154774888e-01 -8.208141025898469528e-03
3.818410137793947223e-01 -7.957545654660759527e-03
3.943903128623333920e-01 -7.694815367400651383e-03
4.070920709453594855e-01 -7.420060580825138877e-03
4.199430904288018462e-01 -7.133399014815060973e-03
4.329401361372292589e-01 -6.834972909344714902e-03
4.460799361338897429e-01 -6.524967489006224843e-03
4.593591825444023335e-01 -6.203629440132287821e-03
4.727745323894976259e-01 -5.871283958608928925e-03
4.863226084265935834e-01 -5.528348768637774725e-03
5.000000000000001110e-01 -5.175343421409716801e-03
5.138032638995313484e-01 -4.812892175952761947e-03
5.277289252273172915e-01 -4.441718860550902988e-03
5.417734782725895926e-01 -4.062632330035711482e-03
5.559333873942259308e-01 -3.676501489054879480e-03
5.702050879108284676e-01 -3.284219359901615135e-03
5.845849869981135649e-01 -2.886656349515322965e-03
5.990694645933862805e-01 -2.484603725229354593e-03
6.136548743068714895e-01 -2.078709351094142673e-03
6.283375443396724824e-01 -1.669408970898601362e-03
6.431137784081281117e-01 -1.256857750990162965e-03
6.579798566743311206e-01 -8.408684117041974673e-04
6.729320366825783939e-01 -4.208640716938103540e-04
6.879665543015128781e-01 4.144109623346729256e-06
7.030796246717250231e-01 4.355422998708925741e-04
7.182674431585703845e-01 8.750479539990007813e-04
7.335261863099650226e-01 1.324575635037539409e-03
7.488520128189207758e-01 1.786015598426898918e-03
7.642410644905727191e-01 2.260903670628575980e-03
7.796894672134594417e-01 2.749958621247688972e-03
7.951933319348093443e-01 3.252460990758795738e-03
8.107487556395898132e-01 3.765445250868071185e-03
8.263518223330695855e-01 4.282675302986706581e-03
8.419986040266501659e-01 4.793371726492009176e-03
8.576851617267149397e-01 5.280657938566061908e-03
8.734075464262507360e-01 5.719691588417369355e-03
8.891618000989889303e-01 6.075447147272642311e-03
9.049439566958173975e-01 6.300115836770267888e-03
9.207500431432115162e-01 6.330089824505500014e-03
9.365760803434354242e-01 6.082499064431655215e-03
9.524180841762578398e-01 5.451271323931271284e-03
9.682720665019324269e-01 4.302688863912679067e-03
9.841340361651920166e-01 2.470418960113750922e-03
9.999999999999998890e-01 -2.499999999999772912e-04
