9.999999999999998890e-01 2.500000000000627263e-04
9.841340361651920166e-01 9.040403526023199632e-03
9.682720665019324269e-01 1.751747398354724233e-02
9.524180841762578398e-01 2.572028150066114904e-02
9.365760803434354242e-01 3.367532319385332928e-02
9.207500431432115162e-01 4.139939731408979334e-02
9.049439566958173975e-01 4.890203648518577639e-02
8.891618000989889303e-01 5.618753547791275477e-02
8.734075464262507360e-01 6.325661058250943436e-02
8.576851617267149397e-01 7.010772846500755440e-02
8.419986040266501659e-01 7.673814248369262292e-02
8.263518223330695855e-01 8.314467387274414312e-02
8.107487556395898132e-01 8.932427404751619449e-02
7.951933319348093443e-01 9.527440263045132418e-02
7.796894672134594417e-01 1.009932537205233127e-01
7.642410644905727191e-01 1.064798605149017835e-01
7.488520128189207758e-01 1.117341057204704197e-01
7.335261863099650226e-01 1.167566623435500883e-01
7.182674431585703845e-01 1.215488864934124030e-01
7.030796246717250231e-01 1.261126808487129936e-01
6.879665543015128781e-01 1.304503444796962230e-01
6.729320366825783939e-01 1.345644218501838019e-01
6.579798566743311206e-01 1.384575610919576150e-01
6.431137784081281117e-01 1.421323890925960121e-01
6.283375443396724824e-01 1.455914086006586949e-01
6.136548743068714895e-01 1.488369204559907566e-01
5.990694645933862805e-01 1.518709722166782516e-01
5.845849869981135649e-01 1.546953328891296497e-01
5.702050879108284676e-01 1.573114921780227882e-01
5.559333873942259308e-01 1.597206816559165743e-01
5.417734782725895926e-01 1.619239144996276192e-01
5.277289252273172915e-01 1.639220399380713622e-01
5.138032638995313484e-01 1.657158082856531323e-01
5.000000000000001110e-01 1.673059423741363461e-01
4.863226084265935834e-01 1.686932113189041627e-01
4.727745323894976259e-01 1.698785028352490512e-01
4.593591825444023335e-01 1.708628907279961806e-01
4.460799361338897429e-01 1.716476946841402063e-01
4.329401361372292589e-01 1.722345300742001428e-01
4.199430904288018462e-01 1.726253460855749211e-01
4.070920709453594855e-01 1.728224511437569944e-01
3.943903128623333920e-01 1.728285252003934902e-01
3.818410137793947223e-01 1.726466190589913963e-01
3.694473329154774888e-01 1.722801414506109352e-01
3.572123903134606371e-01 1.717328350474454091e-01
3.451392660547150104e-01 1.710087429994139596e-01
3.332309994837083789e-01 1.701121678889358779e-01
3.214905884428678196e-01 1.690476252165114823e-01
3.099209885178879631e-01 1.678197936525936684e-01
2.985251122936787294e-01 1.664334643206715481e-01
2.873058286211370715e-01 1.648934913166378857e-01
2.762659618949298013e-01 1.632047455271654068e-01
2.654082913424666845e-01 1.613720735940397666e-01
2.547355503242452190e-01 1.594002635931565659e-01
2.442504256457417311e-01 1.572940186686221375e-01
2.339555568810219865e-01 1.550579394975438730e-01
2.238535357082431787e-01 1.526965160736901972e-01
2.139469052572124941e-01 1.502141289023988802e-01
2.042381594691679014e-01 1.476150593087775242e-01
1.947297424689413692e-01 1.449035081895535537e-01
1.854240479496642724e-01 1.420836221980222025e-01
1.763234185701672008e-01 1.391595260521657218e-01
1.674301453652287108e-01 1.361353594073163864e-01
1.587464671688187945e-01 1.330153165439832974e-01
1.502745700504856119e-01 1.298036869939587779e-01
1.420165867650229341e-01 1.265048951667520627e-01
1.339745962155614034e-01 1.231235370448523492e-01
1.261506229302150617e-01 1.196644120892739055e-01
1.185466365524179277e-01 1.161325486332558804e-01
1.111645513450765232e-01 1.125332212369780233e-01
1.040062257086641351e-01 1.088719587231121444e-01
9.707346171337882801e-02 1.051545419039112139e-01
9.036800464548166989e-02 1.013869903360758440e-01
8.389154256793041053e-02 9.757553778967185953e-02
7.764570589541863743e-02 9.372659648111188180e-02
7.163206698392743377e-02 8.984671048659866044e-02
6.585213973489323358e-02 8.594249911040616197e-02
6.030737921409157209e-02 8.202059132124457641e-02
5.499918128533154427e-02 7.808755267964502533e-02
4.992888225905456334e-02 7.414980645064901676e-02
4.509775855592612626e-02 7.021355082108751700e-02
4.050702638550263135e-02 6.628467431273991906e-02
3.615784144005795842e-02 6.236867159658063264e-02
3.205129860364375194e-02 5.847056196568770764e-02
2.818843167645834757e-02 5.459481271352285142e-02
2.457021311459295365e-02 5.074526959025894846e-02
2.119755378522125699e-02 4.692509637447397214e-02
1.807130273729329328e-02 4.313672540437994696e-02
1.519224698779197968e-02 3.938182066694437961e-02
1.256111132360571148e-02 3.566125475135500239e-02
1.017855811906731578e-02 3.197510064310459671e-02
8.045187169204659483e-03 2.832263897539413419e-02
6.161535538745877005e-03 2.470238097523132226e-02
4.528077426915411152e-03 2.111210695271357324e-02
3.145224048057615462e-03 1.754891979399267332e-02
2.013323528115562588e-03 1.400931254170161185e-02
1.132660816992037134e-03 1.048924879131760482e-02
5.034576168149174080e-04 6.984254307542635092e-03
1.258723261249317105e-04 3.489517979999624993e-03
0.000000000000000000e+00 0.000000000000000000e+00
1.258723261249317105e-04 -2.976819528344511277e-03
5.034576168149174080e-04 -5.938974427578244154e-03
1.132660816992037134e-03 -8.871936705554658506e-03
2.013323528115562588e-03 -1.176157295881605745e-02
3.145224048057615462e-03 -1.459433036290905608e-02
4.528077426915411152e-03 -1.735740942553607585e-02
6.161535538745877005e-03 -2.003891964223691868e-02
8.045187169204659483e-03 -2.262801464807106394e-02
1.017855811906731578e-02 -2.511500400229101787e-02
1.256111132360571148e-02 -2.749143936140734795e-02
1.519224698779197968e-02 -2.975017347242511420e-02
1.807130273729329328e-02 -3.188539113383433155e-02
2.119755378522125699e-02 -3.389261200754060954e-02
2.457021311459295365e-02 -3.576866590008509483e-02
2.818843167645834757e-02 -3.751164184599146967e-02
3.205129860364375194e-02 -3.912081300016287400e-02
3.615784144005795842e-02 -4.059653996128303327e-02
4.050702638550263135e-02 -4.194015568708743535e-02
4.509775855592612626e-02 -4.315383561016050695e-02
4.992888225905456334e-02 -4.424045690707192197e-02
5.499918128533154427e-02 -4.520345110453573290e-02
6.030737921409157209e-02 -4.604665431734027148e-02
6.585213973489323358e-02 -4.677415940089166974e-02
7.163206698392743377e-02 -4.739017416663018206e-02
7.764570589541863743e-02 -4.789888955510495511e-02
8.389154256793041053e-02 -4.830436129632337955e-02
9.036800464548166989e-02 -4.861040812057960958e-02
9.707346171337882801e-02 -4.882052902875216871e-02
1.040062257086641351e-01 -4.893784150513449255e-02
1.111645513450765232e-01 -4.896504187654168727e-02
1.185466365524179277e-01 -4.890438830877887055e-02
1.261506229302150617e-01 -4.875770620680239947e-02
1.339745962155614034e-01 -4.852641506990085923e-02
1.420165867650229341e-01 -4.821157516979672486e-02
1.502745700504856119e-01 -4.781395178889326358e-02
1.587464671688187945e-01 -4.733409419787446698e-02
1.674301453652287108e-01 -4.677242608452612110e-02
1.763234185701672008e-01 -4.612934378456576973e-02
1.854240479496642724e-01 -4.540531842306562427e-02
1.947297424689413692e-01 -4.460099796094754709e-02
2.042381594691679014e-01 -4.371730516048476928e-02
2.139469052572124941e-01 -4.275552763820002211e-02
2.238535357082431787e-01 -4.171739646026706438e-02
2.339555568810219865e-01 -4.060515014754192964e-02
2.442504256457417311e-01 -3.942158148356113972e-02
2.547355503242452190e-01 -3.817006514419228613e-02
2.654082913424666845e-01 -3.685456487340747073e-02
2.762659618949298013e-01 -3.547961969397797621e-02
2.873058286211370715e-01 -3.405030944019420830e-02
2.985251122936787294e-01 -3.257220070541648471e-02
3.099209885178879631e-01 -3.105127508247644899e-02
3.214905884428678196e-01 -2.949384231129566561e-02
3.332309994837083789e-01 -2.790644160753976213e-02
3.451392660547150104e-01 -2.629573500188580118e-02
3.572123903134606371e-01 -2.466839694688310880e-02
3.694473329154774888e-01 -2.303100472578160918e-02
3.818410137793947223e-01 -2.138993430729448433e-02
3.943903128623333920e-01 -1.975126621891701295e-02
4.070920709453594855e-01 -1.812070575136526251e-02
4.199430904288018462e-01 -1.650352135611446794e-02
4.329401361372292589e-01 -1.490450446155026573e-02
4.460799361338897429e-01 -1.332795312230882455e-02
4.593591825444023335e-01 -1.177768094936072589e-02
4.727745323894976259e-01 -1.025705167061962374e-02
4.863226084265935834e-01 -8.769038475452274606e-03
5.000000000000001110e-01 -7.316306039949291989e-03
5.138032638995313484e-01 -5.901311857555727181e-03
5.277289252273172915e-01 -4.526422261102401416e-03
5.417734782725895926e-01 -3.194037371031679604e-03
5.559333873942259308e-01 -1.906718197309458006e-03
5.702050879108284676e-01 -6.673083175787127052e-04
5.845849869981135649e-01 5.209579896794385052e-04
5.990694645933862805e-01 1.654369503212224863e-03
6.136548743068714895e-01 2.728681905843741325e-03
6.283375443396724824e-01 3.739099344803840062e-03
6.431137784081281117e-01 4.680300288783735725e-03
6.579798566743311206e-01 5.546512718226600559e-03
6.729320366825783939e-01 6.331641605983275543e-03
6.879665543015128781e-01 7.029449016930275004e-03
7.030796246717250231e-01 7.633783973172148657e-03
7.182674431585703845e-01 8.138855505170475291e-03
7.335261863099650226e-01 8.539538062132197987e-03
7.488520128189207758e-01 8.831693726017181972e-03
7.642410644905727191e-01 9.012490517039227142e-03
7.796894672134594417e-01 9.080690564865705194e-03
7.951933319348093443e-01 9.036876134939236110e-03
8.107487556395898132e-01 8.883575544800001444e-03
8.263518223330695855e-01 8.625244996785337223e-03
8.419986040266501659e-01 8.268056420112131905e-03
8.576851617267149397e-01 7.819435697948053099e-03
8.734075464262507360e-01 7.287290304371668581e-03
8.891618000989889303e-01 6.678860550505049537e-03
9.049439566958173975e-01 5.999124502138890140e-03
9.207500431432115162e-01 5.248683348801729334e-03
9.365760803434354242e-01 4.421051741746717494e-03
9.524180841762578398e-01 3.499276537168032226e-03
9.682720665019324269e-01 2.451807635299204161e-03
9.841340361651920166e-01 1.227546339371052026e-03
9.999999999999998890e-01 -2.499999999999885127e-04
