9.999999999999998890e-01 2.500000000001474567e-04
9.841340361651920166e-01 2.062576725477028791e-02
9.682720665019324269e-01 3.990637651614541148e-02
9.524180841762578398e-01 5.844871826133725412e-02
9.365760803434354242e-01 7.649511531366529060e-02
9.207500431432115162e-01 9.419919222060793573e-02
9.049439566958173975e-01 1.116478132639518728e-01
8.891618000989889303e-01 1.288793979274034662e-01
8.734075464262507360e-01 1.458989381706988775e-01
8.576851617267149397e-01 1.626900503187200253e-01
8.419986040266501659e-01 1.792243963183607902e-01
8.263518223330695855e-01 1.954688051576586316e-01
8.107487556395898132e-01 2.113904160424191492e-01
7.951933319348093443e-01 2.269601511804207605e-01
7.796894672134594417e-01 2.421548084466023099e-01
7.642410644905727191e-01 2.569580435139063312e-01
7.488520128189207758e-01 2.713604879450774443e-01
7.335261863099650226e-01 2.853592249419320548e-01
7.182674431585703845e-01 2.989568186003479511e-01
7.030796246717250231e-01 3.121600662404633297e-01
6.879665543015128781e-01 3.249786172419649732e-01
6.729320366825783939e-01 3.374235763273890631e-01
6.579798566743311206e-01 3.495061848540327309e-01
6.431137784081281117e-01 3.612366507840280572e-01
6.283375443396724824e-01 3.726231769213866896e-01
6.136548743068714895e-01 3.836712179848781323e-01
5.990694645933862805e-01 3.943829803090760922e-01
5.845849869981135649e-01 4.047571635492392961e-01
5.702050879108284676e-01 4.147889317623445482e-01
5.559333873942259308e-01 4.244700916409790969e-01
5.417734782725895926e-01 4.337894484294396169e-01
5.277289252273172915e-01 4.427333050445394491e-01
5.138032638995313484e-01 4.512860670077405434e-01
5.000000000000001110e-01 4.594309147856945885e-01
4.863226084265935834e-01 4.671505058205047689e-01
4.727745323894976259e-01 4.744276706755864992e-01
4.593591825444023335e-01 4.812460710808079689e-01
4.460799361338897429e-01 4.875907919777120458e-01
4.329401361372292589e-01 4.934488446879924939e-01
4.199430904288018462e-01 4.988095638078426375e-01
4.070920709453594855e-01 5.036648861307096992e-01
3.943903128623333920e-01 5.080095056011506571e-01
3.818410137793947223e-01 5.118409038034004155e-01
3.694473329154774888e-01 5.151592606144640429e-01
3.572123903134606371e-01 5.179672542543614089e-01
3.451392660547150104e-01 5.202697639254170170e-01
3.332309994837083789e-01 5.220734914576675711e-01
3.214905884428678196e-01 5.233865208077538300e-01
3.099209885178879631e-01 5.242178358626201629e-01
2.985251122936787294e-01 5.245768177734797533e-01
2.873058286211370715e-01 5.244727430126489010e-01
2.762659618949298013e-01 5.239143025525403452e-01
2.654082913424666845e-01 5.229091610799105894e-01
2.547355503242452190e-01 5.214635730645824641e-01
2.442504256457417311e-01 5.195820698998053766e-01
2.339555568810219865e-01 5.172672293311043612e-01
2.238535357082431787e-01 5.145195351086544466e-01
2.139469052572124941e-01 5.113373313546680787e-01
2.042381594691679014e-01 5.077168726511365193e-01
1.947297424689413692e-01 5.036524674396624102e-01
1.854240479496642724e-01 4.991367090920298955e-01
1.763234185701672008e-01 4.941607860555228271e-01
1.674301453652287108e-01 4.887148598864035076e-01
1.587464671688187945e-01 4.827884978296193563e-01
1.502745700504856119e-01 4.763711449380566010e-01
1.420165867650229341e-01 4.694526195890026399e-01
1.339745962155614034e-01 4.620236156701023056e-01
1.261506229302150617e-01 4.540761946757810863e-01
1.185466365524179277e-01 4.456042514648315134e-01
1.111645513450765232e-01 4.366039384516278155e-01
1.040062257086641351e-01 4.270740344936477806e-01
9.707346171337882801e-02 4.170162466401670653e-01
9.036800464548166989e-02 4.064354351537047827e-01
8.389154256793041053e-02 3.953397547309987492e-01
7.764570589541863743e-02 3.837407075516302557e-01
7.163206698392743377e-02 3.716531065838380443e-01
6.585213973489323358e-02 3.590949503913731800e-01
6.030737921409157209e-02 3.460872134265465250e-01
5.499918128533154427e-02 3.326535583808886698e-01
4.992888225905456334e-02 3.188199795200650222e-01
4.509775855592612626e-02 3.046143879860033765e-01
4.050702638550263135e-02 2.900661517486105012e-01
3.615784144005795842e-02 2.752056041854649693e-01
3.205129860364375194e-02 2.600635361263330392e-01
2.818843167645834757e-02 2.446706865996099989e-01
2.457021311459295365e-02 2.290572474526766655e-01
2.119755378522125699e-02 2.132523964943753847e-01
1.807130273729329328e-02 1.972838728452215307e-01
1.519224698779197968e-02 1.811776068121499217e-01
1.256111132360571148e-02 1.649574148735332701e-01
1.017855811906731578e-02 1.486447683210882220e-01
8.045187169204659483e-03 1.322586418207279957e-01
6.161535538745877005e-03 1.158154456937437321e-01
4.528077426915411152e-03 9.932904315672433371e-02
3.145224048057615462e-03 8.281085116981998229e-02
2.013323528115562588e-03 6.627002100483661562e-02
1.132660816992037134e-03 4.971369223212167981e-02
5.034576168149174080e-04 3.314731160896454421e-02
1.258723261249317105e-04 1.657500639710879006e-02
0.000000000000000000e+00 0.000000000000000000e+00
1.258723261249317105e-04 -1.510979983866383991e-02
5.034576168149174080e-04 -3.017552331934776275e-02
1.132660816992037134e-03 -4.515390200588750153e-02
2.013323528115562588e-03 -6.000338430137848456e-02
3.145224048057615462e-03 -7.468493236926335155e-02
4.528077426915411152e-03 -8.916274725607414853e-02
6.161535538745877005e-03 -1.034049015704270602e-01
8.045187169204659483e-03 -1.173838617693780673e-01
1.017855811906731578e-02 -1.310768853261688183e-01
1.256111132360571148e-02 -1.444662817102980445e-01
1.519224698779197968e-02 -1.575395300966203616e-01
1.807130273729329328e-02 -1.702892509197981019e-01
2.119755378522125699e-02 -1.827130326825134599e-01
2.457021311459295365e-02 -1.948131196855503455e-01
2.818843167645834757e-02 -2.065959704508396610e-01
3.205129860364375194e-02 -2.180717004341796439e-01
3.615784144005795842e-02 -2.292534260592610507e-01
4.050702638550263135e-02 -2.401565300459916341e-01
4.509775855592612626e-02 -2.507978703646333019e-01
4.992888225905456334e-02 -2.611949568497714536e-01
5.499918128533154427e-02 -2.713651204999466549e-01
6.030737921409157209e-02 -2.813247007353339990e-01
6.585213973489323358e-02 -2.910882753740433593e-01
7.163206698392743377e-02 -3.006679568262966562e-01
7.764570589541863743e-02 -3.100727760259088250e-01
8.389154256793041053e-02 -3.193081729726012230e-01
9.036800464548166989e-02 -3.283756095194557689e-01
9.707346171337882801e-02 -3.372723162985704626e-01
1.040062257086641351e-01 -3.459911815421838899e-01
1.111645513450765232e-01 -3.545207851470285609e-01
1.185466365524179277e-01 -3.628455767774780849e-01
1.261506229302150617e-01 -3.709461922456142591e-01
1.339745962155614034e-01 -3.787998979838451685e-01
1.420165867650229341e-01 -3.863811492768814415e-01
1.502745700504856119e-01 -3.936622441780066040e-01
1.587464671688187945e-01 -4.006140518234381775e-01
1.674301453652287108e-01 -4.072067912885069529e-01
1.763234185701672008e-01 -4.134108352937551634e-01
1.854240479496642724e-01 -4.191975120409934252e-01
1.947297424689413692e-01 -4.245398782890080214e-01
2.042381594691679014e-01 -4.294134374909254204e-01
2.139469052572124941e-01 -4.337967784084884038e-01
2.238535357082431787e-01 -4.376721120633577655e-01
2.339555568810219865e-01 -4.410256881250974592e-01
2.442504256457417311e-01 -4.438480757858647152e-01
2.547355503242452190e-01 -4.461342987236990298e-01
2.654082913424666845e-01 -4.478838187772719026e-01
2.762659618949298013e-01 -4.491003682924627483e-01
2.873058286211370715e-01 -4.497916365863144361e-01
2.985251122936787294e-01 -4.499688214259451868e-01
3.099209885178879631e-01 -4.496460616510538078e-01
3.214905884428678196e-01 -4.488397718892622734e-01
3.332309994837083789e-01 -4.475679045383821331e-01
3.451392660547150104e-01 -4.458491676434035433e-01
3.572123903134606371e-01 -4.437022298191671821e-01
3.694473329154774888e-01 -4.411449448247152239e-01
3.818410137793947223e-01 -4.381936286719452789e-01
3.943903128623333920e-01 -4.348624211717154742e-01
4.070920709453594855e-01 -4.311627615443506811e-01
4.199430904288018462e-01 -4.271030041489141116e-01
4.329401361372292589e-01 -4.226881955609938513e-01
4.460799361338897429e-01 -4.179200282423563007e-01
4.593591825444023335e-01 -4.127969790348720025e-01
4.727745323894976259e-01 -4.073146328594549614e-01
4.863226084265935834e-01 -4.014661835373773968e-01
5.000000000000001110e-01 -3.952430948476188255e-01
5.138032638995313484e-01 -3.886358960995896505e-01
5.277289252273172915e-01 -3.816350779783558300e-01
5.417734782725895926e-01 -3.742320465785893835e-01
5.559333873942259308e-01 -3.664200867717905541e-01
5.702050879108284676e-01 -3.581952807469833133e-01
5.845849869981135649e-01 -3.495573241265244047e-01
5.990694645933862805e-01 -3.405101808745915615e-01
6.136548743068714895e-01 -3.310625196542564264e-01
6.283375443396724824e-01 -3.212278786858487889e-01
6.431137784081281117e-01 -3.110245138074494431e-01
6.579798566743311206e-01 -3.004748955763754670e-01
6.729320366825783939e-01 -2.896048360519522524e-01
6.879665543015128781e-01 -2.784422444631673432e-01
7.030796246717250231e-01 -2.670155333041782653e-01
7.182674431585703845e-01 -2.553517224381823270e-01
7.335261863099650226e-01 -2.434743183492003860e-01
7.488520128189207758e-01 -2.314010784817057409e-01
7.642410644905727191e-01 -2.191418062629802710e-01
7.796894672134594417e-01 -2.066963604182599223e-01
7.951933319348093443e-01 -1.940531019635178822e-01
8.107487556395898132e-01 -1.811880430915867313e-01
8.263518223330695855e-01 -1.680650032538257010e-01
8.419986040266501659e-01 -1.546371181925192406e-01
8.576851617267149397e-01 -1.408500865315114314e-01
8.734075464262507360e-01 -1.266475747520016126e-01
8.891618000989889303e-01 -1.119792338848971114e-01
9.049439566958173975e-01 -9.681180892590662834e-02
9.207500431432115162e-01 -8.114384369640985362e-02
9.365760803434354242e-01 -6.502449851087055421e-02
9.524180841762578398e-01 -4.857700447804923910e-02
9.682720665019324269e-01 -3.202727551830789748e-02
9.841340361651920166e-01 -1.573818625813630870e-02
9.999999999999998890e-01 -2.500000000001039260e-04
