9.999999999999998890e-01 2.500000000001044681e-04
9.841340361651920166e-01 1.509412816579851907e-02
9.682720665019324269e-01 2.972864647825315676e-02
9.524180841762578398e-01 4.411647960167071336e-02
9.365760803434354242e-01 5.823391142064113235e-02
9.207500431432115162e-01 7.206739332639301721e-02
9.049439566958173975e-01 8.561085218402893215e-02
8.891618000989889303e-01 9.886345637633929540e-02
8.734075464262507360e-01 1.118277966963091563e-01
8.576851617267149397e-01 1.245084381475251023e-01
8.419986040266501659e-01 1.369107988313899571e-01
8.263518223330695855e-01 1.490403129665717752e-01
8.107487556395898132e-01 1.609018366079305040e-01
7.951933319348093443e-01 1.724992567141306610e-01
7.796894672134594417e-01 1.838352667583746658e-01
7.642410644905727191e-01 1.949112749884764351e-01
7.488520128189207758e-01 2.057274146260109071e-01
7.335261863099650226e-01 2.162826286582183732e-01
7.182674431585703845e-01 2.265748053343211998e-01
7.030796246717250231e-01 2.366009439497211153e-01
6.879665543015128781e-01 2.463573339141924834e-01
6.729320366825783939e-01 2.558397333887553193e-01
6.579798566743311206e-01 2.650435368841660422e-01
6.431137784081281117e-01 2.739639240948118504e-01
6.283375443396724824e-01 2.825959848574606248e-01
6.136548743068714895e-01 2.909348174463877723e-01
5.990694645933862805e-01 2.989755994256688698e-01
5.845849869981135649e-01 3.067136319655022758e-01
5.702050879108284676e-01 3.141443598902906587e-01
5.559333873942259308e-01 3.212633707675546790e-01
5.417734782725895926e-01 3.280663770812279889e-01
5.277289252273172915e-01 3.345491859792582012e-01
5.138032638995313484e-01 3.407076612676764871e-01
5.000000000000001110e-01 3.465376822695988568e-01
4.863226084265935834e-01 3.520351039094166135e-01
4.727745323894976259e-01 3.571957219533827277e-01
4.593591825444023335e-01 3.620152467728526835e-01
4.460799361338897429e-01 3.664892883308170091e-01
4.329401361372292589e-01 3.706133543607671998e-01
4.199430904288018462e-01 3.743828629426478316e-01
4.070920709453594855e-01 3.777931699148450173e-01
3.943903128623333920e-01 3.808396108222872334e-01
3.818410137793947223e-01 3.835175564139466919e-01
3.694473329154774888e-01 3.858224800897958606e-01
3.572123903134606371e-01 3.877500351750954311e-01
3.451392660547150104e-01 3.892961394820544929e-01
3.332309994837083789e-01 3.904570643145134912e-01
3.214905884428678196e-01 3.912295248851781482e-01
3.099209885178879631e-01 3.916107690479095904e-01
2.985251122936787294e-01 3.915986612965918212e-01
2.873058286211370715e-01 3.911917591406257610e-01
2.762659618949298013e-01 3.903893792254645723e-01
2.654082913424666845e-01 3.891916509124709878e-01
2.547355503242452190e-01 3.875995554512490782e-01
2.442504256457417311e-01 3.856149493533112538e-01
2.339555568810219865e-01 3.832405710912403229e-01
2.238535357082431787e-01 3.804800307845804253e-01
2.139469052572124941e-01 3.773377830747297046e-01
2.042381594691679014e-01 3.738190839187563452e-01
1.947297424689413692e-01 3.699299325299933994e-01
1.854240479496642724e-01 3.656770001465184938e-01
1.763234185701672008e-01 3.610675477040385384e-01
1.674301453652287108e-01 3.561093348162136518e-01
1.587464671688187945e-01 3.508105227143437088e-01
1.502745700504856119e-01 3.451795739634177518e-01
1.420165867650229341e-01 3.392251518492038764e-01
1.339745962155614034e-01 3.329560223204161007e-01
1.261506229302150617e-01 3.263809612727022191e-01
1.185466365524179277e-01 3.195086697814307208e-01
1.111645513450765232e-01 3.123476996344666246e-01
1.040062257086641351e-01 3.049063911928937554e-01
9.707346171337882801e-02 2.971928252272788007e-01
9.036800464548166989e-02 2.892147899514037057e-01
8.389154256793041053e-02 2.809797640172984057e-01
7.764570589541863743e-02 2.724949157585523363e-01
7.163206698392743377e-02 2.637671184871926422e-01
6.585213973489323358e-02 2.548029811768367514e-01
6.030737921409157209e-02 2.456088934147856451e-01
5.499918128533154427e-02 2.361910830908979797e-01
4.992888225905456334e-02 2.265556849229889702e-01
4.509775855592612626e-02 2.167088176071954864e-01
4.050702638550263135e-02 2.066566671356149243e-01
3.615784144005795842e-02 1.964055736490468995e-01
3.205129860364375194e-02 1.859621190942219726e-01
2.818843167645834757e-02 1.753332129347703050e-01
2.457021311459295365e-02 1.645261732234129803e-01
2.119755378522125699e-02 1.535488004773330195e-01
1.807130273729329328e-02 1.424094420051995324e-01
1.519224698779197968e-02 1.311170446067084217e-01
1.256111132360571148e-02 1.196811938958116245e-01
1.017855811906731578e-02 1.081121388775486830e-01
8.045187169204659483e-03 9.642080082478839131e-02
6.161535538745877005e-03 8.461876594349672376e-02
4.528077426915411152e-03 7.271826177092688415e-02
3.145224048057615462e-03 6.073211770772907886e-02
2.013323528115562588e-03 4.867371052960031697e-02
1.132660816992037134e-03 3.655689614452893588e-02
5.034576168149174080e-04 2.439592924624751913e-02
1.258723261249317105e-04 1.220537285261318224e-02
0.000000000000000000e+00 0.000000000000000000e+00
1.258723261249317105e-04 -1.204321968596850853e-02
5.034576168149174080e-04 -2.406548617136841997e-02
1.132660816992037134e-03 -3.604599193690086190e-02
2.013323528115562588e-03 -4.796434162063880485e-02
3.145224048057615462e-03 -5.980074551311333197e-02
4.528077426915411152e-03 -7.153619833602517519e-02
6.161535538745877005e-03 -8.315263904293705710e-02
8.045187169204659483e-03 -9.463308790881368171e-02
1.017855811906731578e-02 -1.059617578074344563e-01
1.256111132360571148e-02 -1.171241372937073949e-01
1.519224698779197968e-02 -1.281070438915032084e-01
1.807130273729329328e-02 -1.388986468145774478e-01
2.119755378522125699e-02 -1.494884591950894348e-01
2.457021311459295365e-02 -1.598673007369787458e-01
2.818843167645834757e-02 -1.700272325260298867e-01
3.205129860364375194e-02 -1.799614664914578332e-01
3.615784144005795842e-02 -1.896642527033249870e-01
4.050702638550263135e-02 -1.991307482860561751e-01
4.509775855592612626e-02 -2.083568722133489204e-01
4.992888225905456334e-02 -2.173391506095398162e-01
5.499918128533154427e-02 -2.260745574061836516e-01
6.030737921409157209e-02 -2.345603552832408456e-01
6.585213973489323358e-02 -2.427939417590125881e-01
7.163206698392743377e-02 -2.507727050830944604e-01
7.764570589541863743e-02 -2.584938942377593696e-01
8.389154256793041053e-02 -2.659545068749574748e-01
9.036800464548166989e-02 -2.731511984221196010e-01
9.707346171337882801e-02 -2.800802148973091099e-01
1.040062257086641351e-01 -2.867373512032089233e-01
1.111645513450765232e-01 -2.931179358427716819e-01
1.185466365524179277e-01 -2.992168421419116875e-01
1.261506229302150617e-01 -3.050285252024004246e-01
1.339745962155614034e-01 -3.105470829677629552e-01
1.420165867650229341e-01 -3.157663389928214714e-01
1.502745700504856119e-01 -3.206799437889552573e-01
1.587464671688187945e-01 -3.252814909957320033e-01
1.674301453652287108e-01 -3.295646441263913040e-01
1.763234185701672008e-01 -3.335232692675820787e-01
1.854240479496642724e-01 -3.371515688968503288e-01
1.947297424689413692e-01 -3.404442119243296094e-01
2.042381594691679014e-01 -3.433964551728892478e-01
2.139469052572124941e-01 -3.460042517835191789e-01
2.238535357082431787e-01 -3.482643424647035024e-01
2.339555568810219865e-01 -3.501743260853933393e-01
2.442504256457417311e-01 -3.517327068253401356e-01
2.547355503242452190e-01 -3.529389159235329920e-01
2.654082913424666845e-01 -3.537933069805150876e-01
2.762659618949298013e-01 -3.542971247448338801e-01
2.873058286211370715e-01 -3.544524483161094475e-01
2.985251122936787294e-01 -3.542621106933007691e-01
3.099209885178879631e-01 -3.537295975514492818e-01
3.214905884428678196e-01 -3.528589290079874874e-01
3.332309994837083789e-01 -3.516545289059194168e-01
3.451392660547150104e-01 -3.501210867630156209e-01
3.572123903134606371e-01 -3.482634179838914879e-01
3.694473329154774888e-01 -3.460863281798918223e-01
3.818410137793947223e-01 -3.435944874697251517e-01
3.943903128623333920e-01 -3.407923204276136486e-01
4.070920709453594855e-01 -3.376839168982575523e-01
4.199430904288018462e-01 -3.342729682098034005e-01
4.329401361372292589e-01 -3.305627323963109543e-01
4.460799361338897429e-01 -3.265560309076361856e-01
4.593591825444023335e-01 -3.222552779638313547e-01
4.727745323894976259e-01 -3.176625422385461195e-01
4.863226084265935834e-01 -3.127796389754640138e-01
5.000000000000001110e-01 -3.076082490054921070e-01
5.138032638995313484e-01 -3.021500594994020461e-01
5.277289252273172915e-01 -2.964069197262321209e-01
5.417734782725895926e-01 -2.903810036622859747e-01
5.559333873942259308e-01 -2.840749700826813995e-01
5.702050879108284676e-01 -2.774921098426357258e-01
5.845849869981135649e-01 -2.706364694944290439e-01
5.990694645933862805e-01 -2.635129402616660510e-01
6.136548743068714895e-01 -2.561273017743582736e-01
6.283375443396724824e-01 -2.484862109195057067e-01
6.431137784081281117e-01 -2.405971277369397532e-01
6.579798566743311206e-01 -2.324681725333350157e-01
6.729320366825783939e-01 -2.241079113301069348e-01
6.879665543015128781e-01 -2.155250704205236845e-01
7.030796246717250231e-01 -2.067281851887238786e-01
7.182674431585703845e-01 -1.977251934217131302e-01
7.335261863099650226e-01 -1.885229890891504945e-01
7.488520128189207758e-01 -1.791269589193502099e-01
7.642410644905727191e-01 -1.695405309875650801e-01
7.796894672134594417e-01 -1.597647718578657783e-01
7.951933319348093443e-01 -1.497980764661264175e-01
8.107487556395898132e-01 -1.396360027624839739e-01
8.263518223330695855e-01 -1.292713109924824855e-01
8.419986040266501659e-01 -1.186942752154052511e-01
8.576851617267149397e-01 -1.078933420497854845e-01
8.734075464262507360e-01 -9.685621850123973808e-02
8.891618000989889303e-01 -8.557147685877532217e-02
9.049439566958173975e-01 -7.403076982874390310e-02
9.207500431432115162e-01 -6.223175309452274456e-02
9.365760803434354242e-01 -5.018181513029279506e-02
9.524180841762578398e-01 -3.790271515033848126e-02
9.682720665019324269e-01 -2.543622934273098019e-02
9.841340361651920166e-01 -1.285090283448519534e-02
9.999999999999998890e-01 -2.500000000000878798e-04
