9.999999999999998890e-01 2.500000000000699905e-04
9.841340361651920166e-01 1.002830993735807745e-02
9.682720665019324269e-01 1.941902220538684401e-02
9.524180841762578398e-01 2.850802899770876059e-02
9.365760803434354242e-01 3.735409921562537344e-02
9.207500431432115162e-01 4.599482904119830962e-02
9.049439566958173975e-01 5.445173209664968400e-02
8.891618000989889303e-01 6.273452982042986015e-02
8.734075464262507360e-01 7.084470693287761578e-02
8.576851617267149397e-01 7.877839961644091116e-02
8.419986040266501659e-01 8.652868539614466670e-02
8.263518223330695855e-01 9.408734378906102869e-02
8.107487556395898132e-01 1.014461557221269933e-01
7.951933319348093443e-01 1.085978076295251588e-01
7.796894672134594417e-01 1.155364631733923203e-01
7.642410644905727191e-01 1.222580618271160158e-01
7.488520128189207758e-01 1.287603992613268744e-01
7.335261863099650226e-01 1.350430397189898990e-01
7.182674431585703845e-01 1.411071054931800905e-01
7.030796246717250231e-01 1.469549833579619214e-01
6.879665543015128781e-01 1.525899824695334528e-01
6.729320366825783939e-01 1.580159729617056363e-01
6.579798566743311206e-01 1.632370293058595101e-01
6.431137784081281117e-01 1.682570975775861954e-01
6.283375443396724824e-01 1.730797011442488098e-01
6.136548743068714895e-01 1.777076950204968531e-01
5.990694645933862805e-01 1.821430752798476049e-01
5.845849869981135649e-01 1.863868464942254888e-01
5.702050879108284676e-01 1.904389472215861634e-01
5.559333873942259308e-01 1.942982310841385729e-01
5.417734782725895926e-01 1.979624989747332531e-01
5.277289252273172915e-01 2.014285763849943123e-01
5.138032638995313484e-01 2.046924287449516655e-01
5.000000000000001110e-01 2.077493069716540020e-01
4.863226084265935834e-01 2.105939151083268401e-01
4.727745323894976259e-01 2.132205919557277063e-01
4.593591825444023335e-01 2.156234989092247756e-01
4.460799361338897429e-01 2.177968067720792988e-01
4.329401361372292589e-01 2.197348750695345410e-01
4.199430904288018462e-01 2.214324182916906636e-01
4.070920709453594855e-01 2.228846544990387424e-01
3.943903128623333920e-01 2.240874327883358441e-01
3.818410137793947223e-01 2.250373371967330782e-01
3.694473329154774888e-01 2.257317656810139961e-01
3.572123903134606371e-01 2.261689838132373009e-01
3.451392660547150104e-01 2.263481537556637502e-01
3.332309994837083789e-01 2.262693398934887135e-01
3.214905884428678196e-01 2.259334931958746628e-01
3.099209885178879631e-01 2.253424169318002379e-01
2.985251122936787294e-01 2.244987167803017825e-01
2.873058286211370715e-01 2.234057386428667524e-01
2.762659618949298013e-01 2.220674975918200122e-01
2.654082913424666845e-01 2.204886013795934463e-01
2.547355503242452190e-01 2.186741718005889568e-01
2.442504256457417311e-01 2.166297669539069826e-01
2.339555568810219865e-01 2.143613071180099083e-01
2.238535357082431787e-01 2.118750065357937473e-01
2.139469052572124941e-01 2.091773129401139908e-01
2.042381594691679014e-01 2.062748561456702601e-01
1.947297424689413692e-01 2.031744065133086197e-01
1.854240479496642724e-01 1.998828435765965805e-01
1.763234185701672008e-01 1.964071346260425621e-01
1.674301453652287108e-01 1.927543225899928658e-01
1.587464671688187945e-01 1.889315221472923911e-01
1.502745700504856119e-01 1.849459226671090195e-01
1.420165867650229341e-01 1.808047963050382623e-01
1.339745962155614034e-01 1.765155093980666778e-01
1.261506229302150617e-01 1.720855351976072201e-01
1.185466365524179277e-01 1.675224659601896593e-01
1.111645513450765232e-01 1.628340224772742428e-01
1.040062257086641351e-01 1.580280592642488713e-01
9.707346171337882801e-02 1.531125638368090458e-01
9.036800464548166989e-02 1.480956487713855352e-01
8.389154256793041053e-02 1.429855355641888870e-01
7.764570589541863743e-02 1.377905296585532346e-01
7.163206698392743377e-02 1.325189863894992714e-01
6.585213973489323358e-02 1.271792679842116969e-01
6.030737921409157209e-02 1.217796921438418917e-01
5.499918128533154427e-02 1.163284731024655100e-01
4.992888225905456334e-02 1.108336564006924679e-01
4.509775855592612626e-02 1.053030489130129949e-01
4.050702638550263135e-02 9.974414591958585818e-02
3.615784144005795842e-02 9.416405720671354451e-02
3.205129860364375194e-02 8.856943430944219653e-02
2.818843167645834757e-02 8.296640107050376467e-02
2.457021311459295365e-02 7.736048968020234340e-02
2.119755378522125699e-02 7.175658428213758933e-02
1.807130273729329328e-02 6.615887408227136279e-02
1.519224698779197968e-02 6.057081768830878399e-02
1.256111132360571148e-02 5.499512013908419705e-02
1.017855811906731578e-02 4.943372376774490123e-02
8.045187169204659483e-03 4.388781368756012463e-02
6.161535538745877005e-03 3.835783830586210474e-02
4.528077426915411152e-03 3.284354487144818674e-02
3.145224048057615462e-03 2.734402965576040664e-02
2.013323528115562588e-03 2.185780197036518019e-02
1.132660816992037134e-03 1.638286084458639297e-02
5.034576168149174080e-04 1.091678283883236109e-02
1.258723261249317105e-04 5.456819161553299290e-03
0.000000000000000000e+00 0.000000000000000000e+00
1.258723261249317105e-04 -4.889283092099355396e-03
5.034576168149174080e-04 -9.760232104042226853e-03
1.132660816992037134e-03 -1.459469615802913914e-02
2.013323528115562588e-03 -1.937501084106588167e-02
3.145224048057615462e-03 -2.408422703738654150e-02
4.528077426915411152e-03 -2.870632292132276400e-02
6.161535538745877005e-03 -3.322639423349098287e-02
8.045187169204659483e-03 -3.763081856691044558e-02
1.017855811906731578e-02 -4.190739011124747226e-02
1.256111132360571148e-02 -4.604542212212069802e-02
1.519224698779197968e-02 -5.003581527478961899e-02
1.807130273729329328e-02 -5.387109100187924965e-02
2.119755378522125699e-02 -5.754538987598505767e-02
2.457021311459295365e-02 -6.105443605221980846e-02
2.818843167645834757e-02 -6.439546970535413306e-02
3.205129860364375194e-02 -6.756715025437562416e-02
3.615784144005795842e-02 -7.056943393896432382e-02
4.050702638550263135e-02 -7.340342997486712373e-02
4.509775855592612626e-02 -7.607124004885863766e-02
4.992888225905456334e-02 -7.857578630297051836e-02
5.499918128533154427e-02 -8.092063319020526002e-02
6.030737921409157209e-02 -8.310980865281074326e-02
6.585213973489323358e-02 -8.514762997698616109e-02
7.163206698392743377e-02 -8.703853941714376208e-02
7.764570589541863743e-02 -8.878695426602643825e-02
8.389154256793041053e-02 -9.039713548629477180e-02
9.036800464548166989e-02 -9.187307833135259505e-02
9.707346171337882801e-02 -9.321842758892669167e-02
1.040062257086641351e-01 -9.443641920452060246e-02
1.111645513450765232e-01 -9.552984911042604332e-02
1.185466365524179277e-01 -9.650106912871174447e-02
1.261506229302150617e-01 -9.735200886398089060e-02
1.339745962155614034e-01 -9.808422158455393225e-02
1.420165867650229341e-01 -9.869895123939778636e-02
1.502745700504856119e-01 -9.919721700143857568e-02
1.587464671688187945e-01 -9.957991109233754745e-02
1.674301453652287108e-01 -9.984790515261209032e-02
1.763234185701672008e-01 -1.000021600933467397e-01
1.854240479496642724e-01 -1.000438342161191208e-01
1.947297424689413692e-01 -9.997438442528219782e-02
2.042381594691679014e-01 -9.979565558473964260e-02
2.139469052572124941e-01 -9.950995348704960719e-02
2.238535357082431787e-01 -9.912009749712616391e-02
2.339555568810219865e-01 -9.862944969077290513e-02
2.442504256457417311e-01 -9.804191820864677220e-02
2.547355503242452190e-01 -9.736193356228232954e-02
2.654082913424666845e-01 -9.659439772881882325e-02
2.762659618949298013e-01 -9.574460701913849181e-02
2.873058286211370715e-01 -9.481815086102535206e-02
2.985251122936787294e-01 -9.382078976321621411e-02
3.099209885178879631e-01 -9.275831677530622932e-02
3.214905884428678196e-01 -9.163640769006642373e-02
3.332309994837083789e-01 -9.046046600805866811e-02
3.451392660547150104e-01 -8.923546926164468984e-02
3.572123903134606371e-01 -8.796582364304232626e-02
3.694473329154774888e-01 -8.665523397106712766e-02
3.818410137793947223e-01 -8.530659584261172934e-02
3.943903128623333920e-01 -8.392191633479822999e-02
4.070920709453594855e-01 -8.250226884820070772e-02
4.199430904288018462e-01 -8.104778661655788474e-02
4.329401361372292589e-01 -7.955769807047573250e-02
4.460799361338897429e-01 -7.803040565909785675e-02
4.593591825444023335e-01 -7.646360794294206065e-02
4.727745323894976259e-01 -7.485446282218813363e-02
4.863226084265935834e-01 -7.319978771712337684e-02
5.000000000000001110e-01 -7.149629044022008661e-02
5.138032638995313484e-01 -6.974082246993568157e-02
5.277289252273172915e-01 -6.793064443937540942e-02
5.417734782725895926e-01 -6.606369197848409314e-02
5.559333873942259308e-01 -6.413882868998960207e-02
5.702050879108284676e-01 -6.215607209182776732e-02
5.845849869981135649e-01 -6.011677791617071887e-02
5.990694645933862805e-01 -5.802376830788094630e-02
6.136548743068714895e-01 -5.588139029752516723e-02
6.283375443396724824e-01 -5.369549251148490743e-02
6.431137784081281117e-01 -5.147331048817983118e-02
6.579798566743311206e-01 -4.922325424482044964e-02
6.729320366825783939e-01 -4.695459591662293208e-02
6.879665543015128781e-01 -4.467706038425949683e-02
7.030796246717250231e-01 -4.240032780860450434e-02
7.182674431585703845e-01 -4.013346387482256972e-02
7.335261863099650226e-01 -3.788430125646319313e-02
7.488520128189207758e-01 -3.565880426508967471e-02
7.642410644905727191e-01 -3.346045774679799745e-02
7.796894672134594417e-01 -3.128973089253841988e-02
7.951933319348093443e-01 -2.914367658774608474e-02
8.107487556395898132e-01 -2.701573705727589730e-02
8.263518223330695855e-01 -2.489583666007136667e-02
8.419986040266501659e-01 -2.277085252978551869e-02
8.576851617267149397e-01 -2.062556310026382109e-02
8.734075464262507360e-01 -1.844418314138426135e-02
8.891618000989889303e-01 -1.621260149351537797e-02
9.049439566958173975e-01 -1.392144395368990345e-02
9.207500431432115162e-01 -1.157008845776196122e-02
9.365760803434354242e-01 -9.171762548058072853e-03
9.524180841762578398e-01 -6.759853851981157194e-03
9.682720665019324269e-01 -4.395562674820405712e-03
9.841340361651920166e-01 -2.177021601045192687e-03
9.999999999999998890e-01 -2.500000000000119856e-04
