9.999999999999998890e-01 2.500000000001475651e-04
9.841340361651920166e-01 2.120768465895433649e-02
9.682720665019324269e-01 4.184268038001789924e-02
9.524180841762578398e-01 6.210034726537555505e-02
9.365760803434354242e-01 8.194527147176357273e-02
9.207500431432115162e-01 1.013567848829436124e-01
9.049439566958173975e-01 1.203251657680144832e-01
8.891618000989889303e-01 1.388484669693323126e-01
8.734075464262507360e-01 1.569299155373350685e-01
8.576851617267149397e-01 1.745758263201807881e-01
8.419986040266501659e-01 1.917939717276830602e-01
8.263518223330695855e-01 2.085923506145885009e-01
8.107487556395898132e-01 2.249783008525321482e-01
7.951933319348093443e-01 2.409579025621598480e-01
7.796894672134594417e-01 2.565356220329277348e-01
7.642410644905727191e-01 2.717141499433148866e-01
7.488520128189207758e-01 2.864943914855197504e-01
7.335261863099650226e-01 3.008755702768047269e-01
7.182674431585703845e-01 3.148554123906966429e-01
7.030796246717250231e-01 3.284303813587793330e-01
6.879665543015128781e-01 3.415959394799759075e-01
6.729320366825783939e-01 3.543468151411104938e-01
6.579798566743311206e-01 3.666772600229499801e-01
6.431137784081281117e-01 3.785812839741173885e-01
6.283375443396724824e-01 3.900528589272357904e-01
6.136548743068714895e-01 4.010860864653195690e-01
5.990694645933862805e-01 4.116753264914852495e-01
5.845849869981135649e-01 4.218152868926315358e-01
5.702050879108284676e-01 4.315010761098515002e-01
5.559333873942259308e-01 4.407282221371585096e-01
5.417734782725895926e-01 4.494926626770626155e-01
5.277289252273172915e-01 4.577907120062867374e-01
5.138032638995313484e-01 4.656190105742603058e-01
5.000000000000001110e-01 4.729744635036834399e-01
4.863226084265935834e-01 4.798541740238425612e-01
4.727745323894976259e-01 4.862553774843056953e-01
4.593591825444023335e-01 4.921753810122212469e-01
4.460799361338897429e-01 4.976115131346994236e-01
4.329401361372292589e-01 5.025610868326279013e-01
4.199430904288018462e-01 5.070213785664295925e-01
4.070920709453594855e-01 5.109896248583031264e-01
3.943903128623333920e-01 5.144630370669128760e-01
3.818410137793947223e-01 5.174388340831709288e-01
3.694473329154774888e-01 5.199142918391852497e-01
3.572123903134606371e-01 5.218868077814572404e-01
3.451392660547150104e-01 5.233539778337124027e-01
3.332309994837083789e-01 5.243136828789566328e-01
3.214905884428678196e-01 5.247641814337796751e-01
3.099209885178879631e-01 5.247042049748867898e-01
2.985251122936787294e-01 5.241330523076948023e-01
2.873058286211370715e-01 5.230506794345277655e-01
2.762659618949298013e-01 5.214577815762432289e-01
2.654082913424666845e-01 5.193558643133371344e-01
2.547355503242452190e-01 5.167473012249271802e-01
2.442504256457417311e-01 5.136353758984667506e-01
2.339555568810219865e-01 5.100243067397992602e-01
2.238535357082431787e-01 5.059192536113931160e-01
2.139469052572124941e-01 5.013263059451411596e-01
2.042381594691679014e-01 4.962524525939848163e-01
1.947297424689413692e-01 4.907055342837714496e-01
1.854240479496642724e-01 4.846941800844914439e-01
1.763234185701672008e-01 4.782277298215434347e-01
1.674301453652287108e-01 4.713161447784797731e-01
1.587464671688187945e-01 4.639699093908914440e-01
1.502745700504856119e-01 4.561999268877351410e-01
1.420165867650229341e-01 4.480174119955194767e-01
1.339745962155614034e-01 4.394337838795380202e-01
1.261506229302150617e-01 4.304605624549820986e-01
1.185466365524179277e-01 4.211092710625765623e-01
1.111645513450765232e-01 4.113913482743653538e-01
1.040062257086641351e-01 4.013180712840765385e-01
9.707346171337882801e-02 3.909004929539736661e-01
9.036800464548166989e-02 3.801493941489580974e-01
8.389154256793041053e-02 3.690752525031620324e-01
7.764570589541863743e-02 3.576882282495712495e-01
7.163206698392743377e-02 3.459981672151438703e-01
6.585213973489323358e-02 3.340146205583715000e-01
6.030737921409157209e-02 3.217468803188232029e-01
5.499918128533154427e-02 3.092040293737148282e-01
4.992888225905456334e-02 2.963950039685922522e-01
4.509775855592612626e-02 2.833286666198574499e-01
4.050702638550263135e-02 2.700138868863096175e-01
3.615784144005795842e-02 2.564596272832641022e-01
3.205129860364375194e-02 2.426750314718532364e-01
2.818843167645834757e-02 2.286695118012240513e-01
2.457021311459295365e-02 2.144528333133037812e-01
2.119755378522125699e-02 2.000351914369786210e-01
1.807130273729329328e-02 1.854272807968126435e-01
1.519224698779197968e-02 1.706403528344849208e-01
1.256111132360571148e-02 1.556862602804749973e-01
1.017855811906731578e-02 1.405774869089338741e-01
8.045187169204659483e-03 1.253271614483316143e-01
6.161535538745877005e-03 1.099490549914397403e-01
4.528077426915411152e-03 9.445756173665791067e-02
3.145224048057615462e-03 7.886766338452695646e-02
2.013323528115562588e-03 6.319487799414208462e-02
1.132660816992037134e-03 4.745519456038011646e-02
5.034576168149174080e-04 3.166499499122008010e-02
1.258723261249317105e-04 1.584096553302690932e-02
0.000000000000000000e+00 0.000000000000000000e+00
1.258723261249317105e-04 -1.552052898548085709e-02
5.034576168149174080e-04 -3.101169503629765123e-02
1.132660816992037134e-03 -4.644437446328611441e-02
2.013323528115562588e-03 -6.179004069944966926e-02
3.145224048057615462e-03 -7.702104492491870791e-02
4.528077426915411152e-03 -9.211087570967949056e-02
6.161535538745877005e-03 -1.070343915812786428e-01
8.045187169204659483e-03 -1.217680211651131356e-01
1.017855811906731578e-02 -1.362899264311977499e-01
1.256111132360571148e-02 -1.505801255889173962e-01
1.519224698779197968e-02 -1.646205732722764159e-01
1.807130273729329328e-02 -1.783951968218517037e-01
2.119755378522125699e-02 -1.918898886637378787e-01
2.457021311459295365e-02 -2.050924559767546562e-01
2.818843167645834757e-02 -2.179925299937848227e-01
3.205129860364375194e-02 -2.305814383688043478e-01
3.615784144005795842e-02 -2.428520450273285725e-01
4.050702638550263135e-02 -2.547985627766082839e-01
4.509775855592612626e-02 -2.664163446584651429e-01
4.992888225905456334e-02 -2.777016605617505518e-01
5.499918128533154427e-02 -2.886514659574840880e-01
6.030737921409157209e-02 -2.992631697673637237e-01
6.585213973489323358e-02 -3.095344083208053099e-01
7.163206698392743377e-02 -3.194628320978644687e-01
7.764570589541863743e-02 -3.290459115021654446e-01
8.389154256793041053e-02 -3.382807672716700575e-01
9.036800464548166989e-02 -3.471640303336313016e-01
9.707346171337882801e-02 -3.556917349661390393e-01
1.040062257086641351e-01 -3.638592480694139986e-01
1.111645513450765232e-01 -3.716612362062273189e-01
1.185466365524179277e-01 -3.790916708761563614e-01
1.261506229302150617e-01 -3.861438712783547555e-01
1.339745962155614034e-01 -3.928105826285964164e-01
1.420165867650229341e-01 -3.990840869649188716e-01
1.502745700504856119e-01 -4.049563423374122895e-01
1.587464671688187945e-01 -4.104191453646218180e-01
1.674301453652287108e-01 -4.154643113813861754e-01
1.763234185701672008e-01 -4.200838658263913450e-01
1.854240479496642724e-01 -4.242702401428743442e-01
1.947297424689413692e-01 -4.280164653076543035e-01
2.042381594691679014e-01 -4.313163561705680160e-01
2.139469052572124941e-01 -4.341646800801917117e-01
2.238535357082431787e-01 -4.365573037872778062e-01
2.339555568810219865e-01 -4.384913133422578269e-01
2.442504256457417311e-01 -4.399651026183030167e-01
2.547355503242452190e-01 -4.409784271708726000e-01
2.654082913424666845e-01 -4.415324213566141354e-01
2.762659618949298013e-01 -4.416295779416261613e-01
2.873058286211370715e-01 -4.412736907898798799e-01
2.985251122936787294e-01 -4.404697625920688808e-01
3.099209885178879631e-01 -4.392238809262861698e-01
3.214905884428678196e-01 -4.375430671869232069e-01
3.332309994837083789e-01 -4.354351040299707654e-01
3.451392660547150104e-01 -4.329083479165004023e-01
3.572123903134606371e-01 -4.299715340503083572e-01
3.694473329154774888e-01 -4.266335814643429369e-01
3.818410137793947223e-01 -4.229034061841254188e-01
3.943903128623333920e-01 -4.187897502632580982e-01
4.070920709453594855e-01 -4.143010340337317521e-01
4.199430904288018462e-01 -4.094452381396631591e-01
4.329401361372292589e-01 -4.042298208357253952e-01
4.460799361338897429e-01 -3.986616746507352649e-01
4.593591825444023335e-01 -3.927471248742626098e-01
4.727745323894976259e-01 -3.864919704629801167e-01
4.863226084265935834e-01 -3.799015659385157062e-01
5.000000000000001110e-01 -3.729809407252231424e-01
5.138032638995313484e-01 -3.657349502297818633e-01
5.277289252273172915e-01 -3.581684508786287524e-01
5.417734782725895926e-01 -3.502864893945341063e-01
5.559333873942259308e-01 -3.420944949058537521e-01
5.702050879108284676e-01 -3.335984611396987098e-01
5.845849869981135649e-01 -3.248051050525239125e-01
5.990694645933862805e-01 -3.157219878955254133e-01
6.136548743068714895e-01 -3.063575849900444514e-01
6.283375443396724824e-01 -2.967212914846916183e-01
6.431137784081281117e-01 -2.868233531555616778e-01
6.579798566743311206e-01 -2.766747139550176371e-01
6.729320366825783939e-01 -2.662867755585312524e-01
6.879665543015128781e-01 -2.556710686301043034e-01
7.030796246717250231e-01 -2.448388409312586833e-01
7.182674431585703845e-01 -2.338005737202167311e-01
7.335261863099650226e-01 -2.225654450860042044e-01
7.488520128189207758e-01 -2.111407668705099772e-01
7.642410644905727191e-01 -1.995314305572478131e-01
7.796894672134594417e-01 -1.877394068291442231e-01
7.951933319348093443e-01 -1.757633532730782377e-01
8.107487556395898132e-01 -1.635983947643219749e-01
8.263518223330695855e-01 -1.512361512034059718e-01
8.419986040266501659e-01 -1.386650972828097350e-01
8.576851617267149397e-01 -1.258713485931452769e-01
8.734075464262507360e-01 -1.128399773834369429e-01
8.891618000989889303e-01 -9.955696940021399599e-02
9.049439566958173975e-01 -8.601194016931405784e-02
9.207500431432115162e-01 -7.220173457259702887e-02
9.365760803434354242e-01 -5.813503733047232364e-02
9.524180841762578398e-01 -4.383812375822822294e-02
9.682720665019324269e-01 -2.936187965994619883e-02
9.841340361651920166e-01 -1.479021621685555794e-02
9.999999999999998890e-01 -2.500000000001012155e-04
