9.999999999999998890e-01 2.500000000000781220e-04
9.841340361651920166e-01 1.135242720730402638e-02
9.682720665019324269e-01 2.229621540680533018e-02
9.524180841762578398e-01 3.305141823454000455e-02
9.365760803434354242e-01 4.359973255973471212e-02
9.207500431432115162e-01 5.393153507673691810e-02
9.049439566958173975e-01 6.404340819788069405e-02
8.891618000989889303e-01 7.393611256272600296e-02
8.734075464262507360e-01 8.361296199360643278e-02
8.576851617267149397e-01 9.307855615384005854e-02
8.419986040266501659e-01 1.023378264249019121e-01
8.263518223330695855e-01 1.113953515261353056e-01
8.107487556395898132e-01 1.202549010632129600e-01
7.951933319348093443e-01 1.289191674138420729e-01
7.796894672134594417e-01 1.373896490436199436e-01
7.642410644905727191e-01 1.456666513940601537e-01
7.488520128189207758e-01 1.537493748029795104e-01
7.335261863099650226e-01 1.616360624124743850e-01
7.182674431585703845e-01 1.693241846042531640e-01
7.030796246717250231e-01 1.768106400949192580e-01
6.879665543015128781e-01 1.840919573508361939e-01
6.729320366825783939e-01 1.911644833774660268e-01
6.579798566743311206e-01 1.980245501442121081e-01
6.431137784081281117e-01 2.046686118746559591e-01
6.283375443396724824e-01 2.110933491248455640e-01
6.136548743068714895e-01 2.172957379595876481e-01
5.990694645933862805e-01 2.232730845984365053e-01
5.845849869981135649e-01 2.290230276281015609e-01
5.702050879108284676e-01 2.345435112636738983e-01
5.559333873942259308e-01 2.398327341926110856e-01
5.417734782725895926e-01 2.448890792651826909e-01
5.277289252273172915e-01 2.497110297217189356e-01
5.138032638995313484e-01 2.542970777945885996e-01
5.000000000000001110e-01 2.586456314198609108e-01
4.863226084265935834e-01 2.627549244720344124e-01
4.727745323894976259e-01 2.666229354294434306e-01
4.593591825444023335e-01 2.702473187238798036e-01
4.460799361338897429e-01 2.736253522619699896e-01
4.329401361372292589e-01 2.767539037639730193e-01
4.199430904288018462e-01 2.796294176827234801e-01
4.070920709453594855e-01 2.822479235742876846e-01
3.943903128623333920e-01 2.846050659227944979e-01
3.818410137793947223e-01 2.866961546019083373e-01
3.694473329154774888e-01 2.885162344080127172e-01
3.572123903134606371e-01 2.900601714448883817e-01
3.451392660547150104e-01 2.913227535918539446e-01
3.332309994837083789e-01 2.922988018581081371e-01
3.214905884428678196e-01 2.929832891221738622e-01
3.099209885178879631e-01 2.933714625795906250e-01
2.985251122936787294e-01 2.934589661730363508e-01
2.873058286211370715e-01 2.932419593519427492e-01
2.762659618949298013e-01 2.927172286951316149e-01
2.654082913424666845e-01 2.918822892189023577e-01
2.547355503242452190e-01 2.907354725707985144e-01
2.442504256457417311e-01 2.892759997605091060e-01
2.339555568810219865e-01 2.875040365871933679e-01
2.238535357082431787e-01 2.854207304692891745e-01
2.139469052572124941e-01 2.830282279506173837e-01
2.042381594691679014e-01 2.803296727275428890e-01
1.947297424689413692e-01 2.773291845990548121e-01
1.854240479496642724e-01 2.740318202689255855e-01
1.763234185701672008e-01 2.704435174121950780e-01
1.674301453652287108e-01 2.665710238445527236e-01
1.587464671688187945e-01 2.624218139923208404e-01
1.502745700504856119e-01 2.580039951445963209e-01
1.420165867650229341e-01 2.533262061720483183e-01
1.339745962155614034e-01 2.483975115158010838e-01
1.261506229302150617e-01 2.432272932841702262e-01
1.185466365524179277e-01 2.378251442466265686e-01
1.111645513450765232e-01 2.322007643874036686e-01
1.040062257086641351e-01 2.263638634819124806e-01
9.707346171337882801e-02 2.203240718957335809e-01
9.036800464548166989e-02 2.140908614881218142e-01
8.389154256793041053e-02 2.076734781406716912e-01
7.764570589541863743e-02 2.010808870389290126e-01
7.163206698392743377e-02 1.943217314227312364e-01
6.585213973489323358e-02 1.874043051025408302e-01
6.030737921409157209e-02 1.803365386264512427e-01
5.499918128533154427e-02 1.731259985878193797e-01
4.992888225905456334e-02 1.657798991977200154e-01
4.509775855592612626e-02 1.583051249195691901e-01
4.050702638550263135e-02 1.507082626839088835e-01
3.615784144005795842e-02 1.429956419764845943e-01
3.205129860364375194e-02 1.351733809275681986e-01
2.818843167645834757e-02 1.272474364283884551e-01
2.457021311459295365e-02 1.192236562629304247e-01
2.119755378522125699e-02 1.111078312697940940e-01
1.807130273729329328e-02 1.029057456368770856e-01
1.519224698779197968e-02 9.462322357725415356e-02
1.256111132360571148e-02 8.626617083198431790e-02
1.017855811906731578e-02 7.784060968750824983e-02
8.045187169204659483e-03 6.935270647338628858e-02
6.161535538745877005e-03 6.080879081104281769e-02
4.528077426915411152e-03 5.221536620587739763e-02
3.145224048057615462e-03 4.357911190324693235e-02
2.013323528115562588e-03 3.490687625288941415e-02
1.132660816992037134e-03 2.620566213621319807e-02
5.034576168149174080e-04 1.748260529678337047e-02
1.258723261249317105e-04 8.744946667442063393e-03
0.000000000000000000e+00 0.000000000000000000e+00
1.258723261249317105e-04 -8.390743845371737009e-03
5.034576168149174080e-04 -1.676353542100077545e-02
1.132660816992037134e-03 -2.510054487240410623e-02
2.013323528115562588e-03 -3.338430918777759299e-02
3.145224048057615462e-03 -4.159790603350616012e-02
4.528077426915411152e-03 -4.972511634445019729e-02
6.161535538745877005e-03 -5.775057235848356924e-02
8.045187169204659483e-03 -6.565988814527821960e-02
1.017855811906731578e-02 -7.343977011187820259e-02
1.256111132360571148e-02 -8.107810546084151526e-02
1.519224698779197968e-02 -8.856402711771974023e-02
1.807130273729329328e-02 -9.588795421915621842e-02
2.119755378522125699e-02 -1.030416078459091972e-01
2.457021311459295365e-02 -1.100180022810412633e-01
2.818843167645834757e-02 -1.168114126567943445e-01
3.205129860364375194e-02 -1.234173204090227016e-01
3.615784144005795842e-02 -1.298323384709983985e-01
4.050702638550263135e-02 -1.360541185956057053e-01
4.509775855592612626e-02 -1.420812435845803801e-01
4.992888225905456334e-02 -1.479131075155402097e-01
5.499918128533154427e-02 -1.535497872842371270e-01
6.030737921409157209e-02 -1.589919089151922149e-01
6.585213973489323358e-02 -1.642405121356271258e-01
7.163206698392743377e-02 -1.692969166549070092e-01
7.764570589541863743e-02 -1.741625934467484760e-01
8.389154256793041053e-02 -1.788390440989178209e-01
9.036800464548166989e-02 -1.833276909822494916e-01
9.707346171337882801e-02 -1.876297806069835150e-01
1.040062257086641351e-01 -1.917463020911174543e-01
1.111645513450765232e-01 -1.956779221758617737e-01
1.185466365524179277e-01 -1.994249377019056413e-01
1.261506229302150617e-01 -2.029872459225208758e-01
1.339745962155614034e-01 -2.063643324915493960e-01
1.420165867650229341e-01 -2.095552764421101111e-01
1.502745700504856119e-01 -2.125587709810858039e-01
1.587464671688187945e-01 -2.153731584799314647e-01
1.674301453652287108e-01 -2.179964776575957497e-01
1.763234185701672008e-01 -2.204265206381523512e-01
1.854240479496642724e-01 -2.226608973338147224e-01
1.947297424689413692e-01 -2.246971044606021484e-01
2.042381594691679014e-01 -2.265325964436590012e-01
2.139469052572124941e-01 -2.281648555137614498e-01
2.238535357082431787e-01 -2.295914584346055998e-01
2.339555568810219865e-01 -2.308101375276999101e-01
2.442504256457417311e-01 -2.318188339707555889e-01
2.547355503242452190e-01 -2.326157417262147697e-01
2.654082913424666845e-01 -2.331993408961736680e-01
2.762659618949298013e-01 -2.335684197833625408e-01
2.873058286211370715e-01 -2.337220854480126231e-01
2.985251122936787294e-01 -2.336597630689256078e-01
3.099209885178879631e-01 -2.333811849244784853e-01
3.214905884428678196e-01 -2.328863702859268470e-01
3.332309994837083789e-01 -2.321755979417688409e-01
3.451392660547150104e-01 -2.312493734295672787e-01
3.572123903134606371e-01 -2.301083933235326950e-01
3.694473329154774888e-01 -2.287535090975736929e-01
3.818410137793947223e-01 -2.271856931424657278e-01
3.943903128623333920e-01 -2.254060094536975145e-01
4.070920709453594855e-01 -2.234155913187301501e-01
4.199430904288018462e-01 -2.212156280184562063e-01
4.329401361372292589e-01 -2.188073621218545595e-01
4.460799361338897429e-01 -2.161920984043197158e-01
4.593591825444023335e-01 -2.133712247730470968e-01
4.727745323894976259e-01 -2.103462448562542220e-01
4.863226084265935834e-01 -2.071188211308311322e-01
5.000000000000001110e-01 -2.036908266536502088e-01
5.138032638995313484e-01 -2.000644026577551859e-01
5.277289252273172915e-01 -1.962420185119948535e-01
5.417734782725895926e-01 -1.922265298602065242e-01
5.559333873942259308e-01 -1.880212301945818898e-01
5.702050879108284676e-01 -1.836298907191850072e-01
5.845849869981135649e-01 -1.790567831655578979e-01
5.990694645933862805e-01 -1.743066802736012999e-01
6.136548743068714895e-01 -1.693848289858177758e-01
6.283375443396724824e-01 -1.642968920563551705e-01
6.431137784081281117e-01 -1.590488547781421791e-01
6.579798566743311206e-01 -1.536468949058335254e-01
6.729320366825783939e-01 -1.480972156162081721e-01
6.879665543015128781e-01 -1.424058435097911579e-01
7.030796246717250231e-01 -1.365783962172670563e-01
7.182674431585703845e-01 -1.306198271211180539e-01
7.335261863099650226e-01 -1.245341580154613326e-01
7.488520128189207758e-01 -1.183242141725827229e-01
7.642410644905727191e-01 -1.119913802188692714e-01
7.796894672134594417e-01 -1.055353993897103632e-01
7.951933319348093443e-01 -9.895424306491133748e-02
8.107487556395898132e-01 -9.224408190453138590e-02
8.263518223330695855e-01 -8.539939432064258540e-02
8.419986040266501659e-01 -7.841325233456736266e-02
8.576851617267149397e-01 -7.127782897462064948e-02
8.734075464262507360e-01 -6.398517515226885555e-02
8.891618000989889303e-01 -5.652831729574490927e-02
9.049439566958173975e-01 -4.890272979704009260e-02
9.207500431432115162e-01 -4.110823841719331295e-02
9.365760803434354242e-01 -3.315141207338618418e-02
9.524180841762578398e-01 -2.504850078057245868e-02
9.682720665019324269e-01 -1.682897682733733996e-02
9.841340361651920166e-01 -8.539734426223456049e-03
9.999999999999998890e-01 -2.500000000000577932e-04
