9.999999999999998890e-01 2.500000000000941140e-04
9.841340361651920166e-01 1.367633671950220335e-02
9.682720665019324269e-01 2.699788441284921292e-02
9.524180841762578398e-01 4.014618932403350715e-02
9.365760803434354242e-01 5.307418572014354491e-02
9.207500431432115162e-01 6.575176112802029460e-02
9.049439566958173975e-01 7.816189535122813892e-02
8.891618000989889303e-01 9.029734324888200048e-02
8.734075464262507360e-01 1.021578271244383412e-01
8.576851617267149397e-01 1.137477013611468551e-01
8.419986040266501659e-01 1.250740496176051264e-01
8.263518223330695855e-01 1.361451734171453543e-01
8.107487556395898132e-01 1.469694302746061831e-01
7.951933319348093443e-01 1.575543795415786374e-01
7.796894672134594417e-01 1.679061948482458155e-01
7.642410644905727191e-01 1.780293033034397177e-01
7.488520128189207758e-01 1.879262134081225999e-01
7.335261863099650226e-01 1.975974958629241607e-01
7.182674431585703845e-01 2.070418840288699158e-01
7.030796246717250231e-01 2.162564636541222107e-01
6.879665543015128781e-01 2.252369245325179792e-01
6.729320366825783939e-01 2.339778499392137501e-01
6.579798566743311206e-01 2.424730229261769510e-01
6.431137784081281117e-01 2.507157317919503359e-01
6.283375443396724824e-01 2.586990602080231905e-01
6.136548743068714895e-01 2.664161505364723848e-01
5.990694645933862805e-01 2.738604317651235354e-01
5.845849869981135649e-01 2.810258061790499862e-01
5.702050879108284676e-01 2.879067913495462205e-01
5.559333873942259308e-01 2.944986162295978316e-01
5.417734782725895926e-01 3.007972720810462297e-01
5.277289252273172915e-01 3.067995206125370689e-01
5.138032638995313484e-01 3.125028630747023195e-01
5.000000000000001110e-01 3.179054751415552604e-01
4.863226084265935834e-01 3.230061132118779987e-01
4.727745323894976259e-01 3.278039983034011229e-01
4.593591825444023335e-01 3.322986840020401011e-01
4.460799361338897429e-01 3.364899149881110385e-01
4.329401361372292589e-01 3.403774825140504223e-01
4.199430904288018462e-01 3.439610828786356378e-01
4.070920709453594855e-01 3.472401844575998542e-01
3.943903128623333920e-01 3.502139082373154633e-01
3.818410137793947223e-01 3.528809260846619833e-01
3.694473329154774888e-01 3.552393801998094958e-01
3.572123903134606371e-01 3.572868263661345689e-01
3.451392660547150104e-01 3.590202027582609645e-01
3.332309994837083789e-01 3.604358252190198453e-01
3.214905884428678196e-01 3.615294090905978308e-01
3.099209885178879631e-01 3.622961169036331697e-01
2.985251122936787294e-01 3.627306305072799386e-01
2.873058286211370715e-01 3.628272455773473015e-01
2.762659618949298013e-01 3.625799858797769115e-01
2.654082913424666845e-01 3.619827342013770544e-01
2.547355503242452190e-01 3.610293764945178840e-01
2.442504256457417311e-01 3.597139555203458516e-01
2.339555568810219865e-01 3.580308301163677154e-01
2.238535357082431787e-01 3.559748361569786135e-01
2.139469052572124941e-01 3.535414453154970271e-01
2.042381594691679014e-01 3.507269178674203847e-01
1.947297424689413692e-01 3.475284459891992972e-01
1.854240479496642724e-01 3.439442842957298740e-01
1.763234185701672008e-01 3.399738647127852897e-01
1.674301453652287108e-01 3.356178931867930815e-01
1.587464671688187945e-01 3.308784261822136363e-01
1.502745700504856119e-01 3.257589253946134855e-01
1.420165867650229341e-01 3.202642896036704268e-01
1.339745962155614034e-01 3.144008630934351234e-01
1.261506229302150617e-01 3.081764205663086176e-01
1.185466365524179277e-01 3.016001289621919601e-01
1.111645513450765232e-01 2.946824870557758214e-01
1.040062257086641351e-01 2.874352441346174625e-01
9.707346171337882801e-02 2.798712994512422281e-01
9.036800464548166989e-02 2.720045844878975494e-01
8.389154256793041053e-02 2.638499303679097685e-01
7.764570589541863743e-02 2.554229229891847308e-01
7.163206698392743377e-02 2.467397486407987839e-01
6.585213973489323358e-02 2.378170329916222681e-01
6.030737921409157209e-02 2.286716764103352006e-01
5.499918128533154427e-02 2.193206885900106651e-01
4.992888225905456334e-02 2.097810254095335836e-01
4.509775855592612626e-02 2.000694308712820113e-01
4.050702638550263135e-02 1.902022868132596523e-01
3.615784144005795842e-02 1.801954729084562778e-01
3.205129860364375194e-02 1.700642392393156288e-01
2.818843167645834757e-02 1.598230934760195843e-01
2.457021311459295365e-02 1.494857043992746382e-01
2.119755378522125699e-02 1.390648231971071680e-01
1.807130273729329328e-02 1.285722236365866300e-01
1.519224698779197968e-02 1.180186618711855095e-01
1.256111132360571148e-02 1.074138562983314588e-01
1.017855811906731578e-02 9.676648753515336432e-02
8.045187169204659483e-03 8.608421823877758505e-02
6.161535538745877005e-03 7.537373216584423996e-02
4.528077426915411152e-03 6.464079154887086842e-02
3.145224048057615462e-03 5.389031156910368409e-02
2.013323528115562588e-03 4.312645043044399662e-02
1.132660816992037134e-03 3.235271329056219058e-02
5.034576168149174080e-04 2.157206808648253968e-02
1.258723261249317105e-04 1.078707110544617140e-02
0.000000000000000000e+00 0.000000000000000000e+00
1.258723261249317105e-04 -1.022838415662846029e-02
5.034576168149174080e-04 -2.042785884679914135e-02
1.132660816992037134e-03 -3.056986523501878730e-02
2.013323528115562588e-03 -4.062666233537720606e-02
3.145224048057615462e-03 -5.057171292057723727e-02
4.528077426915411152e-03 -6.038004243442533781e-02
6.161535538745877005e-03 -7.002856294503130574e-02
8.045187169204659483e-03 -7.949635503058642694e-02
1.017855811906731578e-02 -8.876490151695971831e-02
1.256111132360571148e-02 -9.781826816073480035e-02
1.519224698779197968e-02 -1.066432276632738735e-01
1.807130273729329328e-02 -1.152293247784773877e-01
2.119755378522125699e-02 -1.235688817046301652e-01
2.457021311459295365e-02 -1.316569443931630001e-01
2.818843167645834757e-02 -1.394911718281390267e-01
3.205129860364375194e-02 -1.470716716940641267e-01
3.615784144005795842e-02 -1.544007871219617301e-01
4.050702638550263135e-02 -1.614828403525716827e-01
4.509775855592612626e-02 -1.683238401521731653e-01
4.992888225905456334e-02 -1.749311606358944782e-01
5.499918128533154427e-02 -1.813131997749664326e-01
6.030737921409157209e-02 -1.874790262727524803e-01
6.585213973489323358e-02 -1.934380236795556762e-01
7.163206698392743377e-02 -1.991995405738966052e-01
7.764570589541863743e-02 -2.047725553698062084e-01
8.389154256793041053e-02 -2.101653638231403276e-01
9.036800464548166989e-02 -2.153852966181692419e-01
9.707346171337882801e-02 -2.204384735372941495e-01
1.040062257086641351e-01 -2.253295996751595309e-01
1.111645513450765232e-01 -2.300618079815448802e-01
1.185466365524179277e-01 -2.346365511367231871e-01
1.261506229302150617e-01 -2.390535444128581155e-01
1.339745962155614034e-01 -2.433107597918192921e-01
1.420165867650229341e-01 -2.474044702309428356e-01
1.502745700504856119e-01 -2.513293416311755957e-01
1.587464671688187945e-01 -2.550785688032640164e-01
1.674301453652287108e-01 -2.586440505817315105e-01
1.763234185701672008e-01 -2.620165982350765033e-01
1.854240479496642724e-01 -2.651861704918285212e-01
1.947297424689413692e-01 -2.681421278692183718e-01
2.042381594691679014e-01 -2.708734985723311728e-01
2.139469052572124941e-01 -2.733692480389777191e-01
2.238535357082431787e-01 -2.756185442451245526e-01
2.339555568810219865e-01 -2.776110111569879413e-01
2.442504256457417311e-01 -2.793369632116229351e-01
2.547355503242452190e-01 -2.807876144142243957e-01
2.654082913424666845e-01 -2.819552565373048547e-01
2.762659618949298013e-01 -2.828334019684132228e-01
2.873058286211370715e-01 -2.834168879478130010e-01
2.985251122936787294e-01 -2.837019402297240034e-01
3.099209885178879631e-01 -2.836861955508826472e-01
3.214905884428678196e-01 -2.833686836562425149e-01
3.332309994837083789e-01 -2.827497709701214390e-01
3.451392660547150104e-01 -2.818310692682582386e-01
3.572123903134606371e-01 -2.806153138593724394e-01
3.694473329154774888e-01 -2.791062167835552388e-01
3.818410137793947223e-01 -2.773083013424135768e-01
3.943903128623333920e-01 -2.752267248604182703e-01
4.070920709453594855e-01 -2.728670969125276957e-01
4.199430904288018462e-01 -2.702353003210135607e-01
4.329401361372292589e-01 -2.673373220137432726e-01
4.460799361338897429e-01 -2.641791003448372699e-01
4.593591825444023335e-01 -2.607663947138704752e-01
4.727745323894976259e-01 -2.571046822984408009e-01
4.863226084265935834e-01 -2.531990854635391419e-01
5.000000000000001110e-01 -2.490543319658800880e-01
5.138032638995313484e-01 -2.446747484774767778e-01
5.277289252273172915e-01 -2.400642862640817721e-01
5.417734782725895926e-01 -2.352265761320562476e-01
5.559333873942259308e-01 -2.301650080695317735e-01
5.702050879108284676e-01 -2.248828294271811856e-01
5.845849869981135649e-01 -2.193832540866368364e-01
5.990694645933862805e-01 -2.136695739282704343e-01
6.136548743068714895e-01 -2.077452631119640070e-01
6.283375443396724824e-01 -2.016140652994125315e-01
6.431137784081281117e-01 -1.952800540445415456e-01
6.579798566743311206e-01 -1.887476572230525340e-01
6.729320366825783939e-01 -1.820216376171534811e-01
6.879665543015128781e-01 -1.751070236602983166e-01
7.030796246717250231e-01 -1.680089869091656862e-01
7.182674431585703845e-01 -1.607326660611547442e-01
7.335261863099650226e-01 -1.532829412737099217e-01
7.488520128189207758e-01 -1.456641671472571065e-01
7.642410644905727191e-01 -1.378798779678717945e-01
7.796894672134594417e-01 -1.299324846107368370e-01
7.951933319348093443e-01 -1.218229888027211605e-01
8.107487556395898132e-01 -1.135507471338143559e-01
8.263518223330695855e-01 -1.051133241751053549e-01
8.419986040266501659e-01 -9.650648116945226285e-02
8.576851617267149397e-01 -8.772435385694453414e-02
8.734075464262507360e-01 -7.875987991251913456e-02
8.891618000989889303e-01 -6.960554302667669446e-02
9.049439566958173975e-01 -6.025450666102666331e-02
9.207500431432115162e-01 -5.070221576027988952e-02
9.365760803434354242e-01 -4.094854899963929623e-02
9.524180841762578398e-01 -3.100060728988439027e-02
9.682720665019324269e-01 -2.087622605455227709e-02
9.841340361651920166e-01 -1.060829904563945561e-02
9.999999999999998890e-01 -2.500000000000725925e-04
