9.999999999999998890e-01 2.500000000001570519e-04
9.841340361651920166e-01 2.166464603036460587e-02
9.682720665019324269e-01 4.151161742800140581e-02
9.524180841762578398e-01 6.037302990346300746e-02
9.365760803434354242e-01 7.864312155675183547e-02
9.207500431432115162e-01 9.657077094558376429e-02
9.049439566958173975e-01 1.142955520946787179e-01
8.891618000989889303e-01 1.318778344227559407e-01
8.734075464262507360e-01 1.493234610023728981e-01
8.576851617267149397e-01 1.666035523951737707e-01
8.419986040266501659e-01 1.836699864257602399e-01
8.263518223330695855e-01 2.004670976801906923e-01
8.107487556395898132e-01 2.169401253288218701e-01
7.951933319348093443e-01 2.330409152218692881e-01
7.796894672134594417e-01 2.487313532649625958e-01
7.642410644905727191e-01 2.639849730346135459e-01
7.488520128189207758e-01 2.787871426099056693e-01
7.335261863099650226e-01 2.931341948134013053e-01
7.182674431585703845e-01 3.070318225561080028e-01
7.030796246717250231e-01 3.204930177856653573e-01
6.879665543015128781e-01 3.335357895796665084e-01
6.729320366825783939e-01 3.461808550506825788e-01
6.579798566743311206e-01 3.584494566782366332e-01
6.431137784081281117e-01 3.703614220902537446e-01
6.283375443396724824e-01 3.819335477056366446e-01
6.136548743068714895e-01 3.931783564311061574e-01
5.990694645933862805e-01 4.041032520781009940e-01
5.845849869981135649e-01 4.147100695193973730e-01
5.702050879108284676e-01 4.249949999265819067e-01
5.559333873942259308e-01 4.349488547080614942e-01
5.417734782725895926e-01 4.445576199037050147e-01
5.277289252273172915e-01 4.538032446081313176e-01
5.138032638995313484e-01 4.626646022430283556e-01
5.000000000000001110e-01 4.711185618751927984e-01
4.863226084265935834e-01 4.791411079308289245e-01
4.727745323894976259e-01 4.867084502035916582e-01
4.593591825444023335e-01 4.937980715871380655e-01
4.460799361338897429e-01 5.003896680647915707e-01
4.329401361372292589e-01 5.064659437415128806e-01
4.199430904288018462e-01 5.120132326987549831e-01
4.070920709453594855e-01 5.170219288022627202e-01
3.943903128623333920e-01 5.214867139348507985e-01
3.818410137793947223e-01 5.254065841333050990e-01
3.694473329154774888e-01 5.287846814931473904e-01
3.572123903134606371e-01 5.316279472235443393e-01
3.451392660547150104e-01 5.339466176906889627e-01
3.332309994837083789e-01 5.357535905337663662e-01
3.214905884428678196e-01 5.370636918744819965e-01
3.099209885178879631e-01 5.378928782185435908e-01
2.985251122936787294e-01 5.382574078610947721e-01
2.873058286211370715e-01 5.381730164966197494e-01
2.762659618949298013e-01 5.376541303750728140e-01
2.654082913424666845e-01 5.367131478521490751e-01
2.547355503242452190e-01 5.353598166939205205e-01
2.442504256457417311e-01 5.336007301789745805e-01
2.339555568810219865e-01 5.314389600763773647e-01
2.238535357082431787e-01 5.288738391577919584e-01
2.139469052572124941e-01 5.259009002243857367e-01
2.042381594691679014e-01 5.225119728899803029e-01
1.947297424689413692e-01 5.186954337506936019e-01
1.854240479496642724e-01 5.144366002655851311e-01
1.763234185701672008e-01 5.097182538334038560e-01
1.674301453652287108e-01 5.045212733177517617e-01
1.587464671688187945e-01 4.988253567633758045e-01
1.502745700504856119e-01 4.926098063501600510e-01
1.420165867650229341e-01 4.858543498111760339e-01
1.339745962155614034e-01 4.785399706306945333e-01
1.261506229302150617e-01 4.706497193425333014e-01
1.185466365524179277e-01 4.621694791459394769e-01
1.111645513450765232e-01 4.530886607964604851e-01
1.040062257086641351e-01 4.434008042400668925e-01
9.707346171337882801e-02 4.331040676459790850e-01
9.036800464548166989e-02 4.222015882451446434e-01
8.389154256793041053e-02 4.107017035708573904e-01
7.764570589541863743e-02 3.986180261890918120e-01
7.163206698392743377e-02 3.859693696562296883e-01
6.585213973489323358e-02 3.727795281066615396e-01
6.030737921409157209e-02 3.590769164102636801e-01
5.499918128533154427e-02 3.448940821144477198e-01
4.992888225905456334e-02 3.302671042718954841e-01
4.509775855592612626e-02 3.152348976413244519e-01
4.050702638550263135e-02 2.998384435392187908e-01
3.615784144005795842e-02 2.841199707389139295e-01
3.205129860364375194e-02 2.681221112038920107e-01
2.818843167645834757e-02 2.518870560709804973e-01
2.457021311459295365e-02 2.354557371552009337e-01
2.119755378522125699e-02 2.188670583429327410e-01
1.807130273729329328e-02 2.021571996074258692e-01
1.519224698779197968e-02 1.853590140749913906e-01
1.256111132360571148e-02 1.685015356648539020e-01
1.017855811906731578e-02 1.516096114108927417e-01
8.045187169204659483e-03 1.347036687535348720e-01
6.161535538745877005e-03 1.177996239800858658e-01
4.528077426915411152e-03 1.009089337144830484e-01
3.145224048057615462e-03 8.403878703973854947e-02
2.013323528115562588e-03 6.719243160529983494e-02
1.132660816992037134e-03 5.036962305142964752e-02
5.034576168149174080e-04 3.356718339082793989e-02
1.258723261249317105e-04 1.677965073160972778e-02
0.000000000000000000e+00 0.000000000000000000e+00
1.258723261249317105e-04 -1.458184379711597624e-02
5.034576168149174080e-04 -2.910950665634297677e-02
1.132660816992037134e-03 -4.352994599979877893e-02
2.013323528115562588e-03 -5.779248712157002144e-02
3.145224048057615462e-03 -7.184992130595209414e-02
4.528077426915411152e-03 -8.565950376790149035e-02
6.161535538745877005e-03 -9.918382262506518499e-02
8.045187169204659483e-03 -1.123915138852398105e-01
1.017855811906731578e-02 -1.252578019440948875e-01
1.256111132360571148e-02 -1.377648502058549107e-01
1.519224698779197968e-02 -1.499019120169670649e-01
1.807130273729329328e-02 -1.616652779783860350e-01
2.119755378522125699e-02 -1.730580217057399450e-01
2.457021311459295365e-02 -1.840895520633770432e-01
2.818843167645834757e-02 -1.947749856338319152e-01
3.205129860364375194e-02 -2.051343585295692662e-01
3.615784144005795842e-02 -2.151917014501782965e-01
4.050702638550263135e-02 -2.249740059915091572e-01
4.509775855592612626e-02 -2.345101134985464186e-01
4.992888225905456334e-02 -2.438295601188278927e-01
5.499918128533154427e-02 -2.529614130815398543e-01
6.030737921409157209e-02 -2.619331335509637593e-01
6.585213973489323358e-02 -2.707695006636797186e-01
7.163206698392743377e-02 -2.794916295697168485e-01
7.764570589541863743e-02 -2.881161135025285813e-01
8.389154256793041053e-02 -2.966543161752475677e-01
9.036800464548166989e-02 -3.051118362435922826e-01
9.707346171337882801e-02 -3.134881603174787812e-01
1.040062257086641351e-01 -3.217765151949613656e-01
1.111645513450765232e-01 -3.299639238034115518e-01
1.185466365524179277e-01 -3.380314629478523569e-01
1.261506229302150617e-01 -3.459547145781637911e-01
1.339745962155614034e-01 -3.537043960921660846e-01
1.420165867650229341e-01 -3.612471493850826776e-01
1.502745700504856119e-01 -3.685464631244786404e-01
1.587464671688187945e-01 -3.755636982469670593e-01
1.674301453652287108e-01 -3.822591830933336765e-01
1.763234185701672008e-01 -3.885933420529119053e-01
1.854240479496642724e-01 -3.945278201781806104e-01
1.947297424689413692e-01 -4.000265660264776257e-01
2.042381594691679014e-01 -4.050568360218435027e-01
2.139469052572124941e-01 -4.095900859031503805e-01
2.238535357082431787e-01 -4.136027182929858936e-01
2.339555568810219865e-01 -4.170766600045234807e-01
2.442504256457417311e-01 -4.199997482823020767e-01
2.547355503242452190e-01 -4.223659115932261177e-01
2.654082913424666845e-01 -4.241751376594865564e-01
2.762659618949298013e-01 -4.254332289406120848e-01
2.873058286211370715e-01 -4.261513534896956279e-01
2.985251122936787294e-01 -4.263454067745702236e-01
3.099209885178879631e-01 -4.260352074040356651e-01
3.214905884428678196e-01 -4.252435564658333944e-01
3.332309994837083789e-01 -4.239951961063667119e-01
3.451392660547150104e-01 -4.223157078158297772e-01
3.572123903134606371e-01 -4.202303944026432592e-01
3.694473329154774888e-01 -4.177631916548111835e-01
3.818410137793947223e-01 -4.149356560385739634e-01
3.943903128623333920e-01 -4.117660733678605300e-01
4.070920709453594855e-01 -4.082687301352118658e-01
4.199430904288018462e-01 -4.044533841273279529e-01
4.329401361372292589e-01 -4.003249641194333575e-01
4.460799361338897429e-01 -3.958835199801388760e-01
4.593591825444023335e-01 -3.911244346163063046e-01
4.727745323894976259e-01 -3.860388981051439683e-01
4.863226084265935834e-01 -3.806146324213539045e-01
5.000000000000001110e-01 -3.748368427532506320e-01
5.138032638995313484e-01 -3.686893589498317358e-01
5.277289252273172915e-01 -3.621559186336281710e-01
5.417734782725895926e-01 -3.552215324717643563e-01
5.559333873942259308e-01 -3.478738625662902706e-01
5.702050879108284676e-01 -3.401045374648709596e-01
5.845849869981135649e-01 -3.319103224651829831e-01
5.990694645933862805e-01 -3.232940622377981077e-01
6.136548743068714895e-01 -3.142653148404915275e-01
6.283375443396724824e-01 -3.048406024144088011e-01
6.431137784081281117e-01 -2.950432146510246212e-01
6.579798566743311206e-01 -2.849025168334720082e-01
6.729320366825783939e-01 -2.744527351301125906e-01
6.879665543015128781e-01 -2.637312179898987363e-01
7.030796246717250231e-01 -2.527762039772539771e-01
7.182674431585703845e-01 -2.416241630782473560e-01
7.335261863099650226e-01 -2.303068201601164711e-01
7.488520128189207758e-01 -2.188480154773520814e-01
7.642410644905727191e-01 -2.072606073441841390e-01
7.796894672134594417e-01 -1.955436756386325359e-01
7.951933319348093443e-01 -1.836803408209286004e-01
8.107487556395898132e-01 -1.716365706479585085e-01
8.263518223330695855e-01 -1.593614046179656352e-01
8.419986040266501659e-01 -1.467890831338354296e-01
8.576851617267149397e-01 -1.338436230669635962e-01
8.734075464262507360e-01 -1.204464323835933437e-01
8.891618000989889303e-01 -1.065276022382090765e-01
9.049439566958173975e-01 -9.204155387488081874e-02
9.207500431432115162e-01 -7.698774821924558864e-02
9.365760803434354242e-01 -6.143718661309890278e-02
9.524180841762578398e-01 -4.556544020342043894e-02
9.682720665019324269e-01 -2.969294158437445208e-02
9.841340361651920166e-01 -1.433325404707804993e-02
9.999999999999998890e-01 -2.500000000000917287e-04
