9.999999999999998890e-01 2.500000000000760078e-04
9.841340361651920166e-01 1.107283198082986003e-02
9.682720665019324269e-01 2.174305878650751797e-02
9.524180841762578398e-01 3.217724402292813923e-02
9.365760803434354242e-01 4.232185129864729500e-02
9.207500431432115162e-01 5.214675871912263783e-02
9.049439566958173975e-01 6.163967922004096739e-02
8.891618000989889303e-01 7.080142503285033473e-02
8.734075464262507360e-01 7.964195006137794741e-02
8.576851617267149397e-01 8.817710098097471250e-02
8.419986040266501659e-01 9.642600634725123632e-02
8.263518223330695855e-01 1.044090328015035568e-01
8.107487556395898132e-01 1.121462384538451651e-01
7.951933319348093443e-01 1.196562555736216116e-01
7.796894672134594417e-01 1.269555376749038622e-01
7.642410644905727191e-01 1.340579098050091456e-01
7.488520128189207758e-01 1.409743651783523510e-01
7.335261863099650226e-01 1.477130561014047549e-01
7.182674431585703845e-01 1.542794322670467677e-01
7.030796246717250231e-01 1.606764848252191513e-01
6.879665543015128781e-01 1.669050600375553695e-01
6.729320366825783939e-01 1.729642116832641741e-01
6.579798566743311206e-01 1.788515666003570870e-01
6.431137784081281117e-01 1.845636827316251005e-01
6.283375443396724824e-01 1.900963837231950115e-01
6.136548743068714895e-01 1.954450584334349039e-01
5.990694645933862805e-01 2.006049176036535375e-01
5.845849869981135649e-01 2.055712033852331033e-01
5.702050879108284676e-01 2.103393503894752659e-01
5.559333873942259308e-01 2.149050994178515195e-01
5.417734782725895926e-01 2.192645670443977013e-01
5.277289252273172915e-01 2.234142757719762840e-01
5.138032638995313484e-01 2.273511505926179566e-01
5.000000000000001110e-01 2.310724884796585832e-01
4.863226084265935834e-01 2.345759076629743700e-01
4.727745323894976259e-01 2.378592835305272379e-01
4.593591825444023335e-01 2.409206777056234483e-01
4.460799361338897429e-01 2.437582663180527798e-01
4.329401361372292589e-01 2.463702727679059346e-01
4.199430904288018462e-01 2.487549094223641677e-01
4.070920709453594855e-01 2.509103317356802254e-01
3.943903128623333920e-01 2.528346072859848914e-01
3.818410137793947223e-01 2.545257012211137315e-01
3.694473329154774888e-01 2.559814786368286854e-01
3.572123903134606371e-01 2.571997235073013033e-01
3.451392660547150104e-01 2.581781729769532241e-01
3.332309994837083789e-01 2.589145651266549497e-01
3.214905884428678196e-01 2.594066977620562153e-01
3.099209885178879631e-01 2.596524953480669473e-01
2.985251122936787294e-01 2.596500809362686235e-01
2.873058286211370715e-01 2.593978498011728084e-01
2.762659618949298013e-01 2.588945415117637761e-01
2.654082913424666845e-01 2.581393073073782740e-01
2.547355503242452190e-01 2.571317699086280717e-01
2.442504256457417311e-01 2.558720732586194369e-01
2.339555568810219865e-01 2.543609201385933494e-01
2.238535357082431787e-01 2.525995961150189206e-01
2.139469052572124941e-01 2.505899788308512122e-01
2.042381594691679014e-01 2.483345322305288427e-01
1.947297424689413692e-01 2.458362858851340094e-01
1.854240479496642724e-01 2.430988001407621280e-01
1.763234185701672008e-01 2.401261183308899816e-01
1.674301453652287108e-01 2.369227077557874706e-01
1.587464671688187945e-01 2.334933915246409919e-01
1.502745700504856119e-01 2.298432736676845056e-01
1.420165867650229341e-01 2.259776601478944158e-01
1.339745962155614034e-01 2.219019785295079095e-01
1.261506229302150617e-01 2.176216990917156091e-01
1.185466365524179277e-01 2.131422601114700555e-01
1.111645513450765232e-01 2.084689998835359548e-01
1.040062257086641351e-01 2.036070978055342096e-01
9.707346171337882801e-02 1.985615265401545482e-01
9.036800464548166989e-02 1.933370168873912165e-01
8.389154256793041053e-02 1.879380365697911892e-01
7.764570589541863743e-02 1.823687836677777285e-01
7.163206698392743377e-02 1.766331949554274250e-01
6.585213973489323358e-02 1.707349688952947697e-01
6.030737921409157209e-02 1.646776025695246559e-01
5.499918128533154427e-02 1.584644413685317443e-01
4.992888225905456334e-02 1.520987398418939540e-01
4.509775855592612626e-02 1.455837317513687945e-01
4.050702638550263135e-02 1.389227070638705541e-01
3.615784144005795842e-02 1.321190933916596699e-01
3.205129860364375194e-02 1.251765392343623384e-01
2.818843167645834757e-02 1.180989963069047077e-01
2.457021311459295365e-02 1.108907982505971113e-01
2.119755378522125699e-02 1.035567331205459463e-01
1.807130273729329328e-02 9.610210721794319733e-02
1.519224698779197968e-02 8.853279808490764624e-02
1.256111132360571148e-02 8.085529479459382940e-02
1.017855811906731578e-02 7.307672404054173232e-02
8.045187169204659483e-03 6.520486094539268418e-02
6.161535538745877005e-03 5.724812395760327938e-02
4.528077426915411152e-03 4.921555367218102828e-02
3.145224048057615462e-03 4.111677588386454529e-02
2.013323528115562588e-03 3.296194964449935400e-02
1.132660816992037134e-03 2.476170153699988261e-02
5.034576168149174080e-04 1.652704778321698043e-02
1.258723261249317105e-04 8.269306160370743300e-03
0.000000000000000000e+00 0.000000000000000000e+00
1.258723261249317105e-04 -8.219756912512643510e-03
5.034576168149174080e-04 -1.642679526786978983e-02
1.132660816992037134e-03 -2.460844360429148212e-02
2.013323528115562588e-03 -3.275224797516752828e-02
3.145224048057615462e-03 -4.084607437249380274e-02
4.528077426915411152e-03 -4.887820372674706038e-02
6.161535538745877005e-03 -5.683741731489296012e-02
8.045187169204659483e-03 -6.471307066032791488e-02
1.017855811906731578e-02 -7.249515431099354257e-02
1.256111132360571148e-02 -8.017434022671597604e-02
1.519224698779197968e-02 -8.774201288492067263e-02
1.807130273729329328e-02 -9.519028461521288065e-02
2.119755378522125699e-02 -1.025119950873246977e-01
2.457021311459295365e-02 -1.097006952925385359e-01
2.818843167645834757e-02 -1.167506167648685172e-01
3.205129860364375194e-02 -1.236566271741179335e-01
3.615784144005795842e-02 -1.304141737780633303e-01
4.050702638550263135e-02 -1.370192165358328218e-01
4.509775855592612626e-02 -1.434681529504713282e-01
4.992888225905456334e-02 -1.497577369183788476e-01
5.499918128533154427e-02 -1.558849940109253429e-01
6.030737921409157209e-02 -1.618471356948237849e-01
6.585213973489323358e-02 -1.676414750103125129e-01
7.163206698392743377e-02 -1.732653461691796293e-01
7.764570589541863743e-02 -1.787160304093786956e-01
8.389154256793041053e-02 -1.839906902524883203e-01
9.036800464548166989e-02 -1.890863140594097602e-01
9.707346171337882801e-02 -1.939996724750166490e-01
1.040062257086641351e-01 -1.987272880020341526e-01
1.111645513450765232e-01 -2.032654185576290573e-01
1.185466365524179277e-01 -2.076100554535426357e-01
1.261506229302150617e-01 -2.117569358134406832e-01
1.339745962155614034e-01 -2.157015690113603668e-01
1.420165867650229341e-01 -2.194392762948429998e-01
1.502745700504856119e-01 -2.229652423575628206e-01
1.587464671688187945e-01 -2.262745772606452321e-01
1.674301453652287108e-01 -2.293623867802700167e-01
1.763234185701672008e-01 -2.322238489914344728e-01
1.854240479496642724e-01 -2.348542946924168651e-01
1.947297424689413692e-01 -2.372492891384399838e-01
2.042381594691679014e-01 -2.394047124914057412e-01
2.139469052572124941e-01 -2.413168364084461170e-01
2.238535357082431787e-01 -2.429823942863993669e-01
2.339555568810219865e-01 -2.443986428509311859e-01
2.442504256457417311e-01 -2.455634130244120916e-01
2.547355503242452190e-01 -2.464751483201505222e-01
2.654082913424666845e-01 -2.471329293843940733e-01
2.762659618949298013e-01 -2.475364837318954903e-01
2.873058286211370715e-01 -2.476861801843034949e-01
2.985251122936787294e-01 -2.475830080102039699e-01
3.099209885178879631e-01 -2.472285412671385574e-01
3.214905884428678196e-01 -2.466248893443677703e-01
3.332309994837083789e-01 -2.457746351851136657e-01
3.451392660547150104e-01 -2.446807631130373251e-01
3.572123903134606371e-01 -2.433465785847416518e-01
3.694473329154774888e-01 -2.417756225239280632e-01
3.818410137793947223e-01 -2.399715831505555008e-01
3.943903128623333920e-01 -2.379382083887204569e-01
4.070920709453594855e-01 -2.356792220108716029e-01
4.199430904288018462e-01 -2.331982466467307780e-01
4.329401361372292589e-01 -2.304987366490018619e-01
4.460799361338897429e-01 -2.275839235637637237e-01
4.593591825444023335e-01 -2.244567766037121048e-01
4.727745323894976259e-01 -2.211199800728575748e-01
4.863226084265935834e-01 -2.175759291510059867e-01
5.000000000000001110e-01 -2.138267448277987315e-01
5.138032638995313484e-01 -2.098743080949712070e-01
5.277289252273172915e-01 -2.057203127804869414e-01
5.417734782725895926e-01 -2.013663356607671984e-01
5.559333873942259308e-01 -1.968139217410916353e-01
5.702050879108284676e-01 -1.920646818750443852e-01
5.845849869981135649e-01 -1.871203992285751239e-01
5.990694645933862805e-01 -1.819831405105337696e-01
6.136548743068714895e-01 -1.766553674172147703e-01
6.283375443396724824e-01 -1.711400434006675464e-01
6.431137784081281117e-01 -1.654407306951345968e-01
6.579798566743311206e-01 -1.595616725467191299e-01
6.729320366825783939e-01 -1.535078558091911294e-01
6.879665543015128781e-01 -1.472850495111312219e-01
7.030796246717250231e-01 -1.408998156795514545e-01
7.182674431585703845e-01 -1.343594896310614240e-01
7.335261863099650226e-01 -1.276721281164581445e-01
7.488520128189207758e-01 -1.208464251253043714e-01
7.642410644905727191e-01 -1.138915968143237173e-01
7.796894672134594417e-01 -1.068172389013965357e-01
7.951933319348093443e-01 -9.963316194299856599e-02
8.107487556395898132e-01 -9.234921215772654013e-02
8.263518223330695855e-01 -8.497508783614482475e-02
8.419986040266501659e-01 -7.752016384522300574e-02
8.576851617267149397e-01 -6.999333924585328381e-02
8.734075464262507360e-01 -6.240292554067895098e-02
8.891618000989889303e-01 -5.475659549841219165e-02
9.049439566958173975e-01 -4.706141479780771159e-02
9.207500431432115162e-01 -3.932398083449428761e-02
9.365760803434354242e-01 -3.155069487017878038e-02
9.524180841762578398e-01 -2.374819520901423273e-02
9.682720665019324269e-01 -1.592398019355331651e-02
9.841340361651920166e-01 -8.087250458164609371e-03
9.999999999999998890e-01 -2.500000000000548116e-04
