9.999999999999998890e-01 2.500000000000981255e-04
9.841340361651920166e-01 1.407462462242717142e-02
9.682720665019324269e-01 2.751447244175892620e-02
9.524180841762578398e-01 4.059338158410015496e-02
9.365760803434354242e-01 5.332793678443704943e-02
9.207500431432115162e-01 6.572910577795669507e-02
9.049439566958173975e-01 7.780362305365677578e-02
8.891618000989889303e-01 8.955514160647494448e-02
8.734075464262507360e-01 1.009851742200263275e-01
8.576851617267149397e-01 1.120938462481865933e-01
8.419986040266501659e-01 1.228804818781861485e-01
8.263518223330695855e-01 1.333440454925855223e-01
8.107487556395898132e-01 1.434834590474140803e-01
7.951933319348093443e-01 1.532978153958106660e-01
7.796894672134594417e-01 1.627865062586118239e-01
7.642410644905727191e-01 1.719492821234869795e-01
7.488520128189207758e-01 1.807862597895881773e-01
7.335261863099650226e-01 1.892978916108501442e-01
7.182674431585703845e-01 1.974849087712932383e-01
7.030796246717250231e-01 2.053482491902629825e-01
6.879665543015128781e-01 2.128889789412997668e-01
6.729320366825783939e-01 2.201082144082002756e-01
6.579798566743311206e-01 2.270070508244780016e-01
6.431137784081281117e-01 2.335865013720811456e-01
6.283375443396724824e-01 2.398474496715169990e-01
6.136548743068714895e-01 2.457906172934866962e-01
5.990694645933862805e-01 2.514165468722682206e-01
5.845849869981135649e-01 2.567256005094821214e-01
5.702050879108284676e-01 2.617179724255280782e-01
5.559333873942259308e-01 2.663937142429845806e-01
5.417734782725895926e-01 2.707527708662675892e-01
5.277289252273172915e-01 2.747950246463871093e-01
5.138032638995313484e-01 2.785203453776560201e-01
5.000000000000001110e-01 2.819286436514349958e-01
4.863226084265935834e-01 2.850199251755475838e-01
4.727745323894976259e-01 2.877943438407204457e-01
4.593591825444023335e-01 2.902522515605259756e-01
4.460799361338897429e-01 2.923942432117109247e-01
4.329401361372292589e-01 2.942211953406480007e-01
4.199430904288018462e-01 2.957342976626455289e-01
4.070920709453594855e-01 2.969350767486623743e-01
3.943903128623333920e-01 2.978254116545597796e-01
3.818410137793947223e-01 2.984075415888295946e-01
3.694473329154774888e-01 2.986840660250099644e-01
3.572123903134606371e-01 2.986579379358347275e-01
3.451392660547150104e-01 2.983324510506756844e-01
3.332309994837083789e-01 2.977112222111803486e-01
3.214905884428678196e-01 2.967981700193438876e-01
3.099209885178879631e-01 2.955974910367210051e-01
2.985251122936787294e-01 2.941136348040786497e-01
2.873058286211370715e-01 2.923512789101981313e-01
2.762659618949298013e-01 2.903153052509766519e-01
2.654082913424666845e-01 2.880107784909847757e-01
2.547355503242452190e-01 2.854429275757782714e-01
2.442504256457417311e-01 2.826171309519736052e-01
2.339555568810219865e-01 2.795389059413128652e-01
2.238535357082431787e-01 2.762139024929368691e-01
2.139469052572124941e-01 2.726479013131261064e-01
2.042381594691679014e-01 2.688468161519298461e-01
1.947297424689413692e-01 2.648166998189987464e-01
1.854240479496642724e-01 2.605637533135367612e-01
1.763234185701672008e-01 2.560943372917005023e-01
1.674301453652287108e-01 2.514149849641457712e-01
1.587464671688187945e-01 2.465324154207584606e-01
1.502745700504856119e-01 2.414535463217402922e-01
1.420165867650229341e-01 2.361855048757116882e-01
1.339745962155614034e-01 2.307356360466858158e-01
1.261506229302150617e-01 2.251115069917121458e-01
1.185466365524179277e-01 2.193209068276061324e-01
1.111645513450765232e-01 2.133718409552659290e-01
1.040062257086641351e-01 2.072725193294520374e-01
9.707346171337882801e-02 2.010313382455635178e-01
9.036800464548166989e-02 1.946568554171623222e-01
8.389154256793041053e-02 1.881577583325859948e-01
7.764570589541863743e-02 1.815428260993944276e-01
7.163206698392743377e-02 1.748208852049494832e-01
6.585213973489323358e-02 1.680007598335196695e-01
6.030737921409157209e-02 1.610912175785312317e-01
5.499918128533154427e-02 1.541009115670164409e-01
4.992888225905456334e-02 1.470383201665346196e-01
4.509775855592612626e-02 1.399116855682084326e-01
4.050702638550263135e-02 1.327289526291988708e-01
3.615784144005795842e-02 1.254977094110877600e-01
3.205129860364375194e-02 1.182251308653562982e-01
2.818843167645834757e-02 1.109179270926894528e-01
2.457021311459295365e-02 1.035822975394480178e-01
2.119755378522125699e-02 9.622389239371614833e-02
1.807130273729329328e-02 8.884778230720183356e-02
1.519224698779197968e-02 8.145843740129432575e-02
1.256111132360571148e-02 7.405971631995281190e-02
1.017855811906731578e-02 6.665486587376619199e-02
8.045187169204659483e-03 5.924653158404414449e-02
6.161535538745877005e-03 5.183677918921637123e-02
4.528077426915411152e-03 4.442712692444083372e-02
3.145224048057615462e-03 3.701858813567199952e-02
2.013323528115562588e-03 2.961172354789202640e-02
1.132660816992037134e-03 2.220670228006550034e-02
5.034576168149174080e-04 1.480337049247032292e-02
1.258723261249317105e-04 7.401326370747068201e-03
0.000000000000000000e+00 0.000000000000000000e+00
1.258723261249317105e-04 -6.824540693769473761e-03
5.034576168149174080e-04 -1.362743078667508212e-02
1.132660816992037134e-03 -2.038722641468487806e-02
2.013323528115562588e-03 -2.708301681133369262e-02
3.145224048057615462e-03 -3.369467537169413413e-02
4.528077426915411152e-03 -4.020309259087232606e-02
6.161535538745877005e-03 -4.659038559782337219e-02
8.045187169204659483e-03 -5.284007963200561264e-02
1.017855811906731578e-02 -5.893725756092508400e-02
1.256111132360571148e-02 -6.486867439036676786e-02
1.519224698779197968e-02 -7.062283465261437465e-02
1.807130273729329328e-02 -7.619003154549729151e-02
2.119755378522125699e-02 -8.156234770949953583e-02
2.457021311459295365e-02 -8.673361854334792065e-02
2.818843167645834757e-02 -9.169935994244841904e-02
3.205129860364375194e-02 -9.645666327193450074e-02
3.615784144005795842e-02 -1.010040612311124686e-01
4.050702638550263135e-02 -1.053413690051294566e-01
4.509775855592612626e-02 -1.094695057120181059e-01
4.992888225905456334e-02 -1.133903016216156190e-01
5.499918128533154427e-02 -1.171062969339207033e-01
6.030737921409157209e-02 -1.206205380493063500e-01
6.585213973489323358e-02 -1.239363772373705957e-01
7.163206698392743377e-02 -1.270572814156113450e-01
7.764570589541863743e-02 -1.299866553889403031e-01
8.389154256793041053e-02 -1.327276843864097500e-01
9.036800464548166989e-02 -1.352832000770518850e-01
9.707346171337882801e-02 -1.376555734712007484e-01
1.040062257086641351e-01 -1.398466372395189283e-01
1.111645513450765232e-01 -1.418576390347246474e-01
1.185466365524179277e-01 -1.436892264086333248e-01
1.261506229302150617e-01 -1.453414629091532018e-01
1.339745962155614034e-01 -1.468138739486926081e-01
1.420165867650229341e-01 -1.481055200873790112e-01
1.502745700504856119e-01 -1.492150945009704244e-01
1.587464671688187945e-01 -1.501410406319828861e-01
1.674301453652287108e-01 -1.508816853783474798e-01
1.763234185701672008e-01 -1.514353826784196888e-01
1.854240479496642724e-01 -1.518006620218257108e-01
1.947297424689413692e-01 -1.519763762651438199e-01
2.042381594691679014e-01 -1.519618431672317138e-01
2.139469052572124941e-01 -1.517569752829704965e-01
2.238535357082431787e-01 -1.513623932623286705e-01
2.339555568810219865e-01 -1.507795181841061205e-01
2.442504256457417311e-01 -1.500106392948656608e-01
2.547355503242452190e-01 -1.490589544022896673e-01
2.654082913424666845e-01 -1.479285811623280711e-01
2.762659618949298013e-01 -1.466245385704215420e-01
2.873058286211370715e-01 -1.451526990844594633e-01
2.985251122936787294e-01 -1.435197129338728894e-01
3.099209885178879631e-01 -1.417329072664473277e-01
3.214905884428678196e-01 -1.398001638125124235e-01
3.332309994837083789e-01 -1.377297796660587603e-01
3.451392660547150104e-01 -1.355303165567271761e-01
3.572123903134606371e-01 -1.332104445811949089e-01
3.694473329154774888e-01 -1.307787867471361387e-01
3.818410137793947223e-01 -1.282437708329631776e-01
3.943903128623333920e-01 -1.256134949637657816e-01
4.070920709453594855e-01 -1.228956129375539386e-01
4.199430904288018462e-01 -1.200972447036949969e-01
4.329401361372292589e-01 -1.172249165039569857e-01
4.460799361338897429e-01 -1.142845340518929692e-01
4.593591825444023335e-01 -1.112813907742393610e-01
4.727745323894976259e-01 -1.082202116040287265e-01
4.863226084265935834e-01 -1.051052311441916520e-01
5.000000000000001110e-01 -1.019403032663915437e-01
5.138032638995313484e-01 -9.872903743471184157e-02
5.277289252273172915e-01 -9.547495531665746438e-02
5.417734782725895926e-01 -9.218165963959666642e-02
5.559333873942259308e-01 -8.885300584830373161e-02
5.702050879108284676e-01 -8.549326600018107569e-02
5.845849869981135649e-01 -8.210727358103636631e-02
5.990694645933862805e-01 -7.870053761633492850e-02
6.136548743068714895e-01 -7.527931466715982733e-02
6.283375443396724824e-01 -7.185062810703009284e-02
6.431137784081281117e-01 -6.842222553710980426e-02
6.579798566743311206e-01 -6.500246736421802507e-02
6.729320366825783939e-01 -6.160014247641969892e-02
6.879665543015128781e-01 -5.822421062768694255e-02
7.030796246717250231e-01 -5.488347559194409891e-02
7.182674431585703845e-01 -5.158619835478195359e-02
7.335261863099650226e-01 -4.833966554512235392e-02
7.488520128189207758e-01 -4.514973491481823198e-02
7.642410644905727191e-01 -4.202038687538378614e-02
7.796894672134594417e-01 -3.895331879940840819e-02
7.951933319348093443e-01 -3.594762686941856827e-02
8.107487556395898132e-01 -3.299962856739627193e-02
8.263518223330695855e-01 -3.010288728208847589e-02
8.419986040266501659e-01 -2.724850878837220894e-02
8.576851617267149397e-01 -2.442578732663809593e-02
8.734075464262507360e-01 -2.162328647001870302e-02
8.891618000989889303e-01 -1.883044669224879022e-02
9.049439566958173975e-01 -1.603981731075071818e-02
9.207500431432115162e-01 -1.325001504666509754e-02
9.365760803434354242e-01 -1.046951458540458166e-02
9.524180841762578398e-01 -7.721378012752240332e-03
9.682720665019324269e-01 -5.049029627544235344e-03
9.841340361651920166e-01 -2.523180192539096513e-03
9.999999999999998890e-01 -2.500000000000146961e-04
