9.999999999999998890e-01 2.500000000000856572e-04
9.841340361651920166e-01 1.233492218626538496e-02
9.682720665019324269e-01 2.411807109297153112e-02
9.524180841762578398e-01 3.561813645610626550e-02
9.365760803434354242e-01 4.685155705772119095e-02
9.207500431432115162e-01 5.783224699320741596e-02
9.049439566958173975e-01 6.857147670346518120e-02
8.891618000989889303e-01 7.907788451202418800e-02
8.734075464262507360e-01 8.935759494551323567e-02
8.576851617267149397e-01 9.941442103581885070e-02
8.419986040266501659e-01 1.092501290560492222e-01
8.263518223330695855e-01 1.188647456797862212e-01
8.107487556395898132e-01 1.282568893223124395e-01
7.951933319348093443e-01 1.374241093713443329e-01
7.796894672134594417e-01 1.463632190915311326e-01
7.642410644905727191e-01 1.550706101412266669e-01
7.488520128189207758e-01 1.635425388235885180e-01
7.335261863099650226e-01 1.717753763616396978e-01
7.182674431585703845e-01 1.797658175967971339e-01
7.030796246717250231e-01 1.875110445249319469e-01
6.879665543015128781e-01 1.950088429701719583e-01
6.729320366825783939e-01 2.022576724262197256e-01
6.579798566743311206e-01 2.092566906448066477e-01
6.431137784081281117e-01 2.160057359031918867e-01
6.283375443396724824e-01 2.225052710246694376e-01
6.136548743068714895e-01 2.287562941503874792e-01
5.990694645933862805e-01 2.347602219648853572e-01
5.845849869981135649e-01 2.405187515637897955e-01
5.702050879108284676e-01 2.460337074266461810e-01
5.559333873942259308e-01 2.513068800314038342e-01
5.417734782725895926e-01 2.563398625336659742e-01
5.277289252273172915e-01 2.611338916504808982e-01
5.138032638995313484e-01 2.656896984547078566e-01
5.000000000000001110e-01 2.700073742232702578e-01
4.863226084265935834e-01 2.740862558137112104e-01
4.727745323894976259e-01 2.779248342919837245e-01
4.593591825444023335e-01 2.815206897242306661e-01
4.460799361338897429e-01 2.848704542000229378e-01
4.329401361372292589e-01 2.879698042970472160e-01
4.199430904288018462e-01 2.908134833492356797e-01
4.070920709453594855e-01 2.933953530619664019e-01
3.943903128623333920e-01 2.957084732474440925e-01
3.818410137793947223e-01 2.977452077467285796e-01
3.694473329154774888e-01 2.994973539757306846e-01
3.572123903134606371e-01 3.009562929918925267e-01
3.451392660547150104e-01 3.021131565345820946e-01
3.332309994837083789e-01 3.029590071511689131e-01
3.214905884428678196e-01 3.034850272852986919e-01
3.099209885178879631e-01 3.036827130745025638e-01
2.985251122936787294e-01 3.035440685789150828e-01
2.873058286211370715e-01 3.030617962372584295e-01
2.762659618949298013e-01 3.022294795140073598e-01
2.654082913424666845e-01 3.010417539546565435e-01
2.547355503242452190e-01 2.994944631945760105e-01
2.442504256457417311e-01 2.975847968602130522e-01
2.339555568810219865e-01 2.953114077475547661e-01
2.238535357082431787e-01 2.926745061494437361e-01
2.139469052572124941e-01 2.896759297178804760e-01
2.042381594691679014e-01 2.863191877771837368e-01
1.947297424689413692e-01 2.826094795365192702e-01
1.854240479496642724e-01 2.785536861740628423e-01
1.763234185701672008e-01 2.741603372690030183e-01
1.674301453652287108e-01 2.694395525317881956e-01
1.587464671688187945e-01 2.644029602187409900e-01
1.502745700504856119e-01 2.590635940070124543e-01
1.420165867650229341e-01 2.534357704438385817e-01
1.339745962155614034e-01 2.475349493657281463e-01
1.261506229302150617e-01 2.413775799055712379e-01
1.185466365524179277e-01 2.349809348672477760e-01
1.111645513450765232e-01 2.283629363481089469e-01
1.040062257086641351e-01 2.215419755310533978e-01
9.707346171337882801e-02 2.145367295524276130e-01
9.036800464548166989e-02 2.073659782833737752e-01
8.389154256793041053e-02 2.000484237452335168e-01
7.764570589541863743e-02 1.926025147196835652e-01
7.163206698392743377e-02 1.850462789175500167e-01
6.585213973489323358e-02 1.773971648432606796e-01
6.030737921409157209e-02 1.696718952414431603e-01
5.499918128533154427e-02 1.618863337450913431e-01
4.992888225905456334e-02 1.540553660677473624e-01
4.509775855592612626e-02 1.461927968017033008e-01
4.050702638550263135e-02 1.383112626063335016e-01
3.615784144005795842e-02 1.304221623007946751e-01
3.205129860364375194e-02 1.225356041182324995e-01
2.818843167645834757e-02 1.146603701383860918e-01
2.457021311459295365e-02 1.068038976952952468e-01
2.119755378522125699e-02 9.897227735910864299e-02
1.807130273729329328e-02 9.117026691730141519e-02
1.519224698779197968e-02 8.340132063168670395e-02
1.256111132360571148e-02 7.566763292337602698e-02
1.017855811906731578e-02 6.797019553754332644e-02
8.045187169204659483e-03 6.030886716204983400e-02
6.161535538745877005e-03 5.268245441674238722e-02
4.528077426915411152e-03 4.508880309112920509e-02
3.145224048057615462e-03 3.752489848449144794e-02
2.013323528115562588e-03 2.998697369134310439e-02
1.132660816992037134e-03 2.247062467359673896e-02
5.034576168149174080e-04 1.497093096586929462e-02
1.258723261249317105e-04 7.482580869340641101e-03
0.000000000000000000e+00 0.000000000000000000e+00
1.258723261249317105e-04 -6.419972503224904807e-03
5.034576168149174080e-04 -1.281372153499324082e-02
1.132660816992037134e-03 -1.915527316771565083e-02
2.013323528115562588e-03 -2.541927286000897693e-02
3.145224048057615462e-03 -3.158128130417622165e-02
4.528077426915411152e-03 -3.761805398467579775e-02
6.161535538745877005e-03 -4.350779956797895531e-02
8.045187169204659483e-03 -4.923041269869457559e-02
1.017855811906731578e-02 -5.476767732414888207e-02
1.256111132360571148e-02 -6.010343729666626361e-02
1.519224698779197968e-02 -6.522373169466171017e-02
1.807130273729329328e-02 -7.011689304383811328e-02
2.119755378522125699e-02 -7.477360739078994789e-02
2.457021311459295365e-02 -7.918693596491922781e-02
2.818843167645834757e-02 -8.335229894242394966e-02
3.205129860364375194e-02 -8.726742258010483644e-02
3.615784144005795842e-02 -9.093225169948400410e-02
4.050702638550263135e-02 -9.434883015701642228e-02
4.509775855592612626e-02 -9.752115251935644658e-02
4.992888225905456334e-02 -1.004549906609948917e-01
5.499918128533154427e-02 -1.031576994046442264e-01
6.030737921409157209e-02 -1.056380056245503352e-01
6.585213973489323358e-02 -1.079057854242027881e-01
7.163206698392743377e-02 -1.099718340802452454e-01
7.764570589541863743e-02 -1.118476334142153999e-01
8.389154256793041053e-02 -1.135451211163354818e-01
9.036800464548166989e-02 -1.150764663069765853e-01
9.707346171337882801e-02 -1.164538552902404794e-01
1.040062257086641351e-01 -1.176892910412709187e-01
1.111645513450765232e-01 -1.187944094873952666e-01
1.185466365524179277e-01 -1.197803151076180239e-01
1.261506229302150617e-01 -1.206574378012224835e-01
1.339745962155614034e-01 -1.214354123809518876e-01
1.420165867650229341e-01 -1.221229814464556973e-01
1.502745700504856119e-01 -1.227279218062529015e-01
1.587464671688187945e-01 -1.232569940576078160e-01
1.674301453652287108e-01 -1.237159144185533549e-01
1.763234185701672008e-01 -1.241093474483991738e-01
1.854240479496642724e-01 -1.244409179040407709e-01
1.947297424689413692e-01 -1.247132396685444455e-01
2.042381594691679014e-01 -1.249279594625213735e-01
2.139469052572124941e-01 -1.250858129115971773e-01
2.238535357082431787e-01 -1.251866904957444904e-01
2.339555568810219865e-01 -1.252297109462515712e-01
2.442504256457417311e-01 -1.252132997785488921e-01
2.547355503242452190e-01 -1.251352708460208296e-01
2.654082913424666845e-01 -1.249929090606562015e-01
2.762659618949298013e-01 -1.247830527379385629e-01
2.873058286211370715e-01 -1.245021743707715872e-01
2.985251122936787294e-01 -1.241464590039856319e-01
3.099209885178879631e-01 -1.237118797495801170e-01
3.214905884428678196e-01 -1.231942703354106522e-01
3.332309994837083789e-01 -1.225893948988078241e-01
3.451392660547150104e-01 -1.218930155047091984e-01
3.572123903134606371e-01 -1.211009580698834548e-01
3.694473329154774888e-01 -1.202091774974077959e-01
3.818410137793947223e-01 -1.192138228581336307e-01
3.943903128623333920e-01 -1.181113033911285748e-01
4.070920709453594855e-01 -1.168983559294867608e-01
4.199430904288018462e-01 -1.155721140921222023e-01
4.329401361372292589e-01 -1.141301792214101107e-01
4.460799361338897429e-01 -1.125706926007473546e-01
4.593591825444023335e-01 -1.108924079700529253e-01
4.727745323894976259e-01 -1.090947627904853279e-01
4.863226084265935834e-01 -1.071779461164100999e-01
5.000000000000001110e-01 -1.051429603413867181e-01
5.138032638995313484e-01 -1.029916735279853557e-01
5.277289252273172915e-01 -1.007268585441262465e-01
5.417734782725895926e-01 -9.835221484939260517e-02
5.559333873942259308e-01 -9.587236854304263811e-02
5.702050879108284676e-01 -9.329284624152128780e-02
5.845849869981135649e-01 -9.062001853698423148e-02
5.990694645933862805e-01 -8.786100923793316309e-02
6.136548743068714895e-01 -8.502356734395227766e-02
6.283375443396724824e-01 -8.211589979010079643e-02
6.431137784081281117e-01 -7.914646443882134008e-02
6.579798566743311206e-01 -7.612372461781685695e-02
6.729320366825783939e-01 -7.305586871305867758e-02
6.879665543015128781e-01 -6.995050092997565083e-02
7.030796246717250231e-01 -6.681431232622180028e-02
7.182674431585703845e-01 -6.365274457891960391e-02
7.335261863099650226e-01 -6.046966264934956065e-02
7.488520128189207758e-01 -5.726705650840445416e-02
7.642410644905727191e-01 -5.404479633446315073e-02
7.796894672134594417e-01 -5.080047002737883566e-02
7.951933319348093443e-01 -4.752933642200628944e-02
8.107487556395898132e-01 -4.422443214483664370e-02
8.263518223330695855e-01 -4.087687454016041000e-02
8.419986040266501659e-01 -3.747640739062720050e-02
8.576851617267149397e-01 -3.401224015595696870e-02
8.734075464262507360e-01 -3.047423503126056241e-02
8.891618000989889303e-01 -2.685449915672792967e-02
9.049439566958173975e-01 -2.314944166458493199e-02
9.207500431432115162e-01 -1.936235679821590033e-02
9.365760803434354242e-01 -1.550659495542039586e-02
9.524180841762578398e-01 -1.160938307095956551e-02
9.682720665019324269e-01 -7.716354148388458560e-03
9.841340361651920166e-01 -3.896842873467133879e-03
9.999999999999998890e-01 -2.500000000000246166e-04
