9.999999999999998890e-01 2.500000000001910958e-04
9.841340361651920166e-01 2.441459792750091257e-02
9.682720665019324269e-01 4.318575459625408758e-02
9.524180841762578398e-01 5.775001537362745713e-02
9.365760803434354242e-01 6.907893478828591727e-02
9.207500431432115162e-01 7.795896590115410085e-02
9.049439566958173975e-01 8.501856989679162924e-02
8.891618000989889303e-01 9.075261701358312838e-02
8.734075464262507360e-01 9.554417535683597251e-02
8.576851617267149397e-01 9.968380549096225729e-02
8.419986040266501659e-01 1.033864960784822984e-01
8.263518223330695855e-01 1.068063893685231580e-01
8.107487556395898132e-01 1.100494552243468510e-01
7.951933319348093443e-01 1.131842788450707765e-01
7.796894672134594417e-01 1.162511306396388361e-01
7.642410644905727191e-01 1.192694871348592978e-01
7.488520128189207758e-01 1.222441696460355720e-01
7.335261863099650226e-01 1.251702630226201041e-01
7.182674431585703845e-01 1.280369704226802241e-01
7.030796246717250231e-01 1.308305520893102702e-01
6.879665543015128781e-01 1.335364868149107598e-01
6.729320366825783939e-01 1.361409844910422273e-01
6.579798566743311206e-01 1.386319671436796463e-01
6.431137784081281117e-01 1.409996244195446669e-01
6.283375443396724824e-01 1.432366378711168176e-01
6.136548743068714895e-01 1.453381568146894787e-01
5.990694645933862805e-01 1.473015972107744320e-01
5.845849869981135649e-01 1.491263241158594655e-01
5.702050879108284676e-01 1.508132679281749544e-01
5.559333873942259308e-01 1.523645150193654874e-01
5.417734782725895926e-01 1.537829045032872433e-01
5.277289252273172915e-01 1.550716549107702125e-01
5.138032638995313484e-01 1.562340374583239544e-01
5.000000000000001110e-01 1.572731064393359524e-01
4.863226084265935834e-01 1.581914920268598646e-01
4.727745323894976259e-01 1.589912564370503378e-01
4.593591825444023335e-01 1.596738109243683867e-01
4.460799361338897429e-01 1.602398884123637790e-01
4.329401361372292589e-01 1.606895646440528735e-01
4.199430904288018462e-01 1.610223194915489098e-01
4.070920709453594855e-01 1.612371294171378033e-01
3.943903128623333920e-01 1.613325819448880594e-01
3.818410137793947223e-01 1.613070032989357139e-01
3.694473329154774888e-01 1.611585910080544082e-01
3.572123903134606371e-01 1.608855441846492595e-01
3.451392660547150104e-01 1.604861852826427737e-01
3.332309994837083789e-01 1.599590683511041000e-01
3.214905884428678196e-01 1.593030700638657371e-01
3.099209885178879631e-01 1.585174610623420466e-01
2.985251122936787294e-01 1.576019563501007970e-01
2.873058286211370715e-01 1.565567445828689175e-01
2.762659618949298013e-01 1.553824970747134382e-01
2.654082913424666845e-01 1.540803581669230871e-01
2.547355503242452190e-01 1.526519192656989599e-01
2.442504256457417311e-01 1.510991793410513262e-01
2.339555568810219865e-01 1.494244949923166366e-01
2.238535357082431787e-01 1.476305233318338794e-01
2.139469052572124941e-01 1.457201609293840017e-01
2.042381594691679014e-01 1.436964819123064396e-01
1.947297424689413692e-01 1.415626780495759240e-01
1.854240479496642724e-01 1.393220032848226375e-01
1.763234185701672008e-01 1.369777247470762016e-01
1.674301453652287108e-01 1.345330817832151027e-01
1.587464671688187945e-01 1.319912540466580131e-01
1.502745700504856119e-01 1.293553391655668794e-01
1.420165867650229341e-01 1.266283400217158850e-01
1.339745962155614034e-01 1.238131612167856221e-01
1.261506229302150617e-01 1.209126139018491253e-01
1.185466365524179277e-01 1.179294278107029248e-01
1.111645513450765232e-01 1.148662690775288653e-01
1.040062257086641351e-01 1.117257622397169609e-01
9.707346171337882801e-02 1.085105147296572259e-01
9.036800464548166989e-02 1.052231421437341136e-01
8.389154256793041053e-02 1.018662926384003992e-01
7.764570589541863743e-02 9.844266893511746663e-02
7.163206698392743377e-02 9.495504660887732484e-02
6.585213973489323358e-02 9.140628757786589675e-02
6.030737921409157209e-02 8.779934799214489383e-02
5.499918128533154427e-02 8.413728002374434856e-02
4.992888225905456334e-02 8.042322737568850799e-02
4.509775855592612626e-02 7.666041463983477855e-02
4.050702638550263135e-02 7.285213093027012587e-02
3.615784144005795842e-02 6.900170848877958119e-02
3.205129860364375194e-02 6.511249719143101522e-02
2.818843167645834757e-02 6.118783607228547861e-02
2.457021311459295365e-02 5.723102311532324987e-02
2.119755378522125699e-02 5.324528464476020739e-02
1.807130273729329328e-02 4.923374566516537654e-02
1.519224698779197968e-02 4.519940246660623245e-02
1.256111132360571148e-02 4.114509871904916544e-02
1.017855811906731578e-02 3.707350613908588083e-02
8.045187169204659483e-03 3.298711062720758452e-02
6.161535538745877005e-03 2.888820455332953563e-02
4.528077426915411152e-03 2.477888562129925212e-02
3.145224048057615462e-03 2.066106247982001445e-02
2.013323528115562588e-03 1.653646697812601041e-02
1.132660816992037134e-03 1.240667270054689880e-02
5.034576168149174080e-04 8.273119165129223448e-03
1.258723261249317105e-04 4.137140847418051617e-03
0.000000000000000000e+00 0.000000000000000000e+00
1.258723261249317105e-04 -3.945765250585485037e-03
5.034576168149174080e-04 -7.880853716745142568e-03
1.132660816992037134e-03 -1.179466743550205976e-02
2.013323528115562588e-03 -1.567688803758971600e-02
3.145224048057615462e-03 -1.951760683386209033e-02
4.528077426915411152e-03 -2.330744358583178646e-02
6.161535538745877005e-03 -2.703765075336190052e-02
8.045187169204659483e-03 -3.070020047333269289e-02
1.017855811906731578e-02 -3.428785207058783480e-02
1.256111132360571148e-02 -3.779419851895722549e-02
1.519224698779197968e-02 -4.121369093569207664e-02
1.807130273729329328e-02 -4.454164088560114143e-02
2.119755378522125699e-02 -4.777420096899162583e-02
2.457021311459295365e-02 -5.090832484733191776e-02
2.818843167645834757e-02 -5.394170850003120188e-02
3.205129860364375194e-02 -5.687271508371213868e-02
3.615784144005795842e-02 -5.970028626258187809e-02
4.050702638550263135e-02 -6.242384327826071277e-02
4.509775855592612626e-02 -6.504318131608599618e-02
4.992888225905456334e-02 -6.755836089243147380e-02
5.499918128533154427e-02 -6.996960002788868427e-02
6.030737921409157209e-02 -7.227717088236552956e-02
6.585213973489323358e-02 -7.448130431272897978e-02
7.163206698392743377e-02 -7.658210547831993675e-02
7.764570589541863743e-02 -7.857948317545040973e-02
8.389154256793041053e-02 -8.047309504367659849e-02
9.036800464548166989e-02 -8.226231017251854627e-02
9.707346171337882801e-02 -8.394618996858577153e-02
1.040062257086641351e-01 -8.552348744325807828e-02
1.111645513450765232e-01 -8.699266437519133366e-02
1.185466365524179277e-01 -8.835192511572370622e-02
1.261506229302150617e-01 -8.959926516436854393e-02
1.339745962155614034e-01 -9.073253207059103764e-02
1.420165867650229341e-01 -9.174949573967824956e-02
1.502745700504856119e-01 -9.264792485466991079e-02
1.587464671688187945e-01 -9.342566588941592087e-02
1.674301453652287108e-01 -9.408072109200880939e-02
1.763234185701672008e-01 -9.461132187039188179e-02
1.854240479496642724e-01 -9.501599421482628816e-02
1.947297424689413692e-01 -9.529361314145125272e-02
2.042381594691679014e-01 -9.544344362795245673e-02
2.139469052572124941e-01 -9.546516612120302392e-02
2.238535357082431787e-01 -9.535888540702461280e-02
2.339555568810219865e-01 -9.512512241824243320e-02
2.442504256457417311e-01 -9.476478938889575099e-02
2.547355503242452190e-01 -9.427914960613358042e-02
2.654082913424666845e-01 -9.366976383071683177e-02
2.762659618949298013e-01 -9.293842621448471231e-02
2.873058286211370715e-01 -9.208709320079200289e-02
2.985251122936787294e-01 -9.111780941523588140e-02
3.099209885178879631e-01 -9.003263490512364298e-02
3.214905884428678196e-01 -8.883357823748423698e-02
3.332309994837083789e-01 -8.752253989311625793e-02
3.451392660547150104e-01 -8.610127008147816507e-02
3.572123903134606371e-01 -8.457134453997980361e-02
3.694473329154774888e-01 -8.293416107297578443e-02
3.818410137793947223e-01 -8.119095854281743740e-02
3.943903128623333920e-01 -7.934285877159484579e-02
4.070920709453594855e-01 -7.739093038373345834e-02
4.199430904288018462e-01 -7.533627206480990324e-02
4.329401361372292589e-01 -7.318011109153614580e-02
4.460799361338897429e-01 -7.092391137439932325e-02
4.593591825444023335e-01 -6.856948373158257282e-02
4.727745323894976259e-01 -6.611908977404074017e-02
4.863226084265935834e-01 -6.357552972880921305e-02
5.000000000000001110e-01 -6.094220386899568132e-02
5.138032638995313484e-01 -5.822313706676703754e-02
5.277289252273172915e-01 -5.542295645377565833e-02
5.417734782725895926e-01 -5.254681337423656312e-02
5.559333873942259308e-01 -4.960024285701811891e-02
5.702050879108284676e-01 -4.658895681446804937e-02
5.845849869981135649e-01 -4.351857118564075172e-02
5.990694645933862805e-01 -4.039427235353310747e-02
6.136548743068714895e-01 -3.722043443476658053e-02
6.283375443396724824e-01 -3.400020649881137225e-02
6.431137784081281117e-01 -3.073509743004693845e-02
6.579798566743311206e-01 -2.742459597916996339e-02
6.729320366825783939e-01 -2.406587450926704619e-02
6.879665543015128781e-01 -2.065363694171032036e-02
7.030796246717250231e-01 -1.718018432847443974e-02
7.182674431585703845e-01 -1.363578516508441932e-02
7.335261863099650226e-01 -1.000945182023538216e-02
7.488520128189207758e-01 -6.290239065960338306e-03
7.642410644905727191e-01 -2.469195382527556056e-03
7.796894672134594417e-01 1.457887812038177310e-03
7.951933319348093443e-01 5.486769924786249163e-03
8.107487556395898132e-01 9.599925824955080414e-03
8.263518223330695855e-01 1.376039747910137549e-02
8.419986040266501659e-01 1.790413862358056565e-02
8.576851617267149397e-01 2.193065051247869782e-02
8.734075464262507360e-01 2.569170127625482192e-02
8.891618000989889303e-01 2.897791883584776781e-02
9.049439566958173975e-01 3.150304804381907214e-02
9.207500431432115162e-01 3.288566715610704433e-02
9.365760803434354242e-01 3.262816723746259084e-02
9.524180841762578398e-01 3.009281099871411597e-02
9.682720665019324269e-01 2.447470513985672974e-02
9.841340361651920166e-01 1.477154276326871941e-02
9.999999999999998890e-01 -2.499999999998729367e-04
