9.999999999999998890e-01 2.500000000000916203e-04
9.841340361651920166e-01 1.233063729029520300e-02
9.682720665019324269e-01 2.292016471298181923e-02
9.524180841762578398e-01 3.264841381133455622e-02
9.365760803434354242e-01 4.194099194226597049e-02
9.207500431432115162e-01 5.106558861033935748e-02
9.049439566958173975e-01 6.017124141758856126e-02
8.891618000989889303e-01 6.932111523909861850e-02
8.734075464262507360e-01 7.851937586876074626e-02
8.576851617267149397e-01 8.773275436802351057e-02
8.419986040266501659e-01 9.690740167947402284e-02
8.263518223330695855e-01 1.059816258372243830e-01
8.107487556395898132e-01 1.148950875046673425e-01
7.951933319348093443e-01 1.235950048445437488e-01
7.796894672134594417e-01 1.320398871575636235e-01
7.642410644905727191e-01 1.402012796039296960e-01
7.488520128189207758e-01 1.480639599219708558e-01
7.335261863099650226e-01 1.556249836179458279e-01
7.182674431585703845e-01 1.628919278026721429e-01
7.030796246717250231e-01 1.698806368018669077e-01
6.879665543015128781e-01 1.766127258870664185e-01
6.729320366825783939e-01 1.831130538808448394e-01
6.579798566743311206e-01 1.894073317913549381e-01
6.431137784081281117e-01 1.955199937172265312e-01
6.283375443396724824e-01 2.014724186034391740e-01
6.136548743068714895e-01 2.072815574679193473e-01
5.990694645933862805e-01 2.129589907814747052e-01
5.845849869981135649e-01 2.185104149759914127e-01
5.702050879108284676e-01 2.239355356703403022e-01
5.559333873942259308e-01 2.292283281273822526e-01
5.417734782725895926e-01 2.343776125794935772e-01
5.277289252273172915e-01 2.393678831886575931e-01
5.138032638995313484e-01 2.441803242701907906e-01
5.000000000000001110e-01 2.487939456738922361e-01
4.863226084265935834e-01 2.531867705003085778e-01
4.727745323894976259e-01 2.573370122134611138e-01
4.593591825444023335e-01 2.612241842511568435e-01
4.460799361338897429e-01 2.648300929745406318e-01
4.329401361372292589e-01 2.681396737845287981e-01
4.199430904288018462e-01 2.711416400199075372e-01
4.070920709453594855e-01 2.738289244169428427e-01
3.943903128623333920e-01 2.761989030598978601e-01
3.818410137793947223e-01 2.782534015298160357e-01
3.694473329154774888e-01 2.799984920527039955e-01
3.572123903134606371e-01 2.814440985934170691e-01
3.451392660547150104e-01 2.826034338250581479e-01
3.332309994837083789e-01 2.834922975656884447e-01
3.214905884428678196e-01 2.841282705082354698e-01
3.099209885178879631e-01 2.845298398218315539e-01
2.985251122936787294e-01 2.847154944698540580e-01
2.873058286211370715e-01 2.847028279150298768e-01
2.762659618949298013e-01 2.845076843510233044e-01
2.654082913424666845e-01 2.841433818362633090e-01
2.547355503242452190e-01 2.836200418642313981e-01
2.442504256457417311e-01 2.829440501651044326e-01
2.339555568810219865e-01 2.821176680951559268e-01
2.238535357082431787e-01 2.811388080431385106e-01
2.139469052572124941e-01 2.800009800825545292e-01
2.042381594691679014e-01 2.786934108393667175e-01
1.947297424689413692e-01 2.772013294328964372e-01
1.854240479496642724e-01 2.755064095766966981e-01
1.763234185701672008e-01 2.735873516711573861e-01
1.674301453652287108e-01 2.714205841330018520e-01
1.587464671688187945e-01 2.689810594151091916e-01
1.502745700504856119e-01 2.662431172709661120e-01
1.420165867650229341e-01 2.631813858787706017e-01
1.339745962155614034e-01 2.597716904967182772e-01
1.261506229302150617e-01 2.559919393779510055e-01
1.185466365524179277e-01 2.518229577053379131e-01
1.111645513450765232e-01 2.472492422582903138e-01
1.040062257086641351e-01 2.422596123155989489e-01
9.707346171337882801e-02 2.368477358260725474e-01
9.036800464548166989e-02 2.310125140192972326e-01
8.389154256793041053e-02 2.247583122434596847e-01
7.764570589541863743e-02 2.180950297561142226e-01
7.163206698392743377e-02 2.110380063008047702e-01
6.585213973489323358e-02 2.036077684194649573e-01
6.030737921409157209e-02 1.958296234221184040e-01
5.499918128533154427e-02 1.877331136132912859e-01
4.992888225905456334e-02 1.793513476216200830e-01
4.509775855592612626e-02 1.707202293731680254e-01
4.050702638550263135e-02 1.618776082858369436e-01
3.615784144005795842e-02 1.528623765586450411e-01
3.205129860364375194e-02 1.437135409249401530e-01
2.818843167645834757e-02 1.344692968964820434e-01
2.457021311459295365e-02 1.251661333341665683e-01
2.119755378522125699e-02 1.158379941543054431e-01
1.807130273729329328e-02 1.065155221542093411e-01
1.519224698779197968e-02 9.722540737759409468e-02
1.256111132360571148e-02 8.798985922005610194e-02
1.017855811906731578e-02 7.882621769691151858e-02
8.045187169204659483e-03 6.974671507473725884e-02
6.161535538745877005e-03 6.075839453063610479e-02
4.528077426915411152e-03 5.186318778444831690e-02
3.145224048057615462e-03 4.305814888821060671e-02
2.013323528115562588e-03 3.433583669379147024e-02
1.132660816992037134e-03 2.568483409013810198e-02
5.034576168149174080e-04 1.709038803482087684e-02
1.258723261249317105e-04 8.535150818563843472e-03
0.000000000000000000e+00 0.000000000000000000e+00
1.258723261249317105e-04 -6.337343797389598417e-03
5.034576168149174080e-04 -1.263271113066891799e-02
1.132660816992037134e-03 -1.884515679309395342e-02
2.013323528115562588e-03 -2.493589189939849488e-02
3.145224048057615462e-03 -3.086928279184254081e-02
4.528077426915411152e-03 -3.661375743899672464e-02
6.161535538745877005e-03 -4.214259275775440045e-02
8.045187169204659483e-03 -4.743455978785317273e-02
1.017855811906731578e-02 -5.247440782927980524e-02
1.256111132360571148e-02 -5.725317339592124466e-02
1.519224698779197968e-02 -6.176830500678900243e-02
1.807130273729329328e-02 -6.602360027941343856e-02
2.119755378522125699e-02 -7.002895735043414283e-02
2.457021311459295365e-02 -7.379994816364550403e-02
2.818843167645834757e-02 -7.735722647396059415e-02
3.205129860364375194e-02 -8.072578836007564262e-02
3.615784144005795842e-02 -8.393410747174527564e-02
4.050702638550263135e-02 -8.701317102596019259e-02
4.509775855592612626e-02 -8.999544559410395383e-02
4.992888225905456334e-02 -9.291380389464276579e-02
5.499918128533154427e-02 -9.580044505244650344e-02
6.030737921409157209e-02 -9.868584106216778118e-02
6.585213973489323358e-02 -1.015977414828716924e-01
7.163206698392743377e-02 -1.045602667067123820e-01
7.764570589541863743e-02 -1.075931175270847112e-01
8.389154256793041053e-02 -1.107109252505324160e-01
9.036800464548166989e-02 -1.139227623474130258e-01
9.707346171337882801e-02 -1.172318287386583530e-01
1.040062257086641351e-01 -1.206353234107348377e-01
1.111645513450765232e-01 -1.241245052962718504e-01
1.185466365524179277e-01 -1.276849414250490200e-01
1.261506229302150617e-01 -1.312969344187525922e-01
1.339745962155614034e-01 -1.349361156560638653e-01
1.420165867650229341e-01 -1.385741850532143105e-01
1.502745700504856119e-01 -1.421797735627851611e-01
1.587464671688187945e-01 -1.457194003513229419e-01
1.674301453652287108e-01 -1.491584933176871297e-01
1.763234185701672008e-01 -1.524624392799926176e-01
1.854240479496642724e-01 -1.555976288840249244e-01
1.947297424689413692e-01 -1.585324611343993106e-01
2.042381594691679014e-01 -1.612382734528181594e-01
2.139469052572124941e-01 -1.636901653218561237e-01
2.238535357082431787e-01 -1.658676868380198899e-01
2.339555568810219865e-01 -1.677553677984740255e-01
2.442504256457417311e-01 -1.693430681706923902e-01
2.547355503242452190e-01 -1.706261367990665745e-01
2.654082913424666845e-01 -1.716053718126771821e-01
2.762659618949298013e-01 -1.722867832133192223e-01
2.873058286211370715e-01 -1.726811653205565789e-01
2.985251122936787294e-01 -1.728034938936731935e-01
3.099209885178879631e-01 -1.726721695925268196e-01
3.214905884428678196e-01 -1.723081357322392704e-01
3.332309994837083789e-01 -1.717339037877075314e-01
3.451392660547150104e-01 -1.709725245837470375e-01
3.572123903134606371e-01 -1.700465463570883518e-01
3.694473329154774888e-01 -1.689770027179876843e-01
3.818410137793947223e-01 -1.677824738285429162e-01
3.943903128623333920e-01 -1.664782627513710644e-01
4.070920709453594855e-01 -1.650757258544024997e-01
4.199430904288018462e-01 -1.635817913872617546e-01
4.329401361372292589e-01 -1.619986939319447150e-01
4.460799361338897429e-01 -1.603239444954548398e-01
4.593591825444023335e-01 -1.585505467365224130e-01
4.727745323894976259e-01 -1.566674594454283420e-01
4.863226084265935834e-01 -1.546602942274177550e-01
5.000000000000001110e-01 -1.525122257338477894e-01
5.138032638995313484e-01 -1.502050801488767628e-01
5.277289252273172915e-01 -1.477205564240942903e-01
5.417734782725895926e-01 -1.450415244445042162e-01
5.559333873942259308e-01 -1.421533354165898100e-01
5.702050879108284676e-01 -1.390450728157151261e-01
5.845849869981135649e-01 -1.357106677390856331e-01
5.990694645933862805e-01 -1.321498009919692684e-01
6.136548743068714895e-01 -1.283685161714545053e-01
6.283375443396724824e-01 -1.243794738441567627e-01
6.431137784081281117e-01 -1.202017870254841470e-01
6.579798566743311206e-01 -1.158603928703271779e-01
6.729320366825783939e-01 -1.113849350047116243e-01
6.879665543015128781e-01 -1.068081553926663596e-01
7.030796246717250231e-01 -1.021638240591642988e-01
7.182674431585703845e-01 -9.748426927423334276e-02
7.335261863099650226e-01 -9.279760971124077773e-02
7.488520128189207758e-01 -8.812483325394672440e-02
7.642410644905727191e-01 -8.347691403226248363e-02
7.796894672134594417e-01 -7.885220926457707502e-02
7.951933319348093443e-01 -7.423442978433314465e-02
8.107487556395898132e-01 -6.959153180458463317e-02
8.263518223330695855e-01 -6.487593147374816349e-02
8.419986040266501659e-01 -6.002649692957247318e-02
8.576851617267149397e-01 -5.497282359517811912e-02
8.734075464262507360e-01 -4.964234602435655536e-02
8.891618000989889303e-01 -4.397088227147073064e-02
9.049439566958173975e-01 -3.791724307000035599e-02
9.207500431432115162e-01 -3.148256657127421893e-02
9.365760803434354242e-01 -2.473505854910521343e-02
9.524180841762578398e-01 -1.784082638324356596e-02
9.682720665019324269e-01 -1.110149142965977456e-02
9.841340361651920166e-01 -4.999247302918897497e-03
9.999999999999998890e-01 -2.500000000000262971e-04
