9.999999999999998890e-01 2.500000000000162140e-04
9.841340361651920166e-01 2.477511823027168936e-03
9.682720665019324269e-01 4.554995696996633203e-03
9.524180841762578398e-01 6.529287585027737130e-03
9.365760803434354242e-01 8.432164992296589320e-03
9.207500431432115162e-01 1.028369307288501920e-02
9.049439566958173975e-01 1.209508070010195321e-02
8.891618000989889303e-01 1.387108207160095419e-02
8.734075464262507360e-01 1.561198170021441123e-02
8.576851617267149397e-01 1.731520206477899643e-02
8.419986040266501659e-01 1.897657382216871164e-02
8.263518223330695855e-01 2.059130838024047713e-02
8.107487556395898132e-01 2.215471187578520185e-02
7.951933319348093443e-01 2.366267827088725309e-02
7.796894672134594417e-01 2.511199745731187635e-02
7.642410644905727191e-01 2.650051202498012251e-02
7.488520128189207758e-01 2.782715379033340666e-02
7.335261863099650226e-01 2.909188837484075543e-02
7.182674431585703845e-01 3.029559315145857051e-02
7.030796246717250231e-01 3.143989081173308164e-02
6.879665543015128781e-01 3.252695771744347486e-02
6.729320366825783939e-01 3.355932315115982278e-02
6.579798566743311206e-01 3.453967262601125021e-02
6.431137784081281117e-01 3.547066560523584600e-02
6.283375443396724824e-01 3.635477535800403504e-02
6.136548743068714895e-01 3.719415627307397221e-02
5.990694645933862805e-01 3.799054179175230528e-02
5.845849869981135649e-01 3.874517422443568559e-02
5.702050879108284676e-01 3.945876609135814950e-02
5.559333873942259308e-01 4.013149128175263342e-02
5.417734782725895926e-01 4.076300325368411442e-02
5.277289252273172915e-01 4.135247669071134835e-02
5.138032638995313484e-01 4.189866847751037154e-02
5.000000000000001110e-01 4.239999353645981794e-02
4.863226084265935834e-01 4.285461095911932694e-02
4.727745323894976259e-01 4.326051594587521781e-02
4.593591825444023335e-01 4.361563330709811864e-02
4.460799361338897429e-01 4.391790865202933186e-02
4.329401361372292589e-01 4.416539386888502366e-02
4.199430904288018462e-01 4.435632405316424637e-02
4.070920709453594855e-01 4.448918364358681737e-02
3.943903128623333920e-01 4.456276015066460566e-02
3.818410137793947223e-01 4.457618448780887449e-02
3.694473329154774888e-01 4.452895751770172966e-02
3.572123903134606371e-01 4.442096298877463989e-02
3.451392660547150104e-01 4.425246754241772551e-02
3.332309994837083789e-01 4.402410890853972886e-02
3.214905884428678196e-01 4.373687376610357891e-02
3.099209885178879631e-01 4.339206702030681817e-02
2.985251122936787294e-01 4.299127443632836526e-02
2.873058286211370715e-01 4.253632067117341792e-02
2.762659618949298013e-01 4.202922476301079735e-02
2.654082913424666845e-01 4.147215507687618263e-02
2.547355503242452190e-01 4.086738557420014489e-02
2.442504256457417311e-01 4.021725508058151405e-02
2.339555568810219865e-01 3.952413098220240034e-02
2.238535357082431787e-01 3.879037849789870873e-02
2.139469052572124941e-01 3.801833636335127248e-02
2.042381594691679014e-01 3.721029943852276894e-02
1.947297424689413692e-01 3.636850842150453345e-02
1.854240479496642724e-01 3.549514653296940297e-02
1.763234185701672008e-01 3.459234273619490874e-02
1.674301453652287108e-01 3.366218078770991107e-02
1.587464671688187945e-01 3.270671318123320737e-02
1.502745700504856119e-01 3.172797885934431489e-02
1.420165867650229341e-01 3.072802342819126037e-02
1.339745962155614034e-01 2.970892052365517802e-02
1.261506229302150617e-01 2.867279294411593724e-02
1.185466365524179277e-01 2.762183218488379818e-02
1.111645513450765232e-01 2.655831508037468855e-02
1.040062257086641351e-01 2.548461637853294617e-02
9.707346171337882801e-02 2.440321623276195395e-02
9.036800464548166989e-02 2.331670179341375701e-02
8.389154256793041053e-02 2.222776230643439682e-02
7.764570589541863743e-02 2.113917737304298397e-02
7.163206698392743377e-02 2.005379828284342691e-02
6.585213973489323358e-02 1.897452259481899328e-02
6.030737921409157209e-02 1.790426239758709931e-02
5.499918128533154427e-02 1.684590692374852636e-02
4.992888225905456334e-02 1.580228041536244424e-02
4.509775855592612626e-02 1.477609633149301605e-02
4.050702638550263135e-02 1.376990914835386597e-02
3.615784144005795842e-02 1.278606512289994120e-02
3.205129860364375194e-02 1.182665346811066255e-02
2.818843167645834757e-02 1.089345942035285612e-02
2.457021311459295365e-02 9.987920665174308821e-03
2.119755378522125699e-02 9.111088528131977213e-03
1.807130273729329328e-02 8.263595233646583299e-03
1.519224698779197968e-02 7.445628390542873357e-03
1.256111132360571148e-02 6.656913682225160458e-03
1.017855811906731578e-02 5.896706527750998975e-03
8.045187169204659483e-03 5.163793243695601748e-03
6.161535538745877005e-03 4.456501982641751687e-03
4.528077426915411152e-03 3.772723459873063203e-03
3.145224048057615462e-03 3.109941213161181595e-03
2.013323528115562588e-03 2.465270879227944665e-03
1.132660816992037134e-03 1.835507722174550523e-03
5.034576168149174080e-04 1.217181421138438481e-03
1.258723261249317105e-04 6.066169233037333082e-04
0.000000000000000000e+00 0.000000000000000000e+00
1.258723261249317105e-04 -3.633871839288932838e-04
5.034576168149174080e-04 -7.215168296555547148e-04
1.132660816992037134e-03 -1.069151441126108904e-03
2.013323528115562588e-03 -1.401217554737088688e-03
3.145224048057615462e-03 -1.712882967465202341e-03
4.528077426915411152e-03 -1.999628359503728258e-03
6.161535538745877005e-03 -2.257311687831581749e-03
8.045187169204659483e-03 -2.482223927967293266e-03
1.017855811906731578e-02 -2.671134981105308896e-03
1.256111132360571148e-02 -2.821328835965889077e-03
1.519224698779197968e-02 -2.930627371139622392e-03
1.807130273729329328e-02 -2.997402495880006901e-03
2.119755378522125699e-02 -3.020576646126235491e-03
2.457021311459295365e-02 -2.999611968736588460e-03
2.818843167645834757e-02 -2.934488831245462507e-03
3.205129860364375194e-02 -2.825674578003339443e-03
3.615784144005795842e-02 -2.674083707974121444e-03
4.050702638550263135e-02 -2.481030867224796269e-03
4.509775855592612626e-02 -2.248178223771361665e-03
4.992888225905456334e-02 -1.977478918708500295e-03
5.499918128533154427e-02 -1.671118361624084492e-03
6.030737921409157209e-02 -1.331455157892167274e-03
6.585213973489323358e-02 -9.609634198776599925e-04
7.163206698392743377e-02 -5.621781243595702594e-04
7.764570589541863743e-02 -1.376450372225628558e-04
8.389154256793041053e-02 3.101234620878969028e-04
9.036800464548166989e-02 7.786855539781271408e-04
9.707346171337882801e-02 1.265699312244013318e-03
1.040062257086641351e-01 1.768943650884282270e-03
1.111645513450765232e-01 2.286330645333691045e-03
1.185466365524179277e-01 2.815909304513794943e-03
1.261506229302150617e-01 3.355861182375212502e-03
1.339745962155614034e-01 3.904488516575790186e-03
1.420165867650229341e-01 4.460195857494136593e-03
1.502745700504856119e-01 5.021466393338572254e-03
1.587464671688187945e-01 5.586834377938718239e-03
1.674301453652287108e-01 6.154855219290338367e-03
1.763234185701672008e-01 6.724074882849958093e-03
1.854240479496642724e-01 7.293000299364974653e-03
1.947297424689413692e-01 7.860072439921516815e-03
2.042381594691679014e-01 8.423643630122022025e-03
2.139469052572124941e-01 8.981960522160135213e-03
2.238535357082431787e-01 9.533153931451607624e-03
2.339555568810219865e-01 1.007523647890404793e-02
2.442504256457417311e-01 1.060610866837223207e-02
2.547355503242452190e-01 1.112357368071708458e-02
2.654082913424666845e-01 1.162536079218779578e-02
2.762659618949298013e-01 1.210915693798951531e-02
2.873058286211370715e-01 1.257264555536309614e-02
2.985251122936787294e-01 1.301355146847081937e-02
3.099209885178879631e-01 1.342969023432746302e-02
3.214905884428678196e-01 1.381902006926878645e-02
3.332309994837083789e-01 1.417969423273301652e-02
3.451392660547150104e-01 1.451011157208938022e-02
3.572123903134606371e-01 1.480896283998200599e-02
3.694473329154774888e-01 1.507527039326395611e-02
3.818410137793947223e-01 1.530841897674422442e-02
3.943903128623333920e-01 1.550817548950896366e-02
4.070920709453594855e-01 1.567469592720212648e-02
4.199430904288018462e-01 1.580851808762461300e-02
4.329401361372292589e-01 1.591053911297045029e-02
4.460799361338897429e-01 1.598197750985542315e-02
4.593591825444023335e-01 1.602431992412789788e-02
4.727745323894976259e-01 1.603925363371073998e-02
4.863226084265935834e-01 1.602858643831133953e-02
5.000000000000001110e-01 1.599415634542172143e-02
5.138032638995313484e-01 1.593773415042304756e-02
5.277289252273172915e-01 1.586092265525289313e-02
5.417734782725895926e-01 1.576505683364806329e-02
5.559333873942259308e-01 1.565110969898830112e-02
5.702050879108284676e-01 1.551960893042492705e-02
5.845849869981135649e-01 1.537056943193313048e-02
5.990694645933862805e-01 1.520344690615958380e-02
6.136548743068714895e-01 1.501711719167545325e-02
6.283375443396724824e-01 1.480988551288611732e-02
6.431137784081281117e-01 1.457952890489075740e-02
6.579798566743311206e-01 1.432337388452950382e-02
6.729320366825783939e-01 1.403840993307427579e-02
6.879665543015128781e-01 1.372143753155102147e-02
7.030796246717250231e-01 1.336924734994661239e-02
7.182674431585703845e-01 1.297882474796419050e-02
7.335261863099650226e-01 1.254757101742645826e-02
7.488520128189207758e-01 1.207352981357730573e-02
7.642410644905727191e-01 1.155560402207025418e-02
7.796894672134594417e-01 1.099374493701535047e-02
7.951933319348093443e-01 1.038909213854338764e-02
8.107487556395898132e-01 9.744038919815935229e-03
8.263518223330695855e-01 9.062194594985684831e-03
8.419986040266501659e-01 8.348211600079164657e-03
8.576851617267149397e-01 7.607442063009259119e-03
8.734075464262507360e-01 6.845385556722302645e-03
8.891618000989889303e-01 6.066887154213819640e-03
9.049439566958173975e-01 5.275042771234935909e-03
9.207500431432115162e-01 4.469767207787037934e-03
9.365760803434354242e-01 3.645979377406208862e-03
9.524180841762578398e-01 2.791359034944740445e-03
9.682720665019324269e-01 1.883629965012359681e-03
9.841340361651920166e-01 8.873261531801735370e-04
9.999999999999998890e-01 -2.499999999999913858e-04
