9.999999999999998890e-01 2.500000000002377165e-04
9.841340361651920166e-01 3.003052278200868397e-02
9.682720665019324269e-01 5.263980681807249595e-02
9.524180841762578398e-01 6.967238713474410705e-02
9.365760803434354242e-01 8.243187065169625682e-02
9.207500431432115162e-01 9.197177908094672505e-02
9.049439566958173975e-01 9.913253451749436118e-02
8.891618000989889303e-01 1.045746944762411951e-01
8.734075464262507360e-01 1.088085776051197773e-01
8.576851617267149397e-01 1.122204500773184982e-01
8.419986040266501659e-01 1.150954658820562554e-01
8.263518223330695855e-01 1.176375721093114030e-01
8.107487556395898132e-01 1.199866031364269364e-01
7.951933319348093443e-01 1.222327957030498319e-01
7.796894672134594417e-01 1.244289605777699204e-01
7.642410644905727191e-01 1.266005462810270710e-01
7.488520128189207758e-01 1.287538265645871149e-01
7.335261863099650226e-01 1.308824365037199178e-01
7.182674431585703845e-01 1.329724725864860901e-01
7.030796246717250231e-01 1.350063605363201746e-01
6.879665543015128781e-01 1.369656812217188435e-01
6.729320366825783939e-01 1.388331303172486431e-01
6.579798566743311206e-01 1.405937717888174898e-01
6.431137784081281117e-01 1.422357291623132236e-01
6.283375443396724824e-01 1.437504422466720777e-01
6.136548743068714895e-01 1.451326008344982210e-01
5.990694645933862805e-01 1.463798511732575802e-01
5.845849869981135649e-01 1.474923559273628171e-01
5.702050879108284676e-01 1.484722741367368870e-01
5.559333873942259308e-01 1.493232144822800866e-01
5.417734782725895926e-01 1.500497031164213513e-01
5.277289252273172915e-01 1.506566964940714848e-01
5.138032638995313484e-01 1.511491600974040339e-01
5.000000000000001110e-01 1.515317257061407352e-01
4.863226084265935834e-01 1.518084329130858501e-01
4.727745323894976259e-01 1.519825548859589093e-01
4.593591825444023335e-01 1.520565038717503203e-01
4.460799361338897429e-01 1.520318085503800931e-01
4.329401361372292589e-01 1.519091529764602100e-01
4.199430904288018462e-01 1.516884653958084639e-01
4.070920709453594855e-01 1.513690445733042733e-01
3.943903128623333920e-01 1.509497113023316461e-01
3.818410137793947223e-01 1.504289733636592630e-01
3.694473329154774888e-01 1.498051932449721291e-01
3.572123903134606371e-01 1.490767493074674765e-01
3.451392660547150104e-01 1.482421826855993274e-01
3.332309994837083789e-01 1.473003239313769031e-01
3.214905884428678196e-01 1.462503951768576449e-01
3.099209885178879631e-01 1.450920853101627384e-01
2.985251122936787294e-01 1.438255972761030566e-01
2.873058286211370715e-01 1.424516680694210835e-01
2.762659618949298013e-01 1.409715632463919843e-01
2.654082913424666845e-01 1.393870488110261763e-01
2.547355503242452190e-01 1.377003441190561284e-01
2.442504256457417311e-01 1.359140599808802419e-01
2.339555568810219865e-01 1.340311264381597589e-01
2.238535357082431787e-01 1.320547147509980035e-01
2.139469052572124941e-01 1.299881579840811430e-01
2.042381594691679014e-01 1.278348742472524835e-01
1.947297424689413692e-01 1.255982961596012748e-01
1.854240479496642724e-01 1.232818095001238096e-01
1.763234185701672008e-01 1.208887033177515752e-01
1.674301453652287108e-01 1.184221330346410112e-01
1.587464671688187945e-01 1.158850973236005832e-01
1.502745700504856119e-01 1.132804288057760039e-01
1.420165867650229341e-01 1.106107979274248559e-01
1.339745962155614034e-01 1.078787287601210704e-01
1.261506229302150617e-01 1.050866249477869080e-01
1.185466365524179277e-01 1.022368036123956769e-01
1.111645513450765232e-01 9.933153473866128402e-02
1.040062257086641351e-01 9.637308339195066464e-02
9.707346171337882801e-02 9.336375208333728970e-02
9.036800464548166989e-02 9.030592067666025347e-02
8.389154256793041053e-02 8.720208142577604016e-02
7.764570589541863743e-02 8.405486702315813352e-02
7.163206698392743377e-02 8.086706991769311570e-02
6.585213973489323358e-02 7.764165160154301581e-02
6.030737921409157209e-02 7.438174105318141882e-02
5.499918128533154427e-02 7.109062203514457390e-02
4.992888225905456334e-02 6.777170945950110326e-02
4.509775855592612626e-02 6.442851553099024353e-02
4.050702638550263135e-02 6.106460683798584088e-02
3.615784144005795842e-02 5.768355396765668941e-02
3.205129860364375194e-02 5.428887555913802093e-02
2.818843167645834757e-02 5.088397896540665377e-02
2.457021311459295365e-02 4.747209986231520212e-02
2.119755378522125699e-02 4.405624321685022021e-02
1.807130273729329328e-02 4.063912800465823566e-02
1.519224698779197968e-02 3.722313795131065861e-02
1.256111132360571148e-02 3.381028036811278142e-02
1.017855811906731578e-02 3.040215487009957640e-02
8.045187169204659483e-03 2.699993341256095442e-02
6.161535538745877005e-03 2.360435267669065695e-02
4.528077426915411152e-03 2.021571939023551756e-02
3.145224048057615462e-03 1.683392870208253247e-02
2.013323528115562588e-03 1.345849525789866337e-02
1.132660816992037134e-03 1.008859616464912942e-02
5.034576168149174080e-04 6.723124601853890103e-03
1.258723261249317105e-04 3.360752452444171808e-03
0.000000000000000000e+00 0.000000000000000000e+00
1.258723261249317105e-04 -3.105585061500571679e-03
5.034576168149174080e-04 -6.200104144279950519e-03
1.132660816992037134e-03 -9.272589348277742935e-03
2.013323528115562588e-03 -1.231239026317352755e-02
3.145224048057615462e-03 -1.530932147917756989e-02
4.528077426915411152e-03 -1.825379701534749974e-02
6.161535538745877005e-03 -2.113694797014998086e-02
8.045187169204659483e-03 -2.395072024130166441e-02
1.017855811906731578e-02 -2.668794980565811562e-02
1.256111132360571148e-02 -2.934241377390292560e-02
1.519224698779197968e-02 -3.190885621515086173e-02
1.807130273729329328e-02 -3.438298855748850996e-02
2.119755378522125699e-02 -3.676146518502556443e-02
2.457021311459295365e-02 -3.904183564302326354e-02
2.818843167645834757e-02 -4.122247560358253266e-02
3.205129860364375194e-02 -4.330249941018015497e-02
3.615784144005795842e-02 -4.528165758736215490e-02
4.050702638550263135e-02 -4.716022315257382969e-02
4.509775855592612626e-02 -4.893887088465773832e-02
4.992888225905456334e-02 -5.061855387657902133e-02
5.499918128533154427e-02 -5.220038172184137543e-02
6.030737921409157209e-02 -5.368550455332442295e-02
6.585213973489323358e-02 -5.507500687362650027e-02
7.163206698392743377e-02 -5.636981469633496611e-02
7.764570589541863743e-02 -5.757061897187625010e-02
8.389154256793041053e-02 -5.867781761822777470e-02
9.036800464548166989e-02 -5.969147773841462778e-02
9.707346171337882801e-02 -6.061131880938622207e-02
1.040062257086641351e-01 -6.143671679919861239e-02
1.111645513450765232e-01 -6.216672834173972428e-02
1.185466365524179277e-01 -6.280013330153302875e-02
1.261506229302150617e-01 -6.333549332609374194e-02
1.339745962155614034e-01 -6.377122333907828122e-02
1.420165867650229341e-01 -6.410567240075082385e-02
1.502745700504856119e-01 -6.433720997620998028e-02
1.587464671688187945e-01 -6.446431342499764350e-02
1.674301453652287108e-01 -6.448565247141398171e-02
1.763234185701672008e-01 -6.440016654029556697e-02
1.854240479496642724e-01 -6.420713114878723315e-02
1.947297424689413692e-01 -6.390621002442235798e-02
2.042381594691679014e-01 -6.349749026023279730e-02
2.139469052572124941e-01 -6.298149859827970043e-02
2.238535357082431787e-01 -6.235919782697013636e-02
2.339555568810219865e-01 -6.163196325180619883e-02
2.442504256457417311e-01 -6.080154021562602512e-02
2.547355503242452190e-01 -5.986998466063071095e-02
2.654082913424666845e-01 -5.883958969539147127e-02
2.762659618949298013e-01 -5.771280200906291069e-02
2.873058286211370715e-01 -5.649213271590822899e-02
2.985251122936787294e-01 -5.518006777168962818e-02
3.099209885178879631e-01 -5.377898343905452433e-02
3.214905884428678196e-01 -5.229107235701766637e-02
3.332309994837083789e-01 -5.071828556283281692e-02
3.451392660547150104e-01 -4.906229530512571518e-02
3.572123903134606371e-01 -4.732448266828812727e-02
3.694473329154774888e-01 -4.550595290544041244e-02
3.818410137793947223e-01 -4.360757997009582360e-02
3.943903128623333920e-01 -4.163008007899369339e-02
4.070920709453594855e-01 -3.957411227968017642e-02
4.199430904288018462e-01 -3.744040200105367561e-02
4.329401361372292589e-01 -3.522988151334690426e-02
4.460799361338897429e-01 -3.294383921063521320e-02
4.593591825444023335e-01 -3.058406776229831772e-02
4.727745323894976259e-01 -2.815299958026812321e-02
4.863226084265935834e-01 -2.565381684669753443e-02
5.000000000000001110e-01 -2.309052267964053357e-02
5.138032638995313484e-01 -2.046796002471023418e-02
5.277289252273172915e-01 -1.779176569184945031e-02
5.417734782725895926e-01 -1.506824874911048481e-02
5.559333873942259308e-01 -1.230418537385188742e-02
5.702050879108284676e-01 -9.506526369324613812e-03
5.845849869981135649e-01 -6.682018989239250917e-03
5.990694645933862805e-01 -3.836751562829716650e-03
6.136548743068714895e-01 -9.756377421986423991e-04
6.283375443396724824e-01 1.898132962137302196e-03
6.431137784081281117e-01 4.783640329667976539e-03
6.579798566743311206e-01 7.682723388159671749e-03
6.729320366825783939e-01 1.060035005005813616e-02
6.879665543015128781e-01 1.354478574177962399e-02
7.030796246717250231e-01 1.652746365102317552e-02
7.182674431585703845e-01 1.956244159709598016e-02
7.335261863099650226e-01 2.266531223041863552e-02
7.488520128189207758e-01 2.585141458752702320e-02
7.642410644905727191e-01 2.913317630911185438e-02
7.796894672134594417e-01 3.251639745510075119e-02
7.951933319348093443e-01 3.599526924524969890e-02
8.107487556395898132e-01 3.954590467306548507e-02
8.263518223330695855e-01 4.311814327061502805e-02
8.419986040266501659e-01 4.662537984944569586e-02
8.576851617267149397e-01 4.993215733055496319e-02
8.734075464262507360e-01 5.283925733243292899e-02
8.891618000989889303e-01 5.506601953599257748e-02
9.049439566958173975e-01 5.622962250124203393e-02
9.207500431432115162e-01 5.582106506218879882e-02
9.365760803434354242e-01 5.317759912908894687e-02
9.524180841762578398e-01 4.745138209122060774e-02
9.682720665019324269e-01 3.757414039335121164e-02
9.841340361651920166e-01 2.221766554262405088e-02
9.999999999999998890e-01 -2.499999999998134682e-04
