9.999999999999998890e-01 2.500000000001037634e-04
9.841340361651920166e-01 1.489703582752021499e-02
9.682720665019324269e-01 2.918269845388365286e-02
9.524180841762578398e-01 4.311611843797108490e-02
9.365760803434354242e-01 5.670411006855129166e-02
9.207500431432115162e-01 6.995166854544483670e-02
9.049439566958173975e-01 8.286238849817856300e-02
8.891618000989889303e-01 9.543881065279968823e-02
8.734075464262507360e-01 1.076827036988531328e-01
8.576851617267149397e-01 1.195952885028038759e-01
8.419986040266501659e-01 1.311774117743505774e-01
8.263518223330695855e-01 1.424296761323103067e-01
8.107487556395898132e-01 1.533525332520874473e-01
7.951933319348093443e-01 1.639463464227896294e-01
7.796894672134594417e-01 1.742114284146513425e-01
7.642410644905727191e-01 1.841480600723506555e-01
7.488520128189207758e-01 1.937564945224612423e-01
7.335261863099650226e-01 2.030369513284912275e-01
7.182674431585703845e-01 2.119896043586827761e-01
7.030796246717250231e-01 2.206145665629187236e-01
6.879665543015128781e-01 2.289118742974243781e-01
6.729320366825783939e-01 2.368814732998590356e-01
6.579798566743311206e-01 2.445232079118066781e-01
6.431137784081281117e-01 2.518368146780667893e-01
6.283375443396724824e-01 2.588219210284307681e-01
6.136548743068714895e-01 2.654780493722082024e-01
5.990694645933862805e-01 2.718046266115635157e-01
5.845849869981135649e-01 2.778009988081978077e-01
5.702050879108284676e-01 2.834664505192099337e-01
5.559333873942259308e-01 2.888002281509876590e-01
5.417734782725895926e-01 2.938015665625007822e-01
5.277289252273172915e-01 2.984697180782161507e-01
5.138032638995313484e-01 3.028039830420324319e-01
5.000000000000001110e-01 3.068037410524835362e-01
4.863226084265935834e-01 3.104684820608543672e-01
4.727745323894976259e-01 3.137978365822959304e-01
4.593591825444023335e-01 3.167916043599004472e-01
4.460799361338897429e-01 3.194497809273208477e-01
4.329401361372292589e-01 3.217725816313681264e-01
4.199430904288018462e-01 3.237604627968143078e-01
4.070920709453594855e-01 3.254141398364557292e-01
3.943903128623333920e-01 3.267346022259141614e-01
3.818410137793947223e-01 3.277231253707849068e-01
3.694473329154774888e-01 3.283812794903053223e-01
3.572123903134606371e-01 3.287109357240998175e-01
3.451392660547150104e-01 3.287142697348189868e-01
3.332309994837083789e-01 3.283937631283908032e-01
3.214905884428678196e-01 3.277522030445598200e-01
3.099209885178879631e-01 3.267926802834890121e-01
2.985251122936787294e-01 3.255185863301063853e-01
2.873058286211370715e-01 3.239336096178326296e-01
2.762659618949298013e-01 3.220417313390062652e-01
2.654082913424666845e-01 3.198472210628538481e-01
2.547355503242452190e-01 3.173546323656240009e-01
2.442504256457417311e-01 3.145687986141844639e-01
2.339555568810219865e-01 3.114948289767199285e-01
2.238535357082431787e-01 3.081381046650140121e-01
2.139469052572124941e-01 3.045042753449114792e-01
2.042381594691679014e-01 3.005992555876030869e-01
1.947297424689413692e-01 2.964292211767987073e-01
1.854240479496642724e-01 2.920006050378496920e-01
1.763234185701672008e-01 2.873200925162805452e-01
1.674301453652287108e-01 2.823946157065010398e-01
1.587464671688187945e-01 2.772313465177273506e-01
1.502745700504856119e-01 2.718376881640101050e-01
1.420165867650229341e-01 2.662212647789057862e-01
1.339745962155614034e-01 2.603899088825128993e-01
1.261506229302150617e-01 2.543516464686170764e-01
1.185466365524179277e-01 2.481146795314892184e-01
1.111645513450765232e-01 2.416873659139877895e-01
1.040062257086641351e-01 2.350781964292768811e-01
9.707346171337882801e-02 2.282957692856412701e-01
9.036800464548166989e-02 2.213487619253112215e-01
8.389154256793041053e-02 2.142459004715242255e-01
7.764570589541863743e-02 2.069959270607850399e-01
7.163206698392743377e-02 1.996075654169692237e-01
6.585213973489323358e-02 1.920894850981527124e-01
6.030737921409157209e-02 1.844502649135594807e-01
5.499918128533154427e-02 1.766983560647195917e-01
4.992888225905456334e-02 1.688420456099875289e-01
4.509775855592612626e-02 1.608894208834394379e-01
4.050702638550263135e-02 1.528483355166457003e-01
3.615784144005795842e-02 1.447263777140840313e-01
3.205129860364375194e-02 1.365308414195531839e-01
2.818843167645834757e-02 1.282687009818672119e-01
2.457021311459295365e-02 1.199465898836997585e-01
2.119755378522125699e-02 1.115707840385026933e-01
1.807130273729329328e-02 1.031471900880779474e-01
1.519224698779197968e-02 9.468133904915453092e-02
1.256111132360571148e-02 8.617838556301769815e-02
1.017855811906731578e-02 7.764311289995186327e-02
8.045187169204659483e-03 6.907994376228357436e-02
6.161535538745877005e-03 6.049295681862337792e-02
4.528077426915411152e-03 5.188590879003942419e-02
3.145224048057615462e-03 4.326226179899095303e-02
2.013323528115562588e-03 3.462521558640235808e-02
1.132660816992037134e-03 2.597774410381133159e-02
5.034576168149174080e-04 1.732263589834430115e-02
1.258723261249317105e-04 8.662537630479113029e-03
0.000000000000000000e+00 0.000000000000000000e+00
1.258723261249317105e-04 -8.149839177890498207e-03
5.034576168149174080e-04 -1.627735601653069325e-02
1.132660816992037134e-03 -2.436043201531880309e-02
2.013323528115562588e-03 -3.237747599995930564e-02
3.145224048057615462e-03 -4.030767236359081296e-02
4.528077426915411152e-03 -4.813121125787082899e-02
6.161535538745877005e-03 -5.582949548006208712e-02
8.045187169204659483e-03 -6.338531942892960958e-02
1.017855811906731578e-02 -7.078301625276654796e-02
1.256111132360571148e-02 -7.800857016649004327e-02
1.519224698779197968e-02 -8.504969184798710780e-02
1.807130273729329328e-02 -9.189585581096111622e-02
2.119755378522125699e-02 -9.853829966522258121e-02
2.457021311459295365e-02 -1.049699861875511286e-01
2.818843167645834757e-02 -1.111855301088771758e-01
3.205129860364375194e-02 -1.171810924492240752e-01
3.615784144005795842e-02 -1.229542460747655302e-01
4.050702638550263135e-02 -1.285038168878724352e-01
4.509775855592612626e-02 -1.338297056703931232e-01
4.992888225905456334e-02 -1.389326960653759213e-01
5.499918128533154427e-02 -1.438142544897228481e-01
6.030737921409157209e-02 -1.484763279109536926e-01
6.585213973489323358e-02 -1.529211453911362151e-01
7.163206698392743377e-02 -1.571510291006847082e-01
7.764570589541863743e-02 -1.611682201396061886e-01
8.389154256793041053e-02 -1.649747239840774482e-01
9.036800464548166989e-02 -1.685721797166912783e-01
9.707346171337882801e-02 -1.719617564182064073e-01
1.040062257086641351e-01 -1.751440792197182794e-01
1.111645513450765232e-01 -1.781191865624890125e-01
1.185466365524179277e-01 -1.808865192162710522e-01
1.261506229302150617e-01 -1.834449405955119183e-01
1.339745962155614034e-01 -1.857927869168094770e-01
1.420165867650229341e-01 -1.879279447908479284e-01
1.502745700504856119e-01 -1.898479529672579547e-01
1.587464671688187945e-01 -1.915501241791201237e-01
1.674301453652287108e-01 -1.930316823901847278e-01
1.763234185701672008e-01 -1.942899102539298317e-01
1.854240479496642724e-01 -1.953223012667462677e-01
1.947297424689413692e-01 -1.961267109505102635e-01
2.042381594691679014e-01 -1.967015014399908779e-01
2.139469052572124941e-01 -1.970456740796982242e-01
2.238535357082431787e-01 -1.971589850488716100e-01
2.339555568810219865e-01 -1.970420396223354631e-01
2.442504256457417311e-01 -1.966963614231729551e-01
2.547355503242452190e-01 -1.961244339092910738e-01
2.654082913424666845e-01 -1.953297123336381058e-01
2.762659618949298013e-01 -1.943166054962753297e-01
2.873058286211370715e-01 -1.930904277311868422e-01
2.985251122936787294e-01 -1.916573227043329442e-01
3.099209885178879631e-01 -1.900241617029122809e-01
3.214905884428678196e-01 -1.881984201293417924e-01
3.332309994837083789e-01 -1.861880368378601436e-01
3.451392660547150104e-01 -1.840012617294340680e-01
3.572123903134606371e-01 -1.816464976173543522e-01
3.694473329154774888e-01 -1.791321427613334627e-01
3.818410137793947223e-01 -1.764664406173096778e-01
3.943903128623333920e-01 -1.736573432452886978e-01
4.070920709453594855e-01 -1.707123944477366151e-01
4.199430904288018462e-01 -1.676386380739542381e-01
4.329401361372292589e-01 -1.644425560282543886e-01
4.460799361338897429e-01 -1.611300393778616336e-01
4.593591825444023335e-01 -1.577063945962587366e-01
4.727745323894976259e-01 -1.541763854349488261e-01
4.863226084265935834e-01 -1.505443092365217339e-01
5.000000000000001110e-01 -1.468141047386861131e-01
5.138032638995313484e-01 -1.429894866349223359e-01
5.277289252273172915e-01 -1.390741004220668875e-01
5.417734782725895926e-01 -1.350716894537165591e-01
5.559333873942259308e-01 -1.309862647102928157e-01
5.702050879108284676e-01 -1.268222666738633708e-01
5.845849869981135649e-01 -1.225847079407650225e-01
5.990694645933862805e-01 -1.182792848984669243e-01
6.136548743068714895e-01 -1.139124470118081794e-01
6.283375443396724824e-01 -1.094914130783926215e-01
6.431137784081281117e-01 -1.050241252856191493e-01
6.579798566743311206e-01 -1.005191340837907066e-01
6.729320366825783939e-01 -9.598540981907516256e-02
6.879665543015128781e-01 -9.143208076966082010e-02
7.030796246717250231e-01 -8.686810170395625752e-02
7.182674431585703845e-01 -8.230186231799789531e-02
7.335261863099650226e-01 -7.774075087694240493e-02
7.488520128189207758e-01 -7.319069502794162130e-02
7.642410644905727191e-01 -6.865570899212783407e-02
7.796894672134594417e-01 -6.413748408291958247e-02
7.951933319348093443e-01 -5.963506761539097423e-02
8.107487556395898132e-01 -5.514468362460622081e-02
8.263518223330695855e-01 -5.065975723695641253e-02
8.419986040266501659e-01 -4.617121285639133599e-02
8.576851617267149397e-01 -4.166812433933103632e-02
8.734075464262507360e-01 -3.713880282646380565e-02
8.891618000989889303e-01 -3.257241465438336092e-02
9.049439566958173975e-01 -2.796122755567420973e-02
9.207500431432115162e-01 -2.330358793994270067e-02
9.365760803434354242e-01 -1.860773519868511375e-02
9.524180841762578398e-01 -1.389656046755493798e-02
9.682720665019324269e-01 -9.213416894506895952e-03
9.841340361651920166e-01 -4.629086000505356312e-03
9.999999999999998890e-01 -2.500000000000296039e-04
