9.999999999999998890e-01 2.500000000001523356e-04
9.841340361651920166e-01 2.184325843954099469e-02
9.682720665019324269e-01 4.299833989327165457e-02
9.524180841762578398e-01 6.361472092456647853e-02
9.365760803434354242e-01 8.361359443644922340e-02
9.207500431432115162e-01 1.029356604947095494e-01
9.049439566958173975e-01 1.215389579300975159e-01
8.891618000989889303e-01 1.393967560828036911e-01
8.734075464262507360e-01 1.564955239735364712e-01
8.576851617267149397e-01 1.728329920251070184e-01
8.419986040266501659e-01 1.884163192488677863e-01
8.263518223330695855e-01 2.032603765831579312e-01
8.107487556395898132e-01 2.173861548563065238e-01
7.951933319348093443e-01 2.308193036733591219e-01
7.796894672134594417e-01 2.435888054201272857e-01
7.642410644905727191e-01 2.557257865647457606e-01
7.488520128189207758e-01 2.672624665374070951e-01
7.335261863099650226e-01 2.782312427023569956e-01
7.182674431585703845e-01 2.886639083186431920e-01
7.030796246717250231e-01 2.985909989306136381e-01
6.879665543015128781e-01 3.080412613457163551e-01
6.729320366825783939e-01 3.170412382527146300e-01
6.579798566743311206e-01 3.256149606118419193e-01
6.431137784081281117e-01 3.337837392106482448e-01
6.283375443396724824e-01 3.415660462234536565e-01
6.136548743068714895e-01 3.489774772338996023e-01
5.990694645933862805e-01 3.560307839721792433e-01
5.845849869981135649e-01 3.627359679719693308e-01
5.702050879108284676e-01 3.691004254558442610e-01
5.559333873942259308e-01 3.751291339993231277e-01
5.417734782725895926e-01 3.808248718886158013e-01
5.277289252273172915e-01 3.861884615605066240e-01
5.138032638995313484e-01 3.912190290787734281e-01
5.000000000000001110e-01 3.959142722438179773e-01
4.863226084265935834e-01 4.002707306343241678e-01
4.727745323894976259e-01 4.042840516254875838e-01
4.593591825444023335e-01 4.079492472017706706e-01
4.460799361338897429e-01 4.112609371679876724e-01
4.329401361372292589e-01 4.142135751464585680e-01
4.199430904288018462e-01 4.168016545166731146e-01
4.070920709453594855e-01 4.190198921953149913e-01
3.943903128623333920e-01 4.208633888578980353e-01
3.818410137793947223e-01 4.223277648594398470e-01
3.694473329154774888e-01 4.234092717128326577e-01
3.572123903134606371e-01 4.241048795237674085e-01
3.451392660547150104e-01 4.244123412556760067e-01
3.332309994837083789e-01 4.243302351042447795e-01
3.214905884428678196e-01 4.238579865971339178e-01
3.099209885178879631e-01 4.229958723006403964e-01
2.985251122936787294e-01 4.217450072124734328e-01
2.873058286211370715e-01 4.201073180511413763e-01
2.762659618949298013e-01 4.180855047213298814e-01
2.654082913424666845e-01 4.156829922456539705e-01
2.547355503242452190e-01 4.129038754116852172e-01
2.442504256457417311e-01 4.097528582951724396e-01
2.339555568810219865e-01 4.062351906923457046e-01
2.238535357082431787e-01 4.023566033328555558e-01
2.139469052572124941e-01 3.981232435571377959e-01
2.042381594691679014e-01 3.935416129346330227e-01
1.947297424689413692e-01 3.886185080790460211e-01
1.854240479496642724e-01 3.833609656900534568e-01
1.763234185701672008e-01 3.777762126235660878e-01
1.674301453652287108e-01 3.718716215702565497e-01
1.587464671688187945e-01 3.656546727094582283e-01
1.502745700504856119e-01 3.591329215069275493e-01
1.420165867650229341e-01 3.523139726438245800e-01
1.339745962155614034e-01 3.452054599034072857e-01
1.261506229302150617e-01 3.378150317033317140e-01
1.185466365524179277e-01 3.301503418464572515e-01
1.111645513450765232e-01 3.222190449721990535e-01
1.040062257086641351e-01 3.140287961237290815e-01
9.707346171337882801e-02 3.055872538029723029e-01
9.036800464548166989e-02 2.969020858641582272e-01
8.389154256793041053e-02 2.879809775959471518e-01
7.764570589541863743e-02 2.788316413597664578e-01
7.163206698392743377e-02 2.694618271855218072e-01
6.585213973489323358e-02 2.598793337726996167e-01
6.030737921409157209e-02 2.500920194022394072e-01
5.499918128533154427e-02 2.401078123296549460e-01
4.992888225905456334e-02 2.299347202999167394e-01
4.509775855592612626e-02 2.195808388969322789e-01
4.050702638550263135e-02 2.090543585125486381e-01
3.615784144005795842e-02 1.983635697896702355e-01
3.205129860364375194e-02 1.875168674592808948e-01
2.818843167645834757e-02 1.765227525503293426e-01
2.457021311459295365e-02 1.653898330032351760e-01
2.119755378522125699e-02 1.541268227612948571e-01
1.807130273729329328e-02 1.427425394489638399e-01
1.519224698779197968e-02 1.312459007716605952e-01
1.256111132360571148e-02 1.196459197885298698e-01
1.017855811906731578e-02 1.079516992179860302e-01
8.045187169204659483e-03 9.617242493656487368e-02
6.161535538745877005e-03 8.431735882563813622e-02
4.528077426915411152e-03 7.239583110901252894e-02
3.145224048057615462e-03 6.041723230871523520e-02
2.013323528115562588e-03 4.839100492762351408e-02
1.132660816992037134e-03 3.632663494752977340e-02
5.034576168149174080e-04 2.423364321104344923e-02
1.258723261249317105e-04 1.212157673670517105e-02
0.000000000000000000e+00 0.000000000000000000e+00
1.258723261249317105e-04 -1.180370205720224566e-02
5.034576168149174080e-04 -2.358162332473015543e-02
1.132660816992037134e-03 -3.530822212977388630e-02
2.013323528115562588e-03 -4.695855322232184853e-02
3.145224048057615462e-03 -5.850854696617145689e-02
4.528077426915411152e-03 -6.993526630448587689e-02
6.161535538745877005e-03 -8.121713508695672934e-02
8.045187169204659483e-03 -9.233413216239022558e-02
1.017855811906731578e-02 -1.032679466168822807e-01
1.256111132360571148e-02 -1.140020906458024813e-01
1.519224698779197968e-02 -1.245219677558444399e-01
1.807130273729329328e-02 -1.348148952666584632e-01
2.119755378522125699e-02 -1.448700813834680190e-01
2.457021311459295365e-02 -1.546785584048189499e-01
2.818843167645834757e-02 -1.642330748757054870e-01
3.205129860364375194e-02 -1.735279506592800891e-01
3.615784144005795842e-02 -1.825588999459469286e-01
4.050702638550263135e-02 -1.913228281157621502e-01
4.509775855592612626e-02 -1.998176090917151426e-01
4.992888225905456334e-02 -2.080418503454989076e-01
5.499918128533154427e-02 -2.159946530272501553e-01
6.030737921409157209e-02 -2.236753747759550603e-01
6.585213973489323358e-02 -2.310834026238058059e-01
7.163206698392743377e-02 -2.382179430383839502e-01
7.764570589541863743e-02 -2.450778355605278958e-01
8.389154256793041053e-02 -2.516613957089449682e-01
9.036800464548166989e-02 -2.579662918570821972e-01
9.707346171337882801e-02 -2.639894596711337416e-01
1.040062257086641351e-01 -2.697270564628922451e-01
1.111645513450765232e-01 -2.751744564941158155e-01
1.185466365524179277e-01 -2.803262869099289456e-01
1.261506229302150617e-01 -2.851765026192637498e-01
1.339745962155614034e-01 -2.897184971230704065e-01
1.420165867650229341e-01 -2.939452450581986898e-01
1.502745700504856119e-01 -2.978494711170431297e-01
1.587464671688187945e-01 -3.014238390579824789e-01
1.674301453652287108e-01 -3.046611537729984609e-01
1.763234185701672008e-01 -3.075545688551507006e-01
1.854240479496642724e-01 -3.100977918321979887e-01
1.947297424689413692e-01 -3.122852792189780291e-01
2.042381594691679014e-01 -3.141124137978849040e-01
2.139469052572124941e-01 -3.155756570634537517e-01
2.238535357082431787e-01 -3.166726705547595611e-01
2.339555568810219865e-01 -3.174024008306347011e-01
2.442504256457417311e-01 -3.177651240918837328e-01
2.547355503242452190e-01 -3.177624478880853864e-01
2.654082913424666845e-01 -3.173972689233767186e-01
2.762659618949298013e-01 -3.166736876486420105e-01
2.873058286211370715e-01 -3.155968820443765255e-01
2.985251122936787294e-01 -3.141729447028857036e-01
3.099209885178879631e-01 -3.124086889517074805e-01
3.214905884428678196e-01 -3.103114312627053839e-01
3.332309994837083789e-01 -3.078887585046323760e-01
3.451392660547150104e-01 -3.051482896652757959e-01
3.572123903134606371e-01 -3.020974424413007675e-01
3.694473329154774888e-01 -2.987432155247026211e-01
3.818410137793947223e-01 -2.950919974675020319e-01
3.943903128623333920e-01 -2.911494126538259897e-01
4.070920709453594855e-01 -2.869202141347794721e-01
4.199430904288018462e-01 -2.824082318828606830e-01
4.329401361372292589e-01 -2.776163834088180571e-01
4.460799361338897429e-01 -2.725467516785131661e-01
4.593591825444023335e-01 -2.672007329087353056e-01
4.727745323894976259e-01 -2.615792541616414613e-01
4.863226084265935834e-01 -2.556830577643138813e-01
5.000000000000001110e-01 -2.495130465330036851e-01
5.138032638995313484e-01 -2.430706806733858028e-01
5.277289252273172915e-01 -2.363584141618172707e-01
5.417734782725895926e-01 -2.293801555003482096e-01
5.559333873942259308e-01 -2.221417350989312034e-01
5.702050879108284676e-01 -2.146513592950053395e-01
5.845849869981135649e-01 -2.069200292978204681e-01
5.990694645933862805e-01 -1.989619022652944214e-01
6.136548743068714895e-01 -1.907945714027443340e-01
6.283375443396724824e-01 -1.824392425251576133e-01
6.431137784081281117e-01 -1.739207860458001631e-01
6.579798566743311206e-01 -1.652676459269621922e-01
6.729320366825783939e-01 -1.565115908183013216e-01
6.879665543015128781e-01 -1.476872974580249465e-01
7.030796246717250231e-01 -1.388317624412927775e-01
7.182674431585703845e-01 -1.299835456612885853e-01
7.335261863099650226e-01 -1.211818570650832760e-01
7.488520128189207758e-01 -1.124655077719440427e-01
7.642410644905727191e-01 -1.038717569777544425e-01
7.796894672134594417e-01 -9.543509728518267954e-02
7.951933319348093443e-01 -8.718603299264449102e-02
8.107487556395898132e-01 -7.914991825213378573e-02
8.263518223330695855e-01 -7.134593464304479771e-02
8.419986040266501659e-01 -6.378630035493455808e-02
8.576851617267149397e-01 -5.647581555078697718e-02
8.734075464262507360e-01 -4.941186029653833744e-02
8.891618000989889303e-01 -4.258497237825796533e-02
9.049439566958173975e-01 -3.598014205914953217e-02
9.207500431432115162e-01 -2.957896902144881851e-02
9.365760803434354242e-01 -2.336283305950791547e-02
9.524180841762578398e-01 -1.731723421152867384e-02
9.682720665019324269e-01 -1.143745962228169717e-02
9.841340361651920166e-01 -5.735733220401595216e-03
9.999999999999998890e-01 -2.500000000000374644e-04
