9.999999999999998890e-01 2.500000000001329826e-04
9.841340361651920166e-01 1.913231013101894876e-02
9.682720665019324269e-01 3.772797803529458205e-02
9.524180841762578398e-01 5.599869908937030183e-02
9.365760803434354242e-01 7.392027780237826751e-02
9.207500431432115162e-01 9.147921443253852203e-02
9.049439566958173975e-01 1.086698317014265502e-01
8.891618000989889303e-01 1.254918957529148060e-01
8.734075464262507360e-01 1.419486838649142157e-01
8.576851617267149397e-01 1.580454507738260905e-01
8.419986040266501659e-01 1.737882457267537484e-01
8.263518223330695855e-01 1.891830334395536162e-01
8.107487556395898132e-01 2.042350739082048339e-01
7.951933319348093443e-01 2.189485183914815503e-01
7.796894672134594417e-01 2.333261817475983380e-01
7.642410644905727191e-01 2.473694545598989492e-01
7.488520128189207758e-01 2.610783220225910695e-01
7.335261863099650226e-01 2.744514602769425604e-01
7.182674431585703845e-01 2.874863846967847802e-01
7.030796246717250231e-01 3.001796284321918695e-01
6.879665543015128781e-01 3.125269332524702182e-01
6.729320366825783939e-01 3.245234383138209111e-01
6.579798566743311206e-01 3.361638558526212628e-01
6.431137784081281117e-01 3.474426259217524571e-01
6.283375443396724824e-01 3.583540451046932085e-01
6.136548743068714895e-01 3.688923666304118054e-01
5.990694645933862805e-01 3.790518714518488208e-01
5.845849869981135649e-01 3.888269116320640095e-01
5.702050879108284676e-01 3.982119288042309524e-01
5.559333873942259308e-01 4.072014515422915926e-01
5.417734782725895926e-01 4.157900762135617323e-01
5.277289252273172915e-01 4.239724363048215094e-01
5.138032638995313484e-01 4.317431653470017450e-01
5.000000000000001110e-01 4.390968584425440357e-01
4.863226084265935834e-01 4.460280370593842636e-01
4.727745323894976259e-01 4.525311212340690781e-01
4.593591825444023335e-01 4.586004126628249744e-01
4.460799361338897429e-01 4.642300913926482586e-01
4.329401361372292589e-01 4.694142279931324269e-01
4.199430904288018462e-01 4.741468122305163013e-01
4.070920709453594855e-01 4.784217984125933021e-01
3.943903128623333920e-01 4.822331667577451908e-01
3.818410137793947223e-01 4.855749993908148876e-01
3.694473329154774888e-01 4.884415689059330989e-01
3.572123903134606371e-01 4.908274368804519394e-01
3.451392660547150104e-01 4.927275592887270794e-01
3.332309994837083789e-01 4.941373954588731410e-01
3.214905884428678196e-01 4.950530170442603572e-01
3.099209885178879631e-01 4.954712134444345106e-01
2.985251122936787294e-01 4.953895902030537868e-01
2.873058286211370715e-01 4.948066571252213164e-01
2.762659618949298013e-01 4.937219031816758030e-01
2.654082913424666845e-01 4.921358556882350355e-01
2.547355503242452190e-01 4.900501217488320571e-01
2.442504256457417311e-01 4.874674105108791622e-01
2.339555568810219865e-01 4.843915353828253667e-01
2.238535357082431787e-01 4.808273959854018065e-01
2.139469052572124941e-01 4.767809402300194344e-01
2.042381594691679014e-01 4.722591075205839761e-01
1.947297424689413692e-01 4.672697546402803659e-01
1.854240479496642724e-01 4.618215663960155148e-01
1.763234185701672008e-01 4.559239535355540385e-01
1.674301453652287108e-01 4.495869408138109535e-01
1.587464671688187945e-01 4.428210483557605825e-01
1.502745700504856119e-01 4.356371696374019553e-01
1.420165867650229341e-01 4.280464494795415131e-01
1.339745962155614034e-01 4.200601654212112734e-01
1.261506229302150617e-01 4.116896157126410660e-01
1.185466365524179277e-01 4.029460169469640807e-01
1.111645513450765232e-01 3.938404140429925260e-01
1.040062257086641351e-01 3.843836049084523587e-01
9.707346171337882801e-02 3.745860816660992465e-01
9.036800464548166989e-02 3.644579898277360286e-01
8.389154256793041053e-02 3.540091062682254042e-01
7.764570589541863743e-02 3.432488362987568542e-01
7.163206698392743377e-02 3.321862295818437394e-01
6.585213973489323358e-02 3.208300140856954474e-01
6.030737921409157209e-02 3.091886467580036713e-01
5.499918128533154427e-02 2.972703791232030324e-01
4.992888225905456334e-02 2.850833355859485607e-01
4.509775855592612626e-02 2.726356018682497551e-01
4.050702638550263135e-02 2.599353207278410904e-01
3.615784144005795842e-02 2.469907919081941461e-01
3.205129860364375194e-02 2.338105731609329274e-01
2.818843167645834757e-02 2.204035791617561524e-01
2.457021311459295365e-02 2.067791752111745318e-01
2.119755378522125699e-02 1.929472627689223507e-01
1.807130273729329328e-02 1.789183541108272379e-01
1.519224698779197968e-02 1.647036337120927063e-01
1.256111132360571148e-02 1.503150043421745963e-01
1.017855811906731578e-02 1.357651162927957511e-01
8.045187169204659483e-03 1.210673786397756108e-01
6.161535538745877005e-03 1.062359519477980158e-01
4.528077426915411152e-03 9.128572235076072572e-02
3.145224048057615462e-03 7.623225746447699624e-02
2.013323528115562588e-03 6.109174509861210745e-02
1.132660816992037134e-03 4.588091621688785565e-02
5.034576168149174080e-04 3.061695403544742455e-02
1.258723261249317105e-04 1.531739153676153938e-02
0.000000000000000000e+00 0.000000000000000000e+00
1.258723261249317105e-04 -1.507416179384496284e-02
5.034576168149174080e-04 -3.012128943708255666e-02
1.132660816992037134e-03 -4.511455992601069026e-02
2.013323528115562588e-03 -6.002769176191288109e-02
3.145224048057615462e-03 -7.483519920490690203e-02
4.528077426915411152e-03 -8.951262723567823820e-02
6.161535538745877005e-03 -1.040367616383356952e-01
8.045187169204659483e-03 -1.183858093103856701e-01
1.017855811906731578e-02 -1.325395447343922783e-01
1.256111132360571148e-02 -1.464794194869124544e-01
1.519224698779197968e-02 -1.601886326871860000e-01
1.807130273729329328e-02 -1.736521613716543733e-01
2.119755378522125699e-02 -1.868567508900238483e-01
2.457021311459295365e-02 -1.997908665225648639e-01
2.818843167645834757e-02 -2.124446085851776078e-01
3.205129860364375194e-02 -2.248095942877986753e-01
3.615784144005795842e-02 -2.368788105141941547e-01
4.050702638550263135e-02 -2.486464424708768606e-01
4.509775855592612626e-02 -2.601076837870182623e-01
4.992888225905456334e-02 -2.712585341170289932e-01
5.499918128533154427e-02 -2.820955905888509752e-01
6.030737921409157209e-02 -2.926158395448356098e-01
6.585213973489323358e-02 -3.028164549347302503e-01
7.163206698392743377e-02 -3.126946094435156809e-01
7.764570589541863743e-02 -3.222473039780969772e-01
8.389154256793041053e-02 -3.314712205088461983e-01
9.036800464548166989e-02 -3.403626024826536534e-01
9.707346171337882801e-02 -3.489171661160075932e-01
1.040062257086641351e-01 -3.571300448662852456e-01
1.111645513450765232e-01 -3.649957682969222628e-01
1.185466365524179277e-01 -3.725082754299814947e-01
1.261506229302150617e-01 -3.796609615520697978e-01
1.339745962155614034e-01 -3.864467563414596407e-01
1.420165867650229341e-01 -3.928582301502483998e-01
1.502745700504856119e-01 -3.988877243386361182e-01
1.587464671688187945e-01 -4.045275007498446707e-01
1.674301453652287108e-01 -4.097699047613558299e-01
1.763234185701672008e-01 -4.146075358743531170e-01
1.854240479496642724e-01 -4.190334195268098916e-01
1.947297424689413692e-01 -4.230411737491426294e-01
2.042381594691679014e-01 -4.266251644310630753e-01
2.139469052572124941e-01 -4.297806433338599574e-01
2.238535357082431787e-01 -4.325038635566632594e-01
2.339555568810219865e-01 -4.347921679341961165e-01
2.442504256457417311e-01 -4.366440467863940134e-01
2.547355503242452190e-01 -4.380591625299877223e-01
2.654082913424666845e-01 -4.390383398659336023e-01
2.762659618949298013e-01 -4.395835215366932780e-01
2.873058286211370715e-01 -4.396976909620353147e-01
2.985251122936787294e-01 -4.393847643665816927e-01
3.099209885178879631e-01 -4.386494562603929226e-01
3.214905884428678196e-01 -4.374971232787792097e-01
3.332309994837083789e-01 -4.359335923836843985e-01
3.451392660547150104e-01 -4.339649802333852002e-01
3.572123903134606371e-01 -4.315975111009663356e-01
3.694473329154774888e-01 -4.288373410316507206e-01
3.818410137793947223e-01 -4.256903959480899946e-01
3.943903128623333920e-01 -4.221622311228390712e-01
4.070920709453594855e-01 -4.182579188294857642e-01
4.199430904288018462e-01 -4.139819700595747110e-01
4.329401361372292589e-01 -4.093382949638855184e-01
4.460799361338897429e-01 -4.043302051676044284e-01
4.593591825444023335e-01 -3.989604593550094558e-01
4.727745323894976259e-01 -3.932313515676135740e-01
4.863226084265935834e-01 -3.871448395686697963e-01
5.000000000000001110e-01 -3.807027084654007187e-01
5.138032638995313484e-01 -3.739067626266484035e-01
5.277289252273172915e-01 -3.667590368742564277e-01
5.417734782725895926e-01 -3.592620160543255614e-01
5.559333873942259308e-01 -3.514188505068432944e-01
5.702050879108284676e-01 -3.432335537487714583e-01
5.845849869981135649e-01 -3.347111679659367511e-01
5.990694645933862805e-01 -3.258578827697758973e-01
6.136548743068714895e-01 -3.166810932073504947e-01
6.283375443396724824e-01 -3.071893843000023661e-01
6.431137784081281117e-01 -2.973924314993237616e-01
6.579798566743311206e-01 -2.873008094465990814e-01
6.729320366825783939e-01 -2.769257053447016781e-01
6.879665543015128781e-01 -2.662785381216567493e-01
7.030796246717250231e-01 -2.553704903832922923e-01
7.182674431585703845e-01 -2.442119668958341594e-01
7.335261863099650226e-01 -2.328120009601109264e-01
7.488520128189207758e-01 -2.211776384632495873e-01
7.642410644905727191e-01 -2.093133385204141994e-01
7.796894672134594417e-01 -1.972204393202098560e-01
7.951933319348093443e-01 -1.848967479080451948e-01
8.107487556395898132e-01 -1.723363230013243708e-01
8.263518223330695855e-01 -1.595295303239118723e-01
8.419986040266501659e-01 -1.464634601477130538e-01
8.576851617267149397e-01 -1.331228064899398489e-01
8.734075464262507360e-01 -1.194913164730229266e-01
8.891618000989889303e-01 -1.055539264353598655e-01
9.049439566958173975e-01 -9.129970820247057528e-02
9.207500431432115162e-01 -7.672575420405079727e-02
9.365760803434354242e-01 -6.184213356952114604e-02
9.524180841762578398e-01 -4.667805267750669423e-02
9.682720665019324269e-01 -3.128935261142468116e-02
9.841340361651920166e-01 -1.576747234184939367e-02
9.999999999999998890e-01 -2.500000000001081002e-04
