9.999999999999998890e-01 2.500000000000356755e-04
9.841340361651920166e-01 5.098526312280427138e-03
9.682720665019324269e-01 9.555981963511553379e-03
9.524180841762578398e-01 1.375287572835733399e-02
9.365760803434354242e-01 1.777763710202799607e-02
9.207500431432115162e-01 2.168598498490648466e-02
9.049439566958173975e-01 2.550892167513640202e-02
8.891618000989889303e-01 2.925945239512781418e-02
8.734075464262507360e-01 3.293813691525502435e-02
8.576851617267149397e-01 3.653758377024578924e-02
8.419986040266501659e-01 4.004599926013575895e-02
8.263518223330695855e-01 4.344990308018757685e-02
8.107487556395898132e-01 4.673612024272105758e-02
7.951933319348093443e-01 4.989315516124613603e-02
7.796894672134594417e-01 5.291204859471947131e-02
7.642410644905727191e-01 5.578681183184788089e-02
7.488520128189207758e-01 5.851452526603108384e-02
7.335261863099650226e-01 6.109518059982045612e-02
7.182674431585703845e-01 6.353133754412663980e-02
7.030796246717250231e-01 6.582765725041030136e-02
6.879665543015128781e-01 6.799036602753148750e-02
6.729320366825783939e-01 7.002669432543687233e-02
6.579798566743311206e-01 7.194432767294273168e-02
6.431137784081281117e-01 7.375089837349403654e-02
6.283375443396724824e-01 7.545353940642876567e-02
6.136548743068714895e-01 7.705851524545302700e-02
5.990694645933862805e-01 7.857093826226972666e-02
5.845849869981135649e-01 7.999457408154304894e-02
5.702050879108284676e-01 8.133173472280318117e-02
5.559333873942259308e-01 8.258325461506514642e-02
5.417734782725895926e-01 8.374854159227661243e-02
5.277289252273172915e-01 8.482569274723654462e-02
5.138032638995313484e-01 8.581166349888486033e-02
5.000000000000001110e-01 8.670247736103754710e-02
4.863226084265935834e-01 8.749346362775750618e-02
4.727745323894976259e-01 8.817951044174159037e-02
4.593591825444023335e-01 8.875532141188151314e-02
4.460799361338897429e-01 8.921566501562670781e-02
4.329401361372292589e-01 8.955560738078879868e-02
4.199430904288018462e-01 8.977072061057340957e-02
4.070920709453594855e-01 8.985726051809102277e-02
3.943903128623333920e-01 8.981230939982041972e-02
3.818410137793947223e-01 8.963388123459355150e-02
3.694473329154774888e-01 8.932098838564588028e-02
3.572123903134606371e-01 8.887367045597784065e-02
3.451392660547150104e-01 8.829298735808399634e-02
3.332309994837083789e-01 8.758097987339970303e-02
3.214905884428678196e-01 8.674060196913752074e-02
3.099209885178879631e-01 8.577562989421891326e-02
2.985251122936787294e-01 8.469055358430543912e-02
2.873058286211370715e-01 8.349045616943152892e-02
2.762659618949298013e-01 8.218088740512288770e-02
2.654082913424666845e-01 8.076773665474751285e-02
2.547355503242452190e-01 7.925711065878310313e-02
2.442504256457417311e-01 7.765522076223307923e-02
2.339555568810219865e-01 7.596828356496855561e-02
2.238535357082431787e-01 7.420243814441088159e-02
2.139469052572124941e-01 7.236368211035244802e-02
2.042381594691679014e-01 7.045782782294007784e-02
1.947297424689413692e-01 6.849047917138197106e-02
1.854240479496642724e-01 6.646702840562475345e-02
1.763234185701672008e-01 6.439267166639173201e-02
1.674301453652287108e-01 6.227244109758549306e-02
1.587464671688187945e-01 6.011125077216654400e-02
1.502745700504856119e-01 5.791395313679804924e-02
1.420165867650229341e-01 5.568540229550440063e-02
1.339745962155614034e-01 5.343052021701270166e-02
1.261506229302150617e-01 5.115436186788127615e-02
1.185466365524179277e-01 4.886217534250938271e-02
1.111645513450765232e-01 4.655945327540286088e-02
1.040062257086641351e-01 4.425197216993060484e-02
9.707346171337882801e-02 4.194581674656441134e-02
9.036800464548166989e-02 3.964738698413951268e-02
8.389154256793041053e-02 3.736338617914122112e-02
7.764570589541863743e-02 3.510078905746417260e-02
7.163206698392743377e-02 3.286678971623784029e-02
6.585213973489323358e-02 3.066872992532069728e-02
6.030737921409157209e-02 2.851400905427350918e-02
5.499918128533154427e-02 2.640997758728062458e-02
4.992888225905456334e-02 2.436381682344449656e-02
4.509775855592612626e-02 2.238240791319912396e-02
4.050702638550263135e-02 2.047219383611183913e-02
3.615784144005795842e-02 1.863903826714134390e-02
3.205129860364375194e-02 1.688808549713700924e-02
2.818843167645834757e-02 1.522362566250158589e-02
2.457021311459295365e-02 1.364896949595005050e-02
2.119755378522125699e-02 1.216633663664671260e-02
1.807130273729329328e-02 1.077676123905049223e-02
1.519224698779197968e-02 9.480018204615133642e-03
1.256111132360571148e-02 8.274572841545781848e-03
1.017855811906731578e-02 7.157556150585649667e-03
8.045187169204659483e-03 6.124767257307396455e-03
6.161535538745877005e-03 5.170703783619491796e-03
4.528077426915411152e-03 4.288620194568776821e-03
3.145224048057615462e-03 3.470613393210541381e-03
2.013323528115562588e-03 2.707734088626547776e-03
1.132660816992037134e-03 1.990121751904370441e-03
5.034576168149174080e-04 1.307160322703044544e-03
1.258723261249317105e-04 6.476512538581897420e-04
0.000000000000000000e+00 0.000000000000000000e+00
1.258723261249317105e-04 9.612466387972911378e-07
5.034576168149174080e-04 1.461165298777156066e-05
1.132660816992037134e-03 5.349461337450859400e-05
2.013323528115562588e-03 1.297409642456949150e-04
3.145224048057615462e-03 2.548747145681304555e-04
4.528077426915411152e-03 4.396328218015557016e-04
6.161535538745877005e-03 6.938030816639686625e-04
8.045187169204659483e-03 1.026083696808746887e-03
1.017855811906731578e-02 1.443967488489628949e-03
1.256111132360571148e-02 1.953653033701963169e-03
1.519224698779197968e-02 2.559984267917003210e-03
1.807130273729329328e-02 3.266419311929241991e-03
2.119755378522125699e-02 4.075028483268637418e-03
2.457021311459295365e-02 4.986520661375732320e-03
2.818843167645834757e-02 6.000296414459119383e-03
3.205129860364375194e-02 7.114525587007335117e-03
3.615784144005795842e-02 8.326246411215893622e-03
4.050702638550263135e-02 9.631482661945781412e-03
4.509775855592612626e-02 1.102537493945007080e-02
4.992888225905456334e-02 1.250232185005301609e-02
5.499918128533154427e-02 1.405612667176388449e-02
6.030737921409157209e-02 1.568014504511554622e-02
6.585213973489323358e-02 1.736742932093019581e-02
7.163206698392743377e-02 1.911086542365250662e-02
7.764570589541863743e-02 2.090329844464253531e-02
8.389154256793041053e-02 2.273764365365830639e-02
9.036800464548166989e-02 2.460698019421700411e-02
9.707346171337882801e-02 2.650462539176390298e-02
1.040062257086641351e-01 2.842418833185627811e-02
1.111645513450765232e-01 3.035960213582044459e-02
1.185466365524179277e-01 3.230513514881264842e-02
1.261506229302150617e-01 3.425538203419611211e-02
1.339745962155614034e-01 3.620523651271116694e-02
1.420165867650229341e-01 3.814984816972005754e-02
1.502745700504856119e-01 4.008456635486520175e-02
1.587464671688187945e-01 4.200487469394843798e-02
1.674301453652287108e-01 4.390632010373729521e-02
1.763234185701672008e-01 4.578444043129282354e-02
1.854240479496642724e-01 4.763469491898315866e-02
1.947297424689413692e-01 4.945240161789852401e-02
2.042381594691679014e-01 5.123268563421506938e-02
2.139469052572124941e-01 5.297044169867747010e-02
2.238535357082431787e-01 5.466031400762960679e-02
2.339555568810219865e-01 5.629669560900812247e-02
2.442504256457417311e-01 5.787374881757944428e-02
2.547355503242452190e-01 5.938544726425173947e-02
2.654082913424666845e-01 6.082563924249610732e-02
2.762659618949298013e-01 6.218813104218837845e-02
2.873058286211370715e-01 6.346678799161598050e-02
2.985251122936787294e-01 6.465564999779270516e-02
3.099209885178879631e-01 6.574905752008280979e-02
3.214905884428678196e-01 6.674178316853565662e-02
3.332309994837083789e-01 6.762916352076314697e-02
3.451392660547150104e-01 6.840722533137882921e-02
3.572123903134606371e-01 6.907280009371839780e-02
3.694473329154774888e-01 6.962362092743577813e-02
3.818410137793947223e-01 7.005839602409305589e-02
3.943903128623333920e-01 7.037685339534545392e-02
4.070920709453594855e-01 7.057975243607347848e-02
4.199430904288018462e-01 7.066885883044311811e-02
4.329401361372292589e-01 7.064688057580310876e-02
4.460799361338897429e-01 7.051736435150440796e-02
4.593591825444023335e-01 7.028455308156543457e-02
4.727745323894976259e-01 6.995320728669696120e-02
4.863226084265935834e-01 6.952839463874710413e-02
5.000000000000001110e-01 6.901525395717801603e-02
5.138032638995313484e-01 6.841874165361395976e-02
5.277289252273172915e-01 6.774337026173599119e-02
5.417734782725895926e-01 6.699295010632845548e-02
5.559333873942259308e-01 6.617034628484164127e-02
5.702050879108284676e-01 6.527726387433574473e-02
5.845849869981135649e-01 6.431407455427157194e-02
5.990694645933862805e-01 6.327969757293272490e-02
6.136548743068714895e-01 6.217154710969380327e-02
6.283375443396724824e-01 6.098555653239350755e-02
6.431137784081281117e-01 5.971628776470758876e-02
6.579798566743311206e-01 5.835713092137191638e-02
6.729320366825783939e-01 5.690059551305306357e-02
6.879665543015128781e-01 5.533868985823280073e-02
7.030796246717250231e-01 5.366337987604980625e-02
7.182674431585703845e-01 5.186711220130779676e-02
7.335261863099650226e-01 4.994337961198536818e-02
7.488520128189207758e-01 4.788729916408759890e-02
7.642410644905727191e-01 4.569616528485300616e-02
7.796894672134594417e-01 4.336993150222190341e-02
7.951933319348093443e-01 4.091156562742843256e-02
8.107487556395898132e-01 3.832721422123552824e-02
8.263518223330695855e-01 3.562610324517301308e-02
8.419986040266501659e-01 3.282009312747629498e-02
8.576851617267149397e-01 2.992279827493302125e-02
8.734075464262507360e-01 2.694817356458510324e-02
8.891618000989889303e-01 2.390846379022242008e-02
9.049439566958173975e-01 2.081140665996974656e-02
9.207500431432115162e-01 1.765657598603838363e-02
9.365760803434354242e-01 1.443074941527659749e-02
9.524180841762578398e-01 1.110218465048607404e-02
9.682720665019324269e-01 7.613689825173331448e-03
9.841340361651920166e-01 3.874377717661243396e-03
9.999999999999998890e-01 -2.499999999999693765e-04
