9.999999999999998890e-01 2.500000000000468969e-04
9.841340361651920166e-01 6.733954332822035885e-03
9.682720665019324269e-01 1.285733351474102268e-02
9.524180841762578398e-01 1.872287077339206476e-02
9.365760803434354242e-01 2.440040661886403242e-02
9.207500431432115162e-01 2.993417646128291795e-02
9.049439566958173975e-01 3.534903405154578987e-02
8.891618000989889303e-01 4.065568748150513723e-02
8.734075464262507360e-01 4.585502949754539925e-02
8.576851617267149397e-01 5.094164704329927351e-02
8.419986040266501659e-01 5.590659638151367766e-02
8.263518223330695855e-01 6.073952999779469453e-02
8.107487556395898132e-01 6.543025992009855740e-02
7.951933319348093443e-01 6.996983926760003136e-02
7.796894672134594417e-01 7.435123994772867284e-02
7.642410644905727191e-01 7.856969963052209960e-02
7.488520128189207758e-01 8.262280562445240006e-02
7.335261863099650226e-01 8.651037723352271447e-02
7.182674431585703845e-01 9.023420176134012982e-02
7.030796246717250231e-01 9.379767270478507613e-02
6.879665543015128781e-01 9.720537199741599577e-02
6.729320366825783939e-01 1.004626315574847217e-01
6.579798566743311206e-01 1.035751029894884517e-01
6.431137784081281117e-01 1.065483581880261738e-01
6.283375443396724824e-01 1.093875378884460181e-01
6.136548743068714895e-01 1.120970599736647033e-01
5.990694645933862805e-01 1.146803946371024868e-01
5.845849869981135649e-01 1.171399093578434358e-01
5.702050879108284676e-01 1.194767830899046007e-01
5.559333873942259308e-01 1.216909861117887737e-01
5.417734782725895926e-01 1.237813196202317556e-01
5.277289252273172915e-01 1.257455073654917266e-01
5.138032638995313484e-01 1.275803303856979931e-01
5.000000000000001110e-01 1.292817951661157649e-01
4.863226084265935834e-01 1.308453252791721977e-01
4.727745323894976259e-01 1.322659667000096184e-01
4.593591825444023335e-01 1.335385974829745859e-01
4.460799361338897429e-01 1.346581332668247699e-01
4.329401361372292589e-01 1.356197210894051208e-01
4.199430904288018462e-01 1.364189151753674167e-01
4.070920709453594855e-01 1.370518296542543868e-01
3.943903128623333920e-01 1.375152645151067332e-01
3.818410137793947223e-01 1.378068024560458738e-01
3.694473329154774888e-01 1.379248755965369055e-01
3.572123903134606371e-01 1.378688022456291684e-01
3.451392660547150104e-01 1.376387950272299765e-01
3.332309994837083789e-01 1.372359426259979198e-01
3.214905884428678196e-01 1.366621682143232264e-01
3.099209885178879631e-01 1.359201682386239340e-01
2.985251122936787294e-01 1.350133356751056224e-01
2.873058286211370715e-01 1.339456721109298643e-01
2.762659618949298013e-01 1.327216930720483690e-01
2.654082913424666845e-01 1.313463309147776814e-01
2.547355503242452190e-01 1.298248393401233436e-01
2.442504256457417311e-01 1.281627031973953390e-01
2.339555568810219865e-01 1.263655567392782120e-01
2.238535357082431787e-01 1.244391128989116441e-01
2.139469052572124941e-01 1.223891055066539946e-01
2.042381594691679014e-01 1.202212456764729376e-01
1.947297424689413692e-01 1.179411928953736921e-01
1.854240479496642724e-01 1.155545406688745363e-01
1.763234185701672008e-01 1.130668159343728579e-01
1.674301453652287108e-01 1.104834908730214782e-01
1.587464671688187945e-01 1.078100052472210635e-01
1.502745700504856119e-01 1.050517969795025097e-01
1.420165867650229341e-01 1.022143383802629341e-01
1.339745962155614034e-01 9.930317523362411358e-02
1.261506229302150617e-01 9.632396586583608089e-02
1.185466365524179277e-01 9.328251734861822686e-02
1.111645513450765232e-01 9.018481612646100931e-02
1.040062257086641351e-01 8.703705059467189975e-02
9.707346171337882801e-02 8.384562348329968606e-02
9.036800464548166989e-02 8.061715230784946562e-02
8.389154256793041053e-02 7.735845661563102438e-02
7.764570589541863743e-02 7.407653126976734836e-02
7.163206698392743377e-02 7.077850555339064431e-02
6.585213973489323358e-02 6.747158842593775629e-02
6.030737921409157209e-02 6.416300080337343503e-02
5.499918128533154427e-02 6.085989624689578520e-02
4.992888225905456334e-02 5.756927191363528373e-02
4.509775855592612626e-02 5.429787203307912674e-02
4.050702638550263135e-02 5.105208651150332927e-02
3.615784144005795842e-02 4.783784752302678439e-02
3.205129860364375194e-02 4.466052711209961973e-02
2.818843167645834757e-02 4.152483890325875393e-02
2.457021311459295365e-02 3.843474698770780323e-02
2.119755378522125699e-02 3.539338493358590992e-02
1.807130273729329328e-02 3.240298765145203236e-02
1.519224698779197968e-02 2.946483854508455055e-02
1.256111132360571148e-02 2.657923399926349906e-02
1.017855811906731578e-02 2.374546681211926746e-02
8.045187169204659483e-03 2.096182968313834924e-02
6.161535538745877005e-03 1.822563933377023201e-02
4.528077426915411152e-03 1.553328128157836600e-02
3.145224048057615462e-03 1.288027472743976179e-02
2.013323528115562588e-03 1.026135646491590711e-02
1.132660816992037134e-03 7.670582197764700891e-03
5.034576168149174080e-04 5.101443170942943604e-03
1.258723261249317105e-04 2.546995596413550739e-03
0.000000000000000000e+00 0.000000000000000000e+00
1.258723261249317105e-04 -1.979459527245445907e-03
5.034576168149174080e-04 -3.944892436696358952e-03
1.132660816992037134e-03 -5.882417511954100668e-03
2.013323528115562588e-03 -7.778565336488507502e-03
3.145224048057615462e-03 -9.620472109966559868e-03
4.528077426915411152e-03 -1.139605933227310665e-02
6.161535538745877005e-03 -1.309419526202345793e-02
8.045187169204659483e-03 -1.470483456280310963e-02
1.017855811906731578e-02 -1.621913315552100943e-02
1.256111132360571148e-02 -1.762953598169457806e-02
1.519224698779197968e-02 -1.892983613038883364e-02
1.807130273729329328e-02 -2.011520456927422956e-02
2.119755378522125699e-02 -2.118219052503360345e-02
2.457021311459295365e-02 -2.212869335674253271e-02
2.818843167645834757e-02 -2.295390753461164918e-02
3.205129860364375194e-02 -2.365824305312543355e-02
3.615784144005795842e-02 -2.424322425109807708e-02
4.050702638550263135e-02 -2.471137056250031702e-02
4.509775855592612626e-02 -2.506606316472517054e-02
4.992888225905456334e-02 -2.531140181200190048e-02
5.499918128533154427e-02 -2.545205633122056554e-02
6.030737921409157209e-02 -2.549311730962583455e-02
6.585213973489323358e-02 -2.543995041687992925e-02
7.163206698392743377e-02 -2.529805858024487125e-02
7.764570589541863743e-02 -2.507295587761188688e-02
8.389154256793041053e-02 -2.477005653934204188e-02
9.036800464548166989e-02 -2.439458187067231748e-02
9.707346171337882801e-02 -2.395148723947970043e-02
1.040062257086641351e-01 -2.344541054010389203e-02
1.111645513450765232e-01 -2.288064276569763689e-02
1.185466365524179277e-01 -2.226112052391394924e-02
1.261506229302150617e-01 -2.159043953937987009e-02
1.339745962155614034e-01 -2.087188742733769864e-02
1.420165867650229341e-01 -2.010849332152862823e-02
1.502745700504856119e-01 -1.930309132002020270e-02
1.587464671688187945e-01 -1.845839419733337136e-02
1.674301453652287108e-01 -1.757707343919733337e-02
1.763234185701672008e-01 -1.666184140336654171e-02
1.854240479496642724e-01 -1.571553130791479569e-02
1.947297424689413692e-01 -1.474117080446001905e-02
2.042381594691679014e-01 -1.374204511010523877e-02
2.139469052572124941e-01 -1.272174604556110603e-02
2.238535357082431787e-01 -1.168420384969761673e-02
2.339555568810219865e-01 -1.063369929917249920e-02
2.442504256457417311e-01 -9.574854437264615839e-03
2.547355503242452190e-01 -8.512601085386942157e-03
2.654082913424666845e-01 -7.452127246569985146e-03
2.762659618949298013e-01 -6.398802481585555597e-03
2.873058286211370715e-01 -5.358084311692789571e-03
2.985251122936787294e-01 -4.335408641797055401e-03
3.099209885178879631e-01 -3.336068067889249970e-03
3.214905884428678196e-01 -2.365082697054749546e-03
3.332309994837083789e-01 -1.427068732637425640e-03
3.451392660547150104e-01 -5.261105294725843635e-04
3.572123903134606371e-01 3.343579235748115968e-04
3.694473329154774888e-01 1.151656107313656693e-03
3.818410137793947223e-01 1.923938886691121605e-03
3.943903128623333920e-01 2.650251921795273961e-03
4.070920709453594855e-01 3.330555974971698661e-03
4.199430904288018462e-01 3.965716473699394153e-03
4.329401361372292589e-01 4.557455879901632645e-03
4.460799361338897429e-01 5.108267813718703199e-03
4.593591825444023335e-01 5.621293449390028091e-03
4.727745323894976259e-01 6.100162399503916179e-03
4.863226084265935834e-01 6.548802079383763720e-03
5.000000000000001110e-01 6.971221335586544332e-03
5.138032638995313484e-01 7.371275864016774843e-03
5.277289252273172915e-01 7.752424560667055264e-03
5.417734782725895926e-01 8.117487363619937599e-03
5.559333873942259308e-01 8.468416277972014641e-03
5.702050879108284676e-01 8.806092044064850466e-03
5.845849869981135649e-01 9.130159233182243150e-03
5.990694645933862805e-01 9.438912356267762510e-03
6.136548743068714895e-01 9.729244778290261839e-03
6.283375443396724824e-01 9.996670779489015904e-03
6.431137784081281117e-01 1.023542894082658805e-02
6.579798566743311206e-01 1.043867211289159491e-02
6.729320366825783939e-01 1.059874552807642950e-02
6.879665543015128781e-01 1.070755012447183012e-02
7.030796246717250231e-01 1.075698287424651546e-02
7.182674431585703845e-01 1.073943987681288265e-02
7.335261863099650226e-01 1.064836123635893098e-02
7.488520128189207758e-01 1.047878936477783171e-02
7.642410644905727191e-01 1.022790442741859825e-02
7.796894672134594417e-01 9.895492295544804431e-03
7.951933319348093443e-01 9.484291722968461735e-03
8.107487556395898132e-01 9.000158683057901329e-03
8.263518223330695855e-01 8.451977063804376120e-03
8.419986040266501659e-01 7.851236418116707208e-03
8.576851617267149397e-01 7.211189414474682667e-03
8.734075464262507360e-01 6.545494252327624732e-03
8.891618000989889303e-01 5.866240828995077441e-03
9.049439566958173975e-01 5.181254107380114070e-03
9.207500431432115162e-01 4.490564174740814540e-03
9.365760803434354242e-01 3.781930136976434723e-03
9.524180841762578398e-01 3.025304487284757177e-03
9.682720665019324269e-01 2.166126136710094623e-03
9.841340361651920166e-01 1.117334093314292700e-03
9.999999999999998890e-01 -2.499999999999888921e-04
