9.999999999999998890e-01 2.500000000000953066e-04
9.841340361651920166e-01 1.281670908838268910e-02
9.682720665019324269e-01 2.354857412385867946e-02
9.524180841762578398e-01 3.281803248886822066e-02
9.365760803434354242e-01 4.093376418738988581e-02
9.207500431432115162e-01 4.814882272531811197e-02
9.049439566958173975e-01 5.466811862822921336e-02
8.891618000989889303e-01 6.065525723157955823e-02
8.734075464262507360e-01 6.623873979148532654e-02
8.576851617267149397e-01 7.151754352007011484e-02
8.419986040266501659e-01 7.656610183910510237e-02
8.263518223330695855e-01 8.143871097297517014e-02
8.107487556395898132e-01 8.617339298206005971e-02
7.951933319348093443e-01 9.079524849608371084e-02
7.796894672134594417e-01 9.531933477881675276e-02
7.642410644905727191e-01 9.975310638380806283e-02
7.488520128189207758e-01 1.040984565955035135e-01
7.335261863099650226e-01 1.083533981467503515e-01
7.182674431585703845e-01 1.125134214221779061e-01
7.030796246717250231e-01 1.165725675603180300e-01
6.879665543015128781e-01 1.205242526205237974e-01
6.729320366825783939e-01 1.243618773495001051e-01
6.579798566743311206e-01 1.280792551320319717e-01
6.431137784081281117e-01 1.316708885054849176e-01
6.283375443396724824e-01 1.351321222199098893e-01
6.136548743068714895e-01 1.384591982942154909e-01
5.990694645933862805e-01 1.416492359093748099e-01
5.845849869981135649e-01 1.447001563432985805e-01
5.702050879108284676e-01 1.476105705354810171e-01
5.559333873942259308e-01 1.503796443144413686e-01
5.417734782725895926e-01 1.530069538637466586e-01
5.277289252273172915e-01 1.554923416740246478e-01
5.138032638995313484e-01 1.578357810544694650e-01
5.000000000000001110e-01 1.600372552781700319e-01
4.863226084265935834e-01 1.620966556262029012e-01
4.727745323894976259e-01 1.640137009859031214e-01
4.593591825444023335e-01 1.657878802544386909e-01
4.460799361338897429e-01 1.674184176008015335e-01
4.329401361372292589e-01 1.689042596446773958e-01
4.199430904288018462e-01 1.702440828129342665e-01
4.070920709453594855e-01 1.714363185241740972e-01
3.943903128623333920e-01 1.724791934168362351e-01
3.818410137793947223e-01 1.733707815625260829e-01
3.694473329154774888e-01 1.741090654777240065e-01
3.572123903134606371e-01 1.746920027468027714e-01
3.451392660547150104e-01 1.751175951796039576e-01
3.332309994837083789e-01 1.753839576296575553e-01
3.214905884428678196e-01 1.754893838764965408e-01
3.099209885178879631e-01 1.754324073099052250e-01
2.985251122936787294e-01 1.752118545285389628e-01
2.873058286211370715e-01 1.748268903644085437e-01
2.762659618949298013e-01 1.742770532536855044e-01
2.654082913424666845e-01 1.735622802800495801e-01
2.547355503242452190e-01 1.726829216077973017e-01
2.442504256457417311e-01 1.716397443882556606e-01
2.339555568810219865e-01 1.704339265564739636e-01
2.238535357082431787e-01 1.690670412291865043e-01
2.139469052572124941e-01 1.675410326648356096e-01
2.042381594691679014e-01 1.658581849487940907e-01
1.947297424689413692e-01 1.640210847201787614e-01
1.854240479496642724e-01 1.620325793605541242e-01
1.763234185701672008e-01 1.598957321204391158e-01
1.674301453652287108e-01 1.576137756690637604e-01
1.587464671688187945e-01 1.551900655194533574e-01
1.502745700504856119e-01 1.526280347086775013e-01
1.420165867650229341e-01 1.499311510066514974e-01
1.339745962155614034e-01 1.471028777913904739e-01
1.261506229302150617e-01 1.441466395695726321e-01
1.185466365524179277e-01 1.410657929443318581e-01
1.111645513450765232e-01 1.378636036430532230e-01
1.040062257086641351e-01 1.345432300221580668e-01
9.707346171337882801e-02 1.311077132687917812e-01
9.036800464548166989e-02 1.275599743259675234e-01
8.389154256793041053e-02 1.239028173826743351e-01
7.764570589541863743e-02 1.201389395978158386e-01
7.163206698392743377e-02 1.162709465701599887e-01
6.585213973489323358e-02 1.123013729287097862e-01
6.030737921409157209e-02 1.082327073013996804e-01
5.499918128533154427e-02 1.040674208265148365e-01
4.992888225905456334e-02 9.980799830184118593e-02
4.509775855592612626e-02 9.545697102180117355e-02
4.050702638550263135e-02 9.101695033266885004e-02
3.615784144005795842e-02 8.649066093982096803e-02
3.205129860364375194e-02 8.188097302779001607e-02
2.818843167645834757e-02 7.719093230216637902e-02
2.457021311459295365e-02 7.242378713025771075e-02
2.119755378522125699e-02 6.758301204267713747e-02
1.807130273729329328e-02 6.267232695823010680e-02
1.519224698779197968e-02 5.769571160696201906e-02
1.256111132360571148e-02 5.265741474821619000e-02
1.017855811906731578e-02 4.756195790916081800e-02
8.045187169204659483e-03 4.241413350157304668e-02
6.161535538745877005e-03 3.721899730784846566e-02
4.528077426915411152e-03 3.198185545841730065e-02
3.145224048057615462e-03 2.670824614934217550e-02
2.013323528115562588e-03 2.140391646827603106e-02
1.132660816992037134e-03 1.607479480688851770e-02
5.034576168149174080e-04 1.072695943618885706e-02
1.258723261249317105e-04 5.366603906039690494e-03
0.000000000000000000e+00 0.000000000000000000e+00
1.258723261249317105e-04 -5.302812033666563958e-03
5.034576168149174080e-04 -1.059620427347908976e-02
1.132660816992037134e-03 -1.587079303268036645e-02
2.013323528115562588e-03 -2.111739013041106020e-02
3.145224048057615462e-03 -2.632709423884143154e-02
4.528077426915411152e-03 -3.149137474842227807e-02
6.161535538745877005e-03 -3.660214600799278906e-02
8.045187169204659483e-03 -4.165183008342604465e-02
1.017855811906731578e-02 -4.663340652054162594e-02
1.256111132360571148e-02 -5.154044798482227546e-02
1.519224698779197968e-02 -5.636714107031309123e-02
1.807130273729329328e-02 -6.110829201016899220e-02
2.119755378522125699e-02 -6.575931746828093949e-02
2.457021311459295365e-02 -7.031622103155246717e-02
2.818843167645834757e-02 -7.477555644224412323e-02
3.205129860364375194e-02 -7.913437899640828055e-02
3.615784144005795842e-02 -8.339018687584312528e-02
4.050702638550263135e-02 -8.754085446656434399e-02
4.509775855592612626e-02 -9.158455993756722813e-02
4.992888225905456334e-02 -9.551970950261255699e-02
5.499918128533154427e-02 -9.934486086010616002e-02
6.030737921409157209e-02 -1.030586482993792186e-01
6.585213973489323358e-02 -1.066597118758274565e-01
7.163206698392743377e-02 -1.101466328948987050e-01
7.764570589541863743e-02 -1.135178777107877235e-01
8.389154256793041053e-02 -1.167717515471396461e-01
9.036800464548166989e-02 -1.199063636934859650e-01
9.707346171337882801e-02 -1.229196050337995477e-01
1.040062257086641351e-01 -1.258091384352728048e-01
1.111645513450765232e-01 -1.285724020801854994e-01
1.185466365524179277e-01 -1.312066253762797230e-01
1.261506229302150617e-01 -1.337088566464325612e-01
1.339745962155614034e-01 -1.360760013914780187e-01
1.420165867650229341e-01 -1.383048695549719542e-01
1.502745700504856119e-01 -1.403922299085798575e-01
1.587464671688187945e-01 -1.423348694330668907e-01
1.674301453652287108e-01 -1.441296554020272402e-01
1.763234185701672008e-01 -1.457735977905870450e-01
1.854240479496642724e-01 -1.472639096337052256e-01
1.947297424689413692e-01 -1.485980630498394128e-01
2.042381594691679014e-01 -1.497738388239775453e-01
2.139469052572124941e-01 -1.507893677045784309e-01
2.238535357082431787e-01 -1.516431619039021461e-01
2.339555568810219865e-01 -1.523341356896720789e-01
2.442504256457417311e-01 -1.528616144043668801e-01
2.547355503242452190e-01 -1.532253317306814799e-01
2.654082913424666845e-01 -1.534254155198344072e-01
2.762659618949298013e-01 -1.534623629940033152e-01
2.873058286211370715e-01 -1.533370066049719316e-01
2.985251122936787294e-01 -1.530504722576108700e-01
3.099209885178879631e-01 -1.526041319691759102e-01
3.214905884428678196e-01 -1.519995533149447742e-01
3.332309994837083789e-01 -1.512384481908395639e-01
3.451392660547150104e-01 -1.503226234905894187e-01
3.572123903134606371e-01 -1.492539362384099622e-01
3.694473329154774888e-01 -1.480342555320331988e-01
3.818410137793947223e-01 -1.466654333339509342e-01
3.943903128623333920e-01 -1.451492857049822838e-01
4.070920709453594855e-01 -1.434875855135150646e-01
4.199430904288018462e-01 -1.416820669917432385e-01
4.329401361372292589e-01 -1.397344417687875484e-01
4.460799361338897429e-01 -1.376464252176487768e-01
4.593591825444023335e-01 -1.354197711422494566e-01
4.727745323894976259e-01 -1.330563120415646228e-01
4.863226084265935834e-01 -1.305580014640756736e-01
5.000000000000001110e-01 -1.279269543556520450e-01
5.138032638995313484e-01 -1.251654808587799317e-01
5.277289252273172915e-01 -1.222761087941645064e-01
5.417734782725895926e-01 -1.192615901012678004e-01
5.559333873942259308e-01 -1.161248868858210104e-01
5.702050879108284676e-01 -1.128691334711591637e-01
5.845849869981135649e-01 -1.094975720240265737e-01
5.990694645933862805e-01 -1.060134609665764199e-01
6.136548743068714895e-01 -1.024199575298686965e-01
6.283375443396724824e-01 -9.871997847677055349e-02
6.431137784081281117e-01 -9.491604623997827728e-02
6.579798566743311206e-01 -9.101013148827279131e-02
6.729320366825783939e-01 -8.700350744222552779e-02
6.879665543015128781e-01 -8.289663608610749190e-02
7.030796246717250231e-01 -7.868911172699782908e-02
7.182674431585703845e-01 -7.437969308014906467e-02
7.335261863099650226e-01 -6.996646113998382377e-02
7.488520128189207758e-01 -6.544714644032466333e-02
7.642410644905727191e-01 -6.081967581059755795e-02
7.796894672134594417e-01 -5.608299527571727894e-02
7.951933319348093443e-01 -5.123823218989883438e-02
8.107487556395898132e-01 -4.629026588858300290e-02
8.263518223330695855e-01 -4.124978192565587759e-02
8.419986040266501659e-01 -3.613589016264376341e-02
8.576851617267149397e-01 -3.097939141231439986e-02
8.734075464262507360e-01 -2.582678082584103502e-02
8.891618000989889303e-01 -2.074507856322438046e-02
9.049439566958173975e-01 -1.582757931526113798e-02
9.207500431432115162e-01 -1.120061177126764271e-02
9.365760803434354242e-01 -7.031396978037467507e-03
9.524180841762578398e-01 -3.537090552816476736e-03
9.682720665019324269e-01 -9.950877536821713283e-04
9.841340361651920166e-01 2.453376475782774999e-04
9.999999999999998890e-01 -2.499999999999892716e-04
