9.999999999999998890e-01 2.500000000000536732e-04
9.841340361651920166e-01 7.800008207827748702e-03
9.682720665019324269e-01 1.512430977976350968e-02
9.524180841762578398e-01 2.224040326780730298e-02
9.365760803434354242e-01 2.916053151845134778e-02
9.207500431432115162e-01 3.589274073951329719e-02
9.049439566958173975e-01 4.244181330207940500e-02
8.891618000989889303e-01 4.881007913751252841e-02
8.734075464262507360e-01 5.499811166759987352e-02
8.576851617267149397e-01 6.100531509812859299e-02
8.419986040266501659e-01 6.683041061588396170e-02
8.263518223330695855e-01 7.247182956201600468e-02
8.107487556395898132e-01 7.792802201875687063e-02
7.951933319348093443e-01 8.319768945128570847e-02
7.796894672134594417e-01 8.827995010338764159e-02
7.642410644905727191e-01 9.317444576699315806e-02
7.488520128189207758e-01 9.788139834526821126e-02
7.335261863099650226e-01 1.024016243209567717e-01
7.182674431585703845e-01 1.067365148409051695e-01
7.030796246717250231e-01 1.108879886490903577e-01
6.879665543015128781e-01 1.148584245589345937e-01
6.729320366825783939e-01 1.186505795658718138e-01
6.579798566743311206e-01 1.222674980771812497e-01
6.431137784081281117e-01 1.257124170915200623e-01
6.283375443396724824e-01 1.289886715080181545e-01
6.136548743068714895e-01 1.320996030959224465e-01
5.990694645933862805e-01 1.350484760211966839e-01
5.845849869981135649e-01 1.378384012156070315e-01
5.702050879108284676e-01 1.404722712948403840e-01
5.559333873942259308e-01 1.429527071920161374e-01
5.417734782725895926e-01 1.452820171771847246e-01
5.277289252273172915e-01 1.474621684863978432e-01
5.138032638995313484e-01 1.494947713887745666e-01
5.000000000000001110e-01 1.513810751785729103e-01
4.863226084265935834e-01 1.531219752923601019e-01
4.727745323894976259e-01 1.547180305186647564e-01
4.593591825444023335e-01 1.561694890877366737e-01
4.460799361338897429e-01 1.574763223001167667e-01
4.329401361372292589e-01 1.586382642717794889e-01
4.199430904288018462e-01 1.596548563371477658e-01
4.070920709453594855e-01 1.605254946552993611e-01
3.943903128623333920e-01 1.612494796047661827e-01
3.818410137793947223e-01 1.618260656237929529e-01
3.694473329154774888e-01 1.622545102509039827e-01
3.572123903134606371e-01 1.625341212402047764e-01
3.451392660547150104e-01 1.626643007621266235e-01
3.332309994837083789e-01 1.626445858485469076e-01
3.214905884428678196e-01 1.624746843968190024e-01
3.099209885178879631e-01 1.621545062059495945e-01
2.985251122936787294e-01 1.616841886760172209e-01
2.873058286211370715e-01 1.610641169553741758e-01
2.762659618949298013e-01 1.602949384660770082e-01
2.654082913424666845e-01 1.593775718736621105e-01
2.547355503242452190e-01 1.583132106905869307e-01
2.442504256457417311e-01 1.571033218116525132e-01
2.339555568810219865e-01 1.557496393732012430e-01
2.238535357082431787e-01 1.542541544050116675e-01
2.139469052572124941e-01 1.526191008041803132e-01
2.042381594691679014e-01 1.508469382038669371e-01
1.947297424689413692e-01 1.489403323369548338e-01
1.854240479496642724e-01 1.469021335061187761e-01
1.763234185701672008e-01 1.447353537684790969e-01
1.674301453652287108e-01 1.424431434261651808e-01
1.587464671688187945e-01 1.400287673851337844e-01
1.502745700504856119e-01 1.374955819050462935e-01
1.420165867650229341e-01 1.348470122145882799e-01
1.339745962155614034e-01 1.320865314110339084e-01
1.261506229302150617e-01 1.292176410018917032e-01
1.185466365524179277e-01 1.262438533818369957e-01
1.111645513450765232e-01 1.231686764715445442e-01
1.040062257086641351e-01 1.199956006780706907e-01
9.707346171337882801e-02 1.167280882706058370e-01
9.036800464548166989e-02 1.133695652020725170e-01
8.389154256793041053e-02 1.099234153474046571e-01
7.764570589541863743e-02 1.063929770744481418e-01
7.163206698392743377e-02 1.027815420141531821e-01
6.585213973489323358e-02 9.909235585377546007e-02
6.030737921409157209e-02 9.532862094069283199e-02
5.499918128533154427e-02 9.149350045550982968e-02
4.992888225905456334e-02 8.759012389155132472e-02
4.509775855592612626e-02 8.362159356363864371e-02
4.050702638550263135e-02 7.959099186206589072e-02
3.615784144005795842e-02 7.550138896768390784e-02
3.205129860364375194e-02 7.135585075054241833e-02
2.818843167645834757e-02 6.715744658715445958e-02
2.457021311459295365e-02 6.290925684952654307e-02
2.119755378522125699e-02 5.861437984198253348e-02
1.807130273729329328e-02 5.427593798877732023e-02
1.519224698779197968e-02 4.989708310578380712e-02
1.256111132360571148e-02 4.548100062235652802e-02
1.017855811906731578e-02 4.103091265402925014e-02
8.045187169204659483e-03 3.655007986219539762e-02
6.161535538745877005e-03 3.204180207257806279e-02
4.528077426915411152e-03 2.750941765935548122e-02
3.145224048057615462e-03 2.295630173558297141e-02
2.013323528115562588e-03 1.838586322234073839e-02
1.132660816992037134e-03 1.380154089826858554e-02
5.034576168149174080e-04 9.206798557252302007e-03
1.258723261249317105e-04 4.605119424530692250e-03
0.000000000000000000e+00 0.000000000000000000e+00
1.258723261249317105e-04 -4.447727894644507192e-03
5.034576168149174080e-04 -8.885620945007532620e-03
1.132660816992037134e-03 -1.330389221382532669e-02
2.013323528115562588e-03 -1.769297374832158598e-02
3.145224048057615462e-03 -2.204361936244726011e-02
4.528077426915411152e-03 -2.634699956939310500e-02
6.161535538745877005e-03 -3.059478639426584101e-02
8.045187169204659483e-03 -3.477922608103924812e-02
1.017855811906731578e-02 -3.889319804761825344e-02
1.256111132360571148e-02 -4.293025882837418067e-02
1.519224698779197968e-02 -4.688467016377990959e-02
1.807130273729329328e-02 -5.075141083970572536e-02
2.119755378522125699e-02 -5.452617233181695361e-02
2.457021311459295365e-02 -5.820533876024071990e-02
2.818843167645834757e-02 -6.178595209324615201e-02
3.205129860364375194e-02 -6.526566394349776756e-02
3.615784144005795842e-02 -6.864267566469083037e-02
4.050702638550263135e-02 -7.191566876936208996e-02
4.509775855592612626e-02 -7.508372794115338034e-02
4.992888225905456334e-02 -7.814625909924730052e-02
5.499918128533154427e-02 -8.110290508352768768e-02
6.030737921409157209e-02 -8.395346156278193916e-02
6.585213973489323358e-02 -8.669779572377059318e-02
7.163206698392743377e-02 -8.933577017734387060e-02
7.764570589541863743e-02 -9.186717432241391090e-02
8.389154256793041053e-02 -9.429166514514115971e-02
9.036800464548166989e-02 -9.660871910692186981e-02
9.707346171337882801e-02 -9.881759640032612702e-02
1.040062257086641351e-01 -1.009173184383365812e-01
1.111645513450765232e-01 -1.029066590017208571e-01
1.185466365524179277e-01 -1.047841490157705863e-01
1.261506229302150617e-01 -1.065480944751934361e-01
1.339745962155614034e-01 -1.081966065990704884e-01
1.420165867650229341e-01 -1.097276428906794887e-01
1.502745700504856119e-01 -1.111390574131386894e-01
1.587464671688187945e-01 -1.124286582836648285e-01
1.674301453652287108e-01 -1.135942701476696237e-01
1.763234185701672008e-01 -1.146337992279834184e-01
1.854240479496642724e-01 -1.155452984610254863e-01
1.947297424689413692e-01 -1.163270302350958157e-01
2.042381594691679014e-01 -1.169775243378115281e-01
2.139469052572124941e-01 -1.174956288988778796e-01
2.238535357082431787e-01 -1.178805523768206298e-01
2.339555568810219865e-01 -1.181318949770593790e-01
2.442504256457417311e-01 -1.182496682940695765e-01
2.547355503242452190e-01 -1.182343024300563511e-01
2.654082913424666845e-01 -1.180866403419505301e-01
2.762659618949298013e-01 -1.178079196910582771e-01
2.873058286211370715e-01 -1.173997429972675338e-01
2.985251122936787294e-01 -1.168640374132091792e-01
3.099209885178879631e-01 -1.162030059135702731e-01
3.214905884428678196e-01 -1.154190721213719240e-01
3.332309994837083789e-01 -1.145148213476867155e-01
3.451392660547150104e-01 -1.134929406865889667e-01
3.572123903134606371e-01 -1.123561611677417749e-01
3.694473329154774888e-01 -1.111072050121821309e-01
3.818410137793947223e-01 -1.097487409530605029e-01
3.943903128623333920e-01 -1.082833503665650149e-01
4.070920709453594855e-01 -1.067135066074763050e-01
4.199430904288018462e-01 -1.050415694618226231e-01
4.329401361372292589e-01 -1.032697960238836699e-01
4.460799361338897429e-01 -1.014003685893202500e-01
4.593591825444023335e-01 -9.943543934857528022e-02
4.727745323894976259e-01 -9.737719078799274286e-02
4.863226084265935834e-01 -9.522790978820111496e-02
5.000000000000001110e-01 -9.299007248248572499e-02
5.138032638995313484e-01 -9.066643603829882547e-02
5.277289252273172915e-01 -8.826013269214219581e-02
5.417734782725895926e-01 -8.577476064369282671e-02
5.559333873942259308e-01 -8.321446584265763946e-02
5.702050879108284676e-01 -8.058400832543990977e-02
5.845849869981135649e-01 -7.788880662169987701e-02
5.990694645933862805e-01 -7.513495389499795507e-02
6.136548743068714895e-01 -7.232919994565285837e-02
6.283375443396724824e-01 -6.947889402224134703e-02
6.431137784081281117e-01 -6.659188458985165759e-02
6.579798566743311206e-01 -6.367637381061712343e-02
6.729320366825783939e-01 -6.074072651965724962e-02
6.879665543015128781e-01 -5.779323593285026067e-02
7.030796246717250231e-01 -5.484185119741818992e-02
7.182674431585703845e-01 -5.189387517694369484e-02
7.335261863099650226e-01 -4.895564452254667909e-02
7.488520128189207758e-01 -4.603220808304923917e-02
7.642410644905727191e-01 -4.312702399844358520e-02
7.796894672134594417e-01 -4.024170034009936364e-02
7.951933319348093443e-01 -3.737580883327791537e-02
8.107487556395898132e-01 -3.452680593663334102e-02
8.263518223330695855e-01 -3.169010026284549419e-02
8.419986040266501659e-01 -2.885930989814930805e-02
8.576851617267149397e-01 -2.602675750185446876e-02
8.734075464262507360e-01 -2.318425501886801909e-02
8.891618000989889303e-01 -2.032423329276776547e-02
9.049439566958173975e-01 -1.744127469533819988e-02
9.207500431432115162e-01 -1.453410896132379879e-02
9.365760803434354242e-01 -1.160813360697225682e-02
9.524180841762578398e-01 -8.678520494629209450e-03
9.682720665019324269e-01 -5.773969167138145661e-03
9.841340361651920166e-01 -2.941165408772778139e-03
9.999999999999998890e-01 -2.500000000000181114e-04
