9.999999999999998890e-01 2.500000000000805072e-04
9.841340361651920166e-01 1.160284344882085705e-02
9.682720665019324269e-01 2.265991839534471294e-02
9.524180841762578398e-01 3.344365712602645480e-02
9.365760803434354242e-01 4.397295885025737788e-02
9.207500431432115162e-01 5.426321309446333063e-02
9.049439566958173975e-01 6.432643257960676819e-02
8.891618000989889303e-01 7.417147490130011900e-02
8.734075464262507360e-01 8.380433304232104419e-02
8.576851617267149397e-01 9.322847575832216016e-02
8.419986040266501659e-01 1.024452201476495627e-01
8.263518223330695855e-01 1.114541202023628524e-01
8.107487556395898132e-01 1.202533567957634886e-01
7.951933319348093443e-01 1.288401163478912204e-01
7.796894672134594417e-01 1.372109472810875419e-01
7.642410644905727191e-01 1.453620852908286964e-01
7.488520128189207758e-01 1.532897403726100338e-01
7.335261863099650226e-01 1.609903404264272919e-01
7.182674431585703845e-01 1.684607280722068001e-01
7.030796246717250231e-01 1.756983090218847687e-01
6.879665543015128781e-01 1.827011519401545991e-01
6.729320366825783939e-01 1.894680411638590412e-01
6.579798566743311206e-01 1.959984849216268310e-01
6.431137784081281117e-01 2.022926827871368849e-01
6.283375443396724824e-01 2.083514570022687307e-01
6.136548743068714895e-01 2.141761530156416626e-01
5.990694645933862805e-01 2.197685150971414036e-01
5.845849869981135649e-01 2.251305432133730855e-01
5.702050879108284676e-01 2.302643374896314876e-01
5.559333873942259308e-01 2.351719365512761617e-01
5.417734782725895926e-01 2.398551558445855547e-01
5.277289252273172915e-01 2.443154316999220921e-01
5.138032638995313484e-01 2.485536764360735951e-01
5.000000000000001110e-01 2.525701492331611231e-01
4.863226084265935834e-01 2.563643468428062344e-01
4.727745323894976259e-01 2.599349174791773520e-01
4.593591825444023335e-01 2.632796004640804433e-01
4.460799361338897429e-01 2.663951934040696967e-01
4.329401361372292589e-01 2.692775478775965570e-01
4.199430904288018462e-01 2.719215938243174646e-01
4.070920709453594855e-01 2.743213920742840761e-01
3.943903128623333920e-01 2.764702137475626986e-01
3.818410137793947223e-01 2.783606446086446806e-01
3.694473329154774888e-01 2.799847118864902118e-01
3.572123903134606371e-01 2.813340305795863916e-01
3.451392660547150104e-01 2.823999658630911291e-01
3.332309994837083789e-01 2.831738079067108171e-01
3.214905884428678196e-01 2.836469551998256344e-01
3.099209885178879631e-01 2.838111023647136300e-01
2.985251122936787294e-01 2.836584284175551196e-01
2.873058286211370715e-01 2.831817815063079058e-01
2.762659618949298013e-01 2.823748563087976060e-01
2.654082913424666845e-01 2.812323605062072573e-01
2.547355503242452190e-01 2.797501670479700664e-01
2.442504256457417311e-01 2.779254492842170299e-01
2.339555568810219865e-01 2.757567964509383684e-01
2.238535357082431787e-01 2.732443074399188987e-01
2.139469052572124941e-01 2.703896612590515058e-01
2.042381594691679014e-01 2.671961630775801511e-01
1.947297424689413692e-01 2.636687652441920271e-01
1.854240479496642724e-01 2.598140631531508093e-01
1.763234185701672008e-01 2.556402663050013624e-01
1.674301453652287108e-01 2.511571453548261945e-01
1.587464671688187945e-01 2.463759563546232823e-01
1.502745700504856119e-01 2.413093437703058286e-01
1.420165867650229341e-01 2.359712241824713230e-01
1.339745962155614034e-01 2.303766528591652818e-01
1.261506229302150617e-01 2.245416756153429949e-01
1.185466365524179277e-01 2.184831685458931971e-01
1.111645513450765232e-01 2.122186683365004933e-01
1.040062257086641351e-01 2.057661959200008661e-01
9.707346171337882801e-02 1.991440762571136114e-01
9.036800464548166989e-02 1.923707569823350227e-01
8.389154256793041053e-02 1.854646285721082699e-01
7.764570589541863743e-02 1.784438485675747810e-01
7.163206698392743377e-02 1.713261722233224149e-01
6.585213973489323358e-02 1.641287917620268544e-01
6.030737921409157209e-02 1.568681861984741188e-01
5.499918128533154427e-02 1.495599834609944445e-01
4.992888225905456334e-02 1.422188362896454061e-01
4.509775855592612626e-02 1.348583131341832553e-01
4.050702638550263135e-02 1.274908050162843753e-01
3.615784144005795842e-02 1.201274490645597159e-01
3.205129860364375194e-02 1.127780691820298303e-01
2.818843167645834757e-02 1.054511340677566078e-01
2.457021311459295365e-02 9.815373259044027354e-02
2.119755378522125699e-02 9.089156630452900620e-02
1.807130273729329328e-02 8.366895871060170409e-02
1.519224698779197968e-02 7.648888069265925849e-02
1.256111132360571148e-02 6.935299141603214201e-02
1.017855811906731578e-02 6.226169384082395897e-02
8.045187169204659483e-03 5.521420389656250816e-02
6.161535538745877005e-03 4.820863227297053633e-02
4.528077426915411152e-03 4.124207770802799239e-02
3.145224048057615462e-03 3.431073059609428266e-02
2.013323528115562588e-03 2.740998569380195121e-02
1.132660816992037134e-03 2.053456266777155606e-02
5.034576168149174080e-04 1.367863320387236251e-02
1.258723261249317105e-04 6.835953380857249899e-03
0.000000000000000000e+00 0.000000000000000000e+00
1.258723261249317105e-04 -5.773344899913083854e-03
5.034576168149174080e-04 -1.152142354767084036e-02
1.132660816992037134e-03 -1.721921083457058146e-02
2.013323528115562588e-03 -2.284228444551288442e-02
3.145224048057615462e-03 -2.836711292494752470e-02
4.528077426915411152e-03 -3.377132805543953120e-02
6.161535538745877005e-03 -3.903397684346599644e-02
8.045187169204659483e-03 -4.413574883991081693e-02
1.017855811906731578e-02 -4.905917504415739649e-02
1.256111132360571148e-02 -5.378879523833573345e-02
1.519224698779197968e-02 -5.831129125803571900e-02
1.807130273729329328e-02 -6.261558441207104586e-02
2.119755378522125699e-02 -6.669289600012438812e-02
2.457021311459295365e-02 -7.053677062607970061e-02
2.818843167645834757e-02 -7.414306274918347484e-02
3.205129860364375194e-02 -7.750988763771164691e-02
3.615784144005795842e-02 -8.063753857407886250e-02
4.050702638550263135e-02 -8.352837279091306077e-02
4.509775855592612626e-02 -8.618666918060217952e-02
4.992888225905456334e-02 -8.861846130407068090e-02
5.499918128533154427e-02 -9.083134961805511276e-02
6.030737921409157209e-02 -9.283429713624619106e-02
6.585213973489323358e-02 -9.463741293323479908e-02
7.163206698392743377e-02 -9.625172798875285263e-02
7.764570589541863743e-02 -9.768896785348334111e-02
8.389154256793041053e-02 -9.896132649962313677e-02
9.036800464548166989e-02 -1.000812455049280292e-01
9.707346171337882801e-02 -1.010612024160758710e-01
1.040062257086641351e-01 -1.019135117559799159e-01
1.111645513450765232e-01 -1.026501416922168258e-01
1.185466365524179277e-01 -1.032825488836275341e-01
1.261506229302150617e-01 -1.038215334842187559e-01
1.339745962155614034e-01 -1.042771157233386009e-01
1.420165867650229341e-01 -1.046584349146535142e-01
1.502745700504856119e-01 -1.049736711895338653e-01
1.587464671688187945e-01 -1.052299897183150701e-01
1.674301453652287108e-01 -1.054335066897773843e-01
1.763234185701672008e-01 -1.055892758778998325e-01
1.854240479496642724e-01 -1.057012942465014316e-01
1.947297424689413692e-01 -1.057725247356540860e-01
2.042381594691679014e-01 -1.058049341452002856e-01
2.139469052572124941e-01 -1.057995438841605462e-01
2.238535357082431787e-01 -1.057564912913538380e-01
2.339555568810219865e-01 -1.056750992504311565e-01
2.442504256457417311e-01 -1.055539519172193769e-01
2.547355503242452190e-01 -1.053909745415761573e-01
2.654082913424666845e-01 -1.051835155901947594e-01
2.762659618949298013e-01 -1.049284296490781698e-01
2.873058286211370715e-01 -1.046221598909981149e-01
2.985251122936787294e-01 -1.042608192190102034e-01
3.099209885178879631e-01 -1.038402695259259545e-01
3.214905884428678196e-01 -1.033561988250451952e-01
3.332309994837083789e-01 -1.028041962931091902e-01
3.451392660547150104e-01 -1.021798255067790512e-01
3.572123903134606371e-01 -1.014786963347786286e-01
3.694473329154774888e-01 -1.006965360569186813e-01
3.818410137793947223e-01 -9.982926030882018076e-02
3.943903128623333920e-01 -9.887304439060096151e-02
4.070920709453594855e-01 -9.782439532591480358e-02
4.199430904288018462e-01 -9.668022481527248357e-02
4.329401361372292589e-01 -9.543792289946814722e-02
4.460799361338897429e-01 -9.409543174451837078e-02
4.593591825444023335e-01 -9.265131849261813712e-02
4.727745323894976259e-01 -9.110484561250513369e-02
4.863226084265935834e-01 -8.945603664984032311e-02
5.000000000000001110e-01 -8.770573475029437571e-02
5.138032638995313484e-01 -8.585565083504163864e-02
5.277289252273172915e-01 -8.390839788334747418e-02
5.417734782725895926e-01 -8.186750745521807759e-02
5.559333873942259308e-01 -7.973742440545032728e-02
5.702050879108284676e-01 -7.752347573622221655e-02
5.845849869981135649e-01 -7.523180974548182576e-02
5.990694645933862805e-01 -7.286930208817898880e-02
6.136548743068714895e-01 -7.044342610951796757e-02
6.283375443396724824e-01 -6.796208586274433971e-02
6.431137784081281117e-01 -6.543341161237231640e-02
6.579798566743311206e-01 -6.286551936493693649e-02
6.729320366825783939e-01 -6.026623807381034648e-02
6.879665543015128781e-01 -5.764281063461582089e-02
7.030796246717250231e-01 -5.500157761641254889e-02
7.182674431585703845e-01 -5.234765584430221136e-02
7.335261863099650226e-01 -4.968462743407501409e-02
7.488520128189207758e-01 -4.701425864065872373e-02
7.642410644905727191e-01 -4.433627186995484776e-02
7.796894672134594417e-01 -4.164819835743839571e-02
7.951933319348093443e-01 -3.894534326500891791e-02
8.107487556395898132e-01 -3.622089920787523176e-02
8.263518223330695855e-01 -3.346624840388186944e-02
8.419986040266501659e-01 -3.067149763805073967e-02
8.576851617267149397e-01 -2.782629394716669077e-02
8.734075464262507360e-01 -2.492097223895652081e-02
8.891618000989889303e-01 -2.194808884955588499e-02
9.049439566958173975e-01 -1.890439719100322352e-02
9.207500431432115162e-01 -1.579332302679928648e-02
9.365760803434354242e-01 -1.262799741965022274e-02
9.524180841762578398e-01 -9.434904907513778569e-03
9.682720665019324269e-01 -6.258202875260688615e-03
9.841340361651920166e-01 -3.164765302633524950e-03
9.999999999999998890e-01 -2.500000000000194666e-04
