9.999999999999998890e-01 2.500000000001539077e-04
9.841340361651920166e-01 2.211745321777388099e-02
9.682720665019324269e-01 4.364236371245275997e-02
9.524180841762578398e-01 6.471910052769738741e-02
9.365760803434354242e-01 8.527026934125252200e-02
9.207500431432115162e-01 1.052419334149474889e-01
9.049439566958173975e-01 1.245993779286884567e-01
8.891618000989889303e-01 1.433233888645526477e-01
8.734075464262507360e-01 1.614070143378327771e-01
8.576851617267149397e-01 1.788527738801534983e-01
8.419986040266501659e-01 1.956702796118808818e-01
8.263518223330695855e-01 2.118742324345218309e-01
8.107487556395898132e-01 2.274827562591245633e-01
7.951933319348093443e-01 2.425160337890922835e-01
7.796894672134594417e-01 2.569952084169580542e-01
7.642410644905727191e-01 2.709415182943339939e-01
7.488520128189207758e-01 2.843756305118955163e-01
7.335261863099650226e-01 2.973171455025484522e-01
7.182674431585703845e-01 3.097842441789991352e-01
7.030796246717250231e-01 3.217934528637201308e-01
6.879665543015128781e-01 3.333595036964186464e-01
6.729320366825783939e-01 3.444952708489413262e-01
6.579798566743311206e-01 3.552117654837748106e-01
6.431137784081281117e-01 3.655181749105778088e-01
6.283375443396724824e-01 3.754219337834129311e-01
6.136548743068714895e-01 3.849288174049021460e-01
5.990694645933862805e-01 3.940430492353165781e-01
5.845849869981135649e-01 4.027674165248585902e-01
5.702050879108284676e-01 4.111033895834908525e-01
5.559333873942259308e-01 4.190512415686839520e-01
5.417734782725895926e-01 4.266101668077064146e-01
5.277289252273172915e-01 4.337783965834758337e-01
5.138032638995313484e-01 4.405533120124092150e-01
5.000000000000001110e-01 4.469315541442206996e-01
4.863226084265935834e-01 4.529091317358012736e-01
4.727745323894976259e-01 4.584815273153359239e-01
4.593591825444023335e-01 4.636438021818445887e-01
4.460799361338897429e-01 4.683907009035399027e-01
4.329401361372292589e-01 4.727167557104512419e-01
4.199430904288018462e-01 4.766163909469557924e-01
4.070920709453594855e-01 4.800840274815931230e-01
3.943903128623333920e-01 4.831141866867457169e-01
3.818410137793947223e-01 4.857015933193519208e-01
3.694473329154774888e-01 4.878412763734197299e-01
3.572123903134606371e-01 4.895286667506106304e-01
3.451392660547150104e-01 4.907596904186189990e-01
3.332309994837083789e-01 4.915308556075245749e-01
3.214905884428678196e-01 4.918393325377140579e-01
3.099209885178879631e-01 4.916830241823574310e-01
2.985251122936787294e-01 4.910606266428855227e-01
2.873058286211370715e-01 4.899716778548993679e-01
2.762659618949298013e-01 4.884165935394402247e-01
2.654082913424666845e-01 4.863966895634838639e-01
2.547355503242452190e-01 4.839141901650029221e-01
2.442504256457417311e-01 4.809722218217414857e-01
2.339555568810219865e-01 4.775747928877330239e-01
2.238535357082431787e-01 4.737267594757363920e-01
2.139469052572124941e-01 4.694337784152471937e-01
2.042381594691679014e-01 4.647022484527525421e-01
1.947297424689413692e-01 4.595392411723272508e-01
1.854240479496642724e-01 4.539524233902645922e-01
1.763234185701672008e-01 4.479499730081991649e-01
1.674301453652287108e-01 4.415404904875826486e-01
1.587464671688187945e-01 4.347329082285745216e-01
1.502745700504856119e-01 4.275364001943687264e-01
1.420165867650229341e-01 4.199602941155843316e-01
1.339745962155614034e-01 4.120139885384382916e-01
1.261506229302150617e-01 4.037068768467277913e-01
1.185466365524179277e-01 3.950482801947858835e-01
1.111645513450765232e-01 3.860473910418169008e-01
1.040062257086641351e-01 3.767132286842535538e-01
9.707346171337882801e-02 3.670546078501372156e-01
9.036800464548166989e-02 3.570801210572827622e-01
8.389154256793041053e-02 3.467981350552107322e-01
7.764570589541863743e-02 3.362168012800774153e-01
7.163206698392743377e-02 3.253440798629065323e-01
6.585213973489323358e-02 3.141877763550436353e-01
6.030737921409157209e-02 3.027555899812170992e-01
5.499918128533154427e-02 2.910551719095756384e-01
4.992888225905456334e-02 2.790941917483297230e-01
4.509775855592612626e-02 2.668804102476947659e-01
4.050702638550263135e-02 2.544217560099747422e-01
3.615784144005795842e-02 2.417264038945375060e-01
3.205129860364375194e-02 2.288028527511522248e-01
2.818843167645834757e-02 2.156600001260968458e-01
2.457021311459295365e-02 2.023072116601674075e-01
2.119755378522125699e-02 1.887543830341708584e-01
1.807130273729329328e-02 1.750119925118800157e-01
1.519224698779197968e-02 1.610911423774854523e-01
1.256111132360571148e-02 1.470035878575876587e-01
1.017855811906731578e-02 1.327617524488164946e-01
8.045187169204659483e-03 1.183787289323253167e-01
6.161535538745877005e-03 1.038682657360172762e-01
4.528077426915411152e-03 8.924473869421133132e-02
3.145224048057615462e-03 7.452310864220530739e-02
2.013323528115562588e-03 5.971886565937306601e-02
1.132660816992037134e-03 4.484796112911881155e-02
5.034576168149174080e-04 2.992672910767258179e-02
1.258723261249317105e-04 1.497179877775186782e-02
0.000000000000000000e+00 0.000000000000000000e+00
1.258723261249317105e-04 -1.477312711608761049e-02
5.034576168149174080e-04 -2.951921670430839029e-02
1.132660816992037134e-03 -4.421145315523888897e-02
2.013323528115562588e-03 -5.882358339107252032e-02
3.145224048057615462e-03 -7.333018035921072542e-02
4.528077426915411152e-03 -8.770688575403402798e-02
6.161535538745877005e-03 -1.019306259662828285e-01
8.045187169204659483e-03 -1.159797960172690018e-01
1.017855811906731578e-02 -1.298344071412874390e-01
1.256111132360571148e-02 -1.434761947084114975e-01
1.519224698779197968e-02 -1.568886843021085886e-01
1.807130273729329328e-02 -1.700572149497268370e-01
2.119755378522125699e-02 -1.829689197151626590e-01
2.457021311459295365e-02 -1.956126650670403644e-01
2.818843167645834757e-02 -2.079789515978889558e-01
3.205129860364375194e-02 -2.200597797563731417e-01
3.615784144005795842e-02 -2.318484852339321445e-01
4.050702638550263135e-02 -2.433395494904000977e-01
4.509775855592612626e-02 -2.545283915852210588e-01
4.992888225905456334e-02 -2.654111479811093743e-01
5.499918128533154427e-02 -2.759844472899229406e-01
6.030737921409157209e-02 -2.862451870261227826e-01
6.585213973489323358e-02 -2.961903193175279281e-01
7.163206698392743377e-02 -3.058166521981474650e-01
7.764570589541863743e-02 -3.151206725820023258e-01
8.389154256793041053e-02 -3.240983963041619842e-01
9.036800464548166989e-02 -3.327452497356478966e-01
9.707346171337882801e-02 -3.410559864574221889e-01
1.040062257086641351e-01 -3.490246413450123764e-01
1.111645513450765232e-01 -3.566445232027784518e-01
1.185466365524179277e-01 -3.639082458316952873e-01
1.261506229302150617e-01 -3.708077961549472445e-01
1.339745962155614034e-01 -3.773346368005677798e-01
1.420165867650229341e-01 -3.834798393885265333e-01
1.502745700504856119e-01 -3.892342437282861889e-01
1.587464671688187945e-01 -3.945886372366442241e-01
1.674301453652287108e-01 -3.995339481657195768e-01
1.763234185701672008e-01 -4.040614457136534332e-01
1.854240479496642724e-01 -4.081629397968619677e-01
1.947297424689413692e-01 -4.118309732070634666e-01
2.042381594691679014e-01 -4.150589990663840489e-01
2.139469052572124941e-01 -4.178415369298364990e-01
2.238535357082431787e-01 -4.201743015588634833e-01
2.339555568810219865e-01 -4.220542992872882704e-01
2.442504256457417311e-01 -4.234798879991344966e-01
2.547355503242452190e-01 -4.244507980065022612e-01
2.654082913424666845e-01 -4.249681125185135744e-01
2.762659618949298013e-01 -4.250342078870646967e-01
2.873058286211370715e-01 -4.246526553547713689e-01
2.985251122936787294e-01 -4.238280875645574208e-01
3.099209885178879631e-01 -4.225660345661017003e-01
3.214905884428678196e-01 -4.208727354183472991e-01
3.332309994837083789e-01 -4.187549326869203781e-01
3.451392660547150104e-01 -4.162196581204054002e-01
3.572123903134606371e-01 -4.132740185139826550e-01
3.694473329154774888e-01 -4.099249911926298728e-01
3.818410137793947223e-01 -4.061792386359465157e-01
3.943903128623333920e-01 -4.020429514984118491e-01
4.070920709453594855e-01 -3.975217286383863624e-01
4.199430904288018462e-01 -3.926205017533651032e-01
4.329401361372292589e-01 -3.873435108369913671e-01
4.460799361338897429e-01 -3.816943349468158164e-01
4.593591825444023335e-01 -3.756759807355465886e-01
4.727745323894976259e-01 -3.692910289002977464e-01
4.863226084265935834e-01 -3.625418362046046172e-01
5.000000000000001110e-01 -3.554307880992072510e-01
5.138032638995313484e-01 -3.479605942933162166e-01
5.277289252273172915e-01 -3.401346170013686554e-01
5.417734782725895926e-01 -3.319572191122213689e-01
5.559333873942259308e-01 -3.234341173052232565e-01
5.702050879108284676e-01 -3.145727232812019492e-01
5.845849869981135649e-01 -3.053824548976001307e-01
5.990694645933862805e-01 -2.958749982055977057e-01
6.136548743068714895e-01 -2.860645012881205540e-01
6.283375443396724824e-01 -2.759676814885280716e-01
6.431137784081281117e-01 -2.656038291870224111e-01
6.579798566743311206e-01 -2.549946937981236172e-01
6.729320366825783939e-01 -2.441642411837596227e-01
6.879665543015128781e-01 -2.331382762388771457e-01
7.030796246717250231e-01 -2.219439300240417245e-01
7.182674431585703845e-01 -2.106090174818939509e-01
7.335261863099650226e-01 -1.991612794448228974e-01
7.488520128189207758e-01 -1.876275312553017105e-01
7.642410644905727191e-01 -1.760327497847311295e-01
7.796894672134594417e-01 -1.643991408288316691e-01
7.951933319348093443e-01 -1.527452396261137213e-01
8.107487556395898132e-01 -1.410851084108606102e-01
8.263518223330695855e-01 -1.294277062666802924e-01
8.419986040266501659e-01 -1.177765178593845469e-01
8.576851617267149397e-01 -1.061295386449976341e-01
8.734075464262507360e-01 -9.447972459741188489e-02
8.891618000989889303e-01 -8.281602409303176482e-02
9.049439566958173975e-01 -7.112511802859469712e-02
9.207500431432115162e-01 -5.939400122969364787e-02
9.365760803434354242e-01 -4.761354342772614046e-02
9.524180841762578398e-01 -3.578317124419857359e-02
9.682720665019324269e-01 -2.391681343743752575e-02
9.841340361651920166e-01 -1.205024986981677142e-02
9.999999999999998890e-01 -2.500000000000820793e-04
