9.999999999999998890e-01 2.500000000001081002e-04
9.841340361651920166e-01 1.564215891033667039e-02
9.682720665019324269e-01 3.086300396588901110e-02
9.524180841762578398e-01 4.585171625654118482e-02
9.365760803434354242e-01 6.056923519515471088e-02
9.207500431432115162e-01 7.499303934761232526e-02
9.049439566958173975e-01 8.911274777694297433e-02
8.891618000989889303e-01 1.029264743733679932e-01
8.734075464262507360e-01 1.164378647715267751e-01
8.576851617267149397e-01 1.296537440797039809e-01
8.419986040266501659e-01 1.425823036407644906e-01
8.263518223330695855e-01 1.552317562748327939e-01
8.107487556395898132e-01 1.676093917738090688e-01
7.951933319348093443e-01 1.797209676753690755e-01
7.796894672134594417e-01 1.915703743834810957e-01
7.642410644905727191e-01 2.031595183676717375e-01
7.488520128189207758e-01 2.144883723106640050e-01
7.335261863099650226e-01 2.255551465350606466e-01
7.182674431585703845e-01 2.363565416832656418e-01
7.030796246717250231e-01 2.468880483191125685e-01
6.879665543015128781e-01 2.571442647441377072e-01
6.729320366825783939e-01 2.671192097681683864e-01
6.579798566743311206e-01 2.768066123486359609e-01
6.431137784081281117e-01 2.862001648359678296e-01
6.283375443396724824e-01 2.952937309686582967e-01
6.136548743068714895e-01 3.040815037011826427e-01
5.990694645933862805e-01 3.125581113857113236e-01
5.845849869981135649e-01 3.207186737437313084e-01
5.702050879108284676e-01 3.285588114489833012e-01
5.559333873942259308e-01 3.360746150039802260e-01
5.417734782725895926e-01 3.432625799456998639e-01
5.277289252273172915e-01 3.501195162889371715e-01
5.138032638995313484e-01 3.566424405441394052e-01
5.000000000000001110e-01 3.628284586734367156e-01
4.863226084265935834e-01 3.686746480228469403e-01
4.727745323894976259e-01 3.741779456431617579e-01
4.593591825444023335e-01 3.793350495423024604e-01
4.460799361338897429e-01 3.841423383544148584e-01
4.329401361372292589e-01 3.885958137217765951e-01
4.199430904288018462e-01 3.926910684190564327e-01
4.070920709453594855e-01 3.964232819570435162e-01
3.943903128623333920e-01 3.997872441321071446e-01
3.818410137793947223e-01 4.027774057809770381e-01
3.694473329154774888e-01 4.053879548949460010e-01
3.572123903134606371e-01 4.076129152742285489e-01
3.451392660547150104e-01 4.094462640863641978e-01
3.332309994837083789e-01 4.108820640500592813e-01
3.214905884428678196e-01 4.119146055087969938e-01
3.099209885178879631e-01 4.125385533916111069e-01
2.985251122936787294e-01 4.127490939800176895e-01
2.873058286211370715e-01 4.125420765029969017e-01
2.762659618949298013e-01 4.119141448536493555e-01
2.654082913424666845e-01 4.108628551447772170e-01
2.547355503242452190e-01 4.093867753754669159e-01
2.442504256457417311e-01 4.074855641431076037e-01
2.339555568810219865e-01 4.051600260793835617e-01
2.238535357082431787e-01 4.024121424875648501e-01
2.139469052572124941e-01 3.992450764843998856e-01
2.042381594691679014e-01 3.956631527759075784e-01
1.947297424689413692e-01 3.916718129964070205e-01
1.854240479496642724e-01 3.872775482899739607e-01
1.763234185701672008e-01 3.824878114914251892e-01
1.674301453652287108e-01 3.773109118510967752e-01
1.587464671688187945e-01 3.717558957286525301e-01
1.502745700504856119e-01 3.658324170442061596e-01
1.420165867650229341e-01 3.595506015122710841e-01
1.339745962155614034e-01 3.529209087916390097e-01
1.261506229302150617e-01 3.459539966622378615e-01
1.185466365524179277e-01 3.386605911922925261e-01
1.111645513450765232e-01 3.310513665931412164e-01
1.040062257086641351e-01 3.231368380856566302e-01
9.707346171337882801e-02 3.149272706349900974e-01
9.036800464548166989e-02 3.064326058653691898e-01
8.389154256793041053e-02 2.976624088618611830e-01
7.764570589541863743e-02 2.886258359206435586e-01
7.163206698392743377e-02 2.793316236434371658e-01
6.585213973489323358e-02 2.697880991055498501e-01
6.030737921409157209e-02 2.600032101802681739e-01
5.499918128533154427e-02 2.499845744939552805e-01
4.992888225905456334e-02 2.397395449335822104e-01
4.509775855592612626e-02 2.292752891469805321e-01
4.050702638550263135e-02 2.185988800789959718e-01
3.615784144005795842e-02 2.077173942844656174e-01
3.205129860364375194e-02 1.966380145590721495e-01
2.818843167645834757e-02 1.853681333362076078e-01
2.457021311459295365e-02 1.739154533133390190e-01
2.119755378522125699e-02 1.622880818932564140e-01
1.807130273729329328e-02 1.504946162491493933e-01
1.519224698779197968e-02 1.385442161400210481e-01
1.256111132360571148e-02 1.264466620041735379e-01
1.017855811906731578e-02 1.142123963307482698e-01
8.045187169204659483e-03 1.018525468380395566e-01
6.161535538745877005e-03 8.937893055646192741e-02
4.528077426915411152e-03 7.680403850653602649e-02
3.145224048057615462e-03 6.414100126049333828e-02
2.013323528115562588e-03 5.140353626231440598e-02
1.132660816992037134e-03 3.860587833808755420e-02
5.034576168149174080e-04 2.576269534015010465e-02
1.258723261249317105e-04 1.288899131966400081e-02
0.000000000000000000e+00 0.000000000000000000e+00
1.258723261249317105e-04 -1.265285612126019338e-02
5.034576168149174080e-04 -2.528331545497472174e-02
1.132660816992037134e-03 -3.786913354207369770e-02
2.013323528115562588e-03 -5.038849161154648759e-02
3.145224048057615462e-03 -6.282019741721180106e-02
4.528077426915411152e-03 -7.514387201009764539e-02
6.161535538745877005e-03 -8.734011833766419652e-02
8.045187169204659483e-03 -9.939066803750580548e-02
1.017855811906731578e-02 -1.112785033639852872e-01
1.256111132360571148e-02 -1.229879518360485618e-01
1.519224698779197968e-02 -1.345047519056319085e-01
1.807130273729329328e-02 -1.458160886992506955e-01
2.119755378522125699e-02 -1.569105996601846964e-01
2.457021311459295365e-02 -1.677783506939814762e-01
2.818843167645834757e-02 -1.784107841747442080e-01
3.205129860364375194e-02 -1.888006408832384186e-01
3.615784144005795842e-02 -1.989418586007870859e-01
4.050702638550263135e-02 -2.088294506573688536e-01
4.509775855592612626e-02 -2.184593682125871295e-01
4.992888225905456334e-02 -2.278283504210913968e-01
5.499918128533154427e-02 -2.369337668894176963e-01
6.030737921409157209e-02 -2.457734569621320697e-01
6.585213973489323358e-02 -2.543455703781378752e-01
7.163206698392743377e-02 -2.626484137131196994e-01
7.764570589541863743e-02 -2.706803067751097358e-01
8.389154256793041053e-02 -2.784394527542710107e-01
9.036800464548166989e-02 -2.859238254558555403e-01
9.707346171337882801e-02 -2.931310763806098119e-01
1.040062257086641351e-01 -3.000584637761460338e-01
1.111645513450765232e-01 -3.067028050847283027e-01
1.185466365524179277e-01 -3.130604534781480375e-01
1.261506229302150617e-01 -3.191272984206856012e-01
1.339745962155614034e-01 -3.248987894590426029e-01
1.420165867650229341e-01 -3.303699817260284388e-01
1.502745700504856119e-01 -3.355356009844997489e-01
1.587464671688187945e-01 -3.403901254500756313e-01
1.674301453652287108e-01 -3.449278811340767414e-01
1.763234185701672008e-01 -3.491431470580162455e-01
1.854240479496642724e-01 -3.530302664208765928e-01
1.947297424689413692e-01 -3.565837596598801507e-01
2.042381594691679014e-01 -3.597984353402277624e-01
2.139469052572124941e-01 -3.626694949409201563e-01
2.238535357082431787e-01 -3.651926278696249750e-01
2.339555568810219865e-01 -3.673640934325835272e-01
2.442504256457417311e-01 -3.691807869945513132e-01
2.547355503242452190e-01 -3.706402881734486288e-01
2.654082913424666845e-01 -3.717408896057987078e-01
2.762659618949298013e-01 -3.724816055699343709e-01
2.873058286211370715e-01 -3.728621605394367156e-01
2.985251122936787294e-01 -3.728829585323958362e-01
3.099209885178879631e-01 -3.725450348946404699e-01
3.214905884428678196e-01 -3.718499928783803865e-01
3.332309994837083789e-01 -3.707999280235152462e-01
3.451392660547150104e-01 -3.693973438902453665e-01
3.572123903134606371e-01 -3.676450631039155925e-01
3.694473329154774888e-01 -3.655461379347137996e-01
3.818410137793947223e-01 -3.631037647284536263e-01
3.943903128623333920e-01 -3.603212064175191354e-01
4.070920709453594855e-01 -3.572017270660625132e-01
4.199430904288018462e-01 -3.537485419397491393e-01
4.329401361372292589e-01 -3.499647859434681374e-01
4.460799361338897429e-01 -3.458535024531191326e-01
4.593591825444023335e-01 -3.414176535996684136e-01
4.727745323894976259e-01 -3.366601519720548441e-01
4.863226084265935834e-01 -3.315839125240450658e-01
5.000000000000001110e-01 -3.261919222391241324e-01
5.138032638995313484e-01 -3.204873238731710261e-01
5.277289252273172915e-01 -3.144735089083320889e-01
5.417734782725895926e-01 -3.081542137685824856e-01
5.559333873942259308e-01 -3.015336124262983364e-01
5.702050879108284676e-01 -2.946163978297152153e-01
5.845849869981135649e-01 -2.874078441635042336e-01
5.990694645933862805e-01 -2.799138418775093951e-01
6.136548743068714895e-01 -2.721408977374992766e-01
6.283375443396724824e-01 -2.640960929172964655e-01
6.431137784081281117e-01 -2.557869934080210794e-01
6.579798566743311206e-01 -2.472215088032874708e-01
6.729320366825783939e-01 -2.384076978549755643e-01
6.879665543015128781e-01 -2.293535220971337218e-01
7.030796246717250231e-01 -2.200665523072359575e-01
7.182674431585703845e-01 -2.105536366018887218e-01
7.335261863099650226e-01 -2.008205435204882539e-01
7.488520128189207758e-01 -1.908715984917381814e-01
7.642410644905727191e-01 -1.807093375444564498e-01
7.796894672134594417e-01 -1.703342079393205255e-01
7.951933319348093443e-01 -1.597443514694167344e-01
8.107487556395898132e-01 -1.489355123961478844e-01
8.263518223330695855e-01 -1.379011182298379434e-01
8.419986040266501659e-01 -1.266325876942431816e-01
8.576851617267149397e-01 -1.151199260821840070e-01
8.734075464262507360e-01 -1.033526736567155629e-01
8.891618000989889303e-01 -9.132127761213174044e-02
9.049439566958173975e-01 -7.901896221013018917e-02
9.207500431432115162e-01 -6.644417487516544873e-02
9.365760803434354242e-01 -5.360368809704358500e-02
9.524180841762578398e-01 -4.051643778043567679e-02
9.682720665019324269e-01 -2.721817804055200185e-02
9.841340361651920166e-01 -1.376703022386347591e-02
9.999999999999998890e-01 -2.500000000000945476e-04
