9.999999999999998890e-01 2.500000000000169730e-04
9.841340361651920166e-01 2.647755868924019443e-03
9.682720665019324269e-01 4.980787023430898255e-03
9.524180841762578398e-01 7.254702930885086921e-03
9.365760803434354242e-01 9.474114248618357298e-03
9.207500431432115162e-01 1.164268754239289848e-02
9.049439566958173975e-01 1.376321678775116637e-02
8.891618000989889303e-01 1.583770765503611858e-02
8.734075464262507360e-01 1.786747076547875318e-02
8.576851617267149397e-01 1.985322034559329832e-02
8.419986040266501659e-01 2.179517499209345649e-02
8.263518223330695855e-01 2.369315758127341770e-02
8.107487556395898132e-01 2.554669170679127466e-02
7.951933319348093443e-01 2.735509239960011094e-02
7.796894672134594417e-01 2.911754926512228822e-02
7.642410644905727191e-01 3.083320055770591428e-02
7.488520128189207758e-01 3.250119709342645657e-02
7.335261863099650226e-01 3.412075527244203682e-02
7.182674431585703845e-01 3.569119883505770391e-02
7.030796246717250231e-01 3.721198930580884440e-02
6.879665543015128781e-01 3.868274538241762983e-02
6.729320366825783939e-01 4.010325179742455642e-02
6.579798566743311206e-01 4.147345841650765946e-02
6.431137784081281117e-01 4.279347053670669310e-02
6.283375443396724824e-01 4.406353150854357831e-02
6.136548743068714895e-01 4.528399892779359781e-02
5.990694645933862805e-01 4.645531572562600769e-02
5.845849869981135649e-01 4.757797753096043580e-02
5.702050879108284676e-01 4.865249768782783230e-02
5.559333873942259308e-01 4.967937128555056231e-02
5.417734782725895926e-01 5.065903950347416113e-02
5.277289252273172915e-01 5.159185548805736432e-02
5.138032638995313484e-01 5.247805287198497454e-02
5.000000000000001110e-01 5.331771791651594705e-02
4.863226084265935834e-01 5.411076611360141758e-02
4.727745323894976259e-01 5.485692392758153429e-02
4.593591825444023335e-01 5.555571619167893466e-02
4.460799361338897429e-01 5.620645950614661795e-02
4.329401361372292589e-01 5.680826181674680092e-02
4.199430904288018462e-01 5.736002818794282837e-02
4.070920709453594855e-01 5.786047262820442211e-02
3.943903128623333920e-01 5.830813567823153742e-02
3.818410137793947223e-01 5.870140733938334493e-02
3.694473329154774888e-01 5.903855480141929207e-02
3.572123903134606371e-01 5.931775432763731343e-02
3.451392660547150104e-01 5.953712657298740329e-02
3.332309994837083789e-01 5.969477454763995328e-02
3.214905884428678196e-01 5.978882339523341333e-02
3.099209885178879631e-01 5.981746113160926054e-02
2.985251122936787294e-01 5.977897948583665855e-02
2.873058286211370715e-01 5.967181399992402963e-02
2.762659618949298013e-01 5.949458257564262109e-02
2.654082913424666845e-01 5.924612170488043061e-02
2.547355503242452190e-01 5.892551968216796360e-02
2.442504256457417311e-01 5.853214617253029578e-02
2.339555568810219865e-01 5.806567759251918953e-02
2.238535357082431787e-01 5.752611785496061780e-02
2.139469052572124941e-01 5.691381412635192205e-02
2.042381594691679014e-01 5.622946734770020716e-02
1.947297424689413692e-01 5.547413737268570844e-02
1.854240479496642724e-01 5.464924267923507162e-02
1.763234185701672008e-01 5.375655470990016449e-02
1.674301453652287108e-01 5.279818699102165058e-02
1.587464671688187945e-01 5.177657926887967166e-02
1.502745700504856119e-01 5.069447698147465375e-02
1.420165867650229341e-01 4.955490645605828415e-02
1.339745962155614034e-01 4.836114628412009619e-02
1.261506229302150617e-01 4.711669537654884776e-02
1.185466365524179277e-01 4.582523824171001042e-02
1.111645513450765232e-01 4.449060805803924101e-02
1.040062257086641351e-01 4.311674813050981464e-02
9.707346171337882801e-02 4.170767232727889962e-02
9.036800464548166989e-02 4.026742508943723792e-02
8.389154256793041053e-02 3.880004159374942502e-02
7.764570589541863743e-02 3.730950862639190874e-02
7.163206698392743377e-02 3.579972669591409418e-02
6.585213973489323358e-02 3.427447387700052750e-02
6.030737921409157209e-02 3.273737183419496433e-02
5.499918128533154427e-02 3.119185442769406222e-02
4.992888225905456334e-02 2.964113925276764747e-02
4.509775855592612626e-02 2.808820241143119081e-02
4.050702638550263135e-02 2.653575676075307574e-02
3.615784144005795842e-02 2.498623382763540124e-02
3.205129860364375194e-02 2.344176952597066751e-02
2.818843167645834757e-02 2.190419375957452716e-02
2.457021311459295365e-02 2.037502394392400745e-02
2.119755378522125699e-02 1.885546243208138101e-02
1.807130273729329328e-02 1.734639778571396215e-02
1.519224698779197968e-02 1.584840979117064716e-02
1.256111132360571148e-02 1.436177808336416319e-02
1.017855811906731578e-02 1.288649420684083099e-02
8.045187169204659483e-03 1.142227691390062735e-02
6.161535538745877005e-03 9.968590473875091340e-03
4.528077426915411152e-03 8.524665745513094681e-03
3.145224048057615462e-03 7.089523745652130671e-03
2.013323528115562588e-03 5.662001431688817345e-03
1.132660816992037134e-03 4.240779402530613952e-03
5.034576168149174080e-04 2.824411212405020417e-03
1.258723261249317105e-04 1.411353983835432566e-03
0.000000000000000000e+00 0.000000000000000000e+00
1.258723261249317105e-04 -1.175218777263759224e-03
5.034576168149174080e-04 -2.345031311223329685e-03
1.132660816992037134e-03 -3.504034583317863685e-03
2.013323528115562588e-03 -4.646956751466216340e-03
3.145224048057615462e-03 -5.768719867850877377e-03
4.528077426915411152e-03 -6.864499210887413036e-03
6.161535538745877005e-03 -7.929778214771232223e-03
8.045187169204659483e-03 -8.960398072580125564e-03
1.017855811906731578e-02 -9.952601200472557114e-03
1.256111132360571148e-02 -1.090306787843431553e-02
1.519224698779197968e-02 -1.180894552428705425e-02
1.807130273729329328e-02 -1.266787020897054174e-02
2.119755378522125699e-02 -1.347798017892720170e-02
2.457021311459295365e-02 -1.423792131208535816e-02
2.818843167645834757e-02 -1.494684459375956488e-02
3.205129860364375194e-02 -1.560439585410796672e-02
3.615784144005795842e-02 -1.621069815609677348e-02
4.050702638550263135e-02 -1.676632735893590631e-02
4.509775855592612626e-02 -1.727228150369049253e-02
4.992888225905456334e-02 -1.772994477264584756e-02
5.499918128533154427e-02 -1.814104685985823071e-02
6.030737921409157209e-02 -1.850761865550641649e-02
6.585213973489323358e-02 -1.883194519005379486e-02
7.163206698392743377e-02 -1.911651680527991573e-02
7.764570589541863743e-02 -1.936397951796208286e-02
8.389154256793041053e-02 -1.957708551896507679e-02
9.036800464548166989e-02 -1.975864470686352140e-02
9.707346171337882801e-02 -1.991147809262639248e-02
1.040062257086641351e-01 -2.003837383245166484e-02
1.111645513450765232e-01 -2.014204655207562852e-02
1.185466365524179277e-01 -2.022510052065834910e-02
1.261506229302150617e-01 -2.028999711877897336e-02
1.339745962155614034e-01 -2.033902692645028418e-02
1.420165867650229341e-01 -2.037428663674153637e-02
1.502745700504856119e-01 -2.039766088192402141e-02
1.587464671688187945e-01 -2.041080894525258704e-02
1.674301453652287108e-01 -2.041515622558651502e-02
1.763234185701672008e-01 -2.041189022675702139e-02
1.854240479496642724e-01 -2.040196076125365063e-02
1.947297424689413692e-01 -2.038608399032600105e-02
2.042381594691679014e-01 -2.036474987137575077e-02
2.139469052572124941e-01 -2.033823254939211289e-02
2.238535357082431787e-01 -2.030660321242686028e-02
2.339555568810219865e-01 -2.026974493139101913e-02
2.442504256457417311e-01 -2.022736902087321140e-02
2.547355503242452190e-01 -2.017903248875946992e-02
2.654082913424666845e-01 -2.012415618618361435e-02
2.762659618949298013e-01 -2.006204332330017645e-02
2.873058286211370715e-01 -1.999189807770501009e-02
2.985251122936787294e-01 -1.991284408788762325e-02
3.099209885178879631e-01 -1.982394269054203739e-02
3.214905884428678196e-01 -1.972421082446128640e-02
3.332309994837083789e-01 -1.961263858170026950e-02
3.451392660547150104e-01 -1.948820643547636081e-02
3.572123903134606371e-01 -1.934990221093518814e-02
3.694473329154774888e-01 -1.919673788689813670e-02
3.818410137793947223e-01 -1.902776632201222395e-02
3.943903128623333920e-01 -1.884209798596512761e-02
4.070920709453594855e-01 -1.863891774496452894e-02
4.199430904288018462e-01 -1.841750170068647344e-02
4.329401361372292589e-01 -1.817723401442502759e-02
4.460799361338897429e-01 -1.791762356519996033e-02
4.593591825444023335e-01 -1.763832019501439252e-02
4.727745323894976259e-01 -1.733913019014313855e-02
4.863226084265935834e-01 -1.702003053901290919e-02
5.000000000000001110e-01 -1.668118140047643999e-02
5.138032638995313484e-01 -1.632293611739076000e-02
5.277289252273172915e-01 -1.594584802631125384e-02
5.417734782725895926e-01 -1.555067325220762554e-02
5.559333873942259308e-01 -1.513836864509364617e-02
5.702050879108284676e-01 -1.471008402115115896e-02
5.845849869981135649e-01 -1.426714792202266394e-02
5.990694645933862805e-01 -1.381104620982170038e-02
6.136548743068714895e-01 -1.334339297887077516e-02
6.283375443396724824e-01 -1.286589349421349802e-02
6.431137784081281117e-01 -1.238029916649610943e-02
6.579798566743311206e-01 -1.188835494650826614e-02
6.729320366825783939e-01 -1.139173997262328195e-02
6.879665543015128781e-01 -1.089200283095302993e-02
7.030796246717250231e-01 -1.039049338967169313e-02
7.182674431585703845e-01 -9.888293842013581511e-03
7.335261863099650226e-01 -9.386152331040479788e-03
7.488520128189207758e-01 -8.884423325221811954e-03
7.642410644905727191e-01 -8.383019756639412817e-03
7.796894672134594417e-01 -7.881382810323684165e-03
7.951933319348093443e-01 -7.378476148655266180e-03
8.107487556395898132e-01 -6.872812251528873095e-03
8.263518223330695855e-01 -6.362519431637840561e-03
8.419986040266501659e-01 -5.845458923532791465e-03
8.576851617267149397e-01 -5.319402222208251783e-03
8.734075464262507360e-01 -4.782279537805053486e-03
8.891618000989889303e-01 -4.232510812637110473e-03
9.049439566958173975e-01 -3.669431189747471549e-03
9.207500431432115162e-01 -3.093823103150593855e-03
9.365760803434354242e-01 -2.508567253881938651e-03
9.524180841762578398e-01 -1.919424619000318971e-03
9.682720665019324269e-01 -1.335961290343577832e-03
9.841340361651920166e-01 -7.726273357625821400e-04
9.999999999999998890e-01 -2.500000000000034204e-04
