9.999999999999998890e-01 2.500000000000951982e-04
9.841340361651920166e-01 1.375414961301087147e-02
9.682720665019324269e-01 2.703493446760071514e-02
9.524180841762578398e-01 4.006801668589444337e-02
9.365760803434354242e-01 5.283970280855189439e-02
9.207500431432115162e-01 6.534403510648645330e-02
9.049439566958173975e-01 7.758038897625642305e-02
8.891618000989889303e-01 8.955152973536111005e-02
8.734075464262507360e-01 1.012620808347838297e-01
8.576851617267149397e-01 1.127173551723884420e-01
8.419986040266501659e-01 1.239225017356923447e-01
8.263518223330695855e-01 1.348819211315490374e-01
8.107487556395898132e-01 1.455989055729001169e-01
7.951933319348093443e-01 1.560754614848467170e-01
7.796894672134594417e-01 1.663122759580541454e-01
7.642410644905727191e-01 1.763087917115579162e-01
7.488520128189207758e-01 1.860633589262347121e-01
7.335261863099650226e-01 1.955734361753826422e-01
7.182674431585703845e-01 2.048358166163421479e-01
7.030796246717250231e-01 2.138468595300682951e-01
6.879665543015128781e-01 2.226027111251450974e-01
6.729320366825783939e-01 2.310995021889422907e-01
6.579798566743311206e-01 2.393335136109606132e-01
6.431137784081281117e-01 2.473013039714764549e-01
6.283375443396724824e-01 2.549997962421381437e-01
6.136548743068714895e-01 2.624263231542212638e-01
5.990694645933862805e-01 2.695786329349570409e-01
5.845849869981135649e-01 2.764548588825013753e-01
5.702050879108284676e-01 2.830534576447353845e-01
5.559333873942259308e-01 2.893731220936497373e-01
5.417734782725895926e-01 2.954126753607479450e-01
5.277289252273172915e-01 3.011709529416156661e-01
5.138032638995313484e-01 3.066466798172478025e-01
5.000000000000001110e-01 3.118383493082959035e-01
4.863226084265935834e-01 3.167441099121556802e-01
4.727745323894976259e-01 3.213616657103109953e-01
4.593591825444023335e-01 3.256881951146883281e-01
4.460799361338897429e-01 3.297202917874190731e-01
4.329401361372292589e-01 3.334539305583511526e-01
4.199430904288018462e-01 3.368844601174142417e-01
4.070920709453594855e-01 3.400066232108061581e-01
3.943903128623333920e-01 3.428146040542678352e-01
3.818410137793947223e-01 3.453021017231996392e-01
3.694473329154774888e-01 3.474624274137936841e-01
3.572123903134606371e-01 3.492886227130522214e-01
3.451392660547150104e-01 3.507735953852373911e-01
3.332309994837083789e-01 3.519102686899721610e-01
3.214905884428678196e-01 3.526917399001158193e-01
3.099209885178879631e-01 3.531114434883705355e-01
2.985251122936787294e-01 3.531633143986023793e-01
2.873058286211370715e-01 3.528419469053390989e-01
2.762659618949298013e-01 3.521427447833955782e-01
2.654082913424666845e-01 3.510620588464794523e-01
2.547355503242452190e-01 3.495973083536452197e-01
2.442504256457417311e-01 3.477470833082055846e-01
2.339555568810219865e-01 3.455112252662463357e-01
2.238535357082431787e-01 3.428908849113387336e-01
2.139469052572124941e-01 3.398885553181953956e-01
2.042381594691679014e-01 3.365080805008248133e-01
1.947297424689413692e-01 3.327546395009281510e-01
1.854240479496642724e-01 3.286347069017847011e-01
1.763234185701672008e-01 3.241559912352667272e-01
1.674301453652287108e-01 3.193273532705362405e-01
1.587464671688187945e-01 3.141587066203286316e-01
1.502745700504856119e-01 3.086609034650235617e-01
1.420165867650229341e-01 3.028456084691194539e-01
1.339745962155614034e-01 2.967251641452479660e-01
1.261506229302150617e-01 2.903124510062113917e-01
1.185466365524179277e-01 2.836207458371631795e-01
1.111645513450765232e-01 2.766635813219424089e-01
1.040062257086641351e-01 2.694546100760872309e-01
9.707346171337882801e-02 2.620074758825983174e-01
9.036800464548166989e-02 2.543356946053153544e-01
8.389154256793041053e-02 2.464525468804382446e-01
7.764570589541863743e-02 2.383709842719884675e-01
7.163206698392743377e-02 2.301035501352152735e-01
6.585213973489323358e-02 2.216623159767921736e-01
6.030737921409157209e-02 2.130588336456406273e-01
5.499918128533154427e-02 2.043041032464462670e-01
4.992888225905456334e-02 1.954085562516165997e-01
4.509775855592612626e-02 1.863820529076551935e-01
4.050702638550263135e-02 1.772338926983275942e-01
3.615784144005795842e-02 1.679728363475881114e-01
3.205129860364375194e-02 1.586071376261229959e-01
2.818843167645834757e-02 1.491445830707741615e-01
2.457021311459295365e-02 1.395925376381326743e-01
2.119755378522125699e-02 1.299579942923731191e-01
1.807130273729329328e-02 1.202476255710060171e-01
1.519224698779197968e-02 1.104678352768792421e-01
1.256111132360571148e-02 1.006248086049107288e-01
1.017855811906731578e-02 9.072455922059645406e-02
8.045187169204659483e-03 8.077297205590652784e-02
6.161535538745877005e-03 7.077584086734331481e-02
4.528077426915411152e-03 6.073889990047184190e-02
3.145224048057615462e-03 5.066784931460457941e-02
2.013323528115562588e-03 4.056837432972446034e-02
1.132660816992037134e-03 3.044615835475223201e-02
5.034576168149174080e-04 2.030689063186574828e-02
1.258723261249317105e-04 1.015626917661695099e-02
0.000000000000000000e+00 0.000000000000000000e+00
1.258723261249317105e-04 -9.565931142441481960e-03
5.034576168149174080e-04 -1.910844084407958832e-02
1.132660816992037134e-03 -2.860429625610036095e-02
2.013323528115562588e-03 -3.803076256464783117e-02
3.145224048057615462e-03 -4.736583954409172292e-02
4.528077426915411152e-03 -5.658848347925464484e-02
6.161535538745877005e-03 -6.567881012946695518e-02
8.045187169204659483e-03 -7.461827486042267588e-02
1.017855811906731578e-02 -8.338982661392008167e-02
1.256111132360571148e-02 -9.197803300671801574e-02
1.519224698779197968e-02 -1.003691745319915396e-01
1.807130273729329328e-02 -1.085513065626793339e-01
2.119755378522125699e-02 -1.165142886068583350e-01
2.457021311459295365e-02 -1.242497810218819443e-01
2.818843167645834757e-02 -1.317512101371206279e-01
3.205129860364375194e-02 -1.390137034458150678e-01
3.615784144005795842e-02 -1.460339971868075126e-01
4.050702638550263135e-02 -1.528103192301297208e-01
4.509775855592612626e-02 -1.593422506918089621e-01
4.992888225905456334e-02 -1.656305701202133718e-01
5.499918128533154427e-02 -1.716770844088011672e-01
6.030737921409157209e-02 -1.774844507910467717e-01
6.585213973489323358e-02 -1.830559943584680882e-01
7.163206698392743377e-02 -1.883955255110281446e-01
7.764570589541863743e-02 -1.935071616029442332e-01
8.389154256793041053e-02 -1.983951567913879166e-01
9.036800464548166989e-02 -2.030637437390302724e-01
9.707346171337882801e-02 -2.075169903749603251e-01
1.040062257086641351e-01 -2.117586743957604600e-01
1.111645513450765232e-01 -2.157921776051519025e-01
1.185466365524179277e-01 -2.196204015640208784e-01
1.261506229302150617e-01 -2.232457053713844397e-01
1.339745962155614034e-01 -2.266698657402549111e-01
1.420165867650229341e-01 -2.298940588898260307e-01
1.502745700504856119e-01 -2.329188631659570852e-01
1.587464671688187945e-01 -2.357442807436128662e-01
1.674301453652287108e-01 -2.383697762742511828e-01
1.763234185701672008e-01 -2.407943299326684161e-01
1.854240479496642724e-01 -2.430165020035437717e-01
1.947297424689413692e-01 -2.450345059370535317e-01
2.042381594691679014e-01 -2.468462867014271922e-01
2.139469052572124941e-01 -2.484496012707379797e-01
2.238535357082431787e-01 -2.498420982075156005e-01
2.339555568810219865e-01 -2.510213935272875840e-01
2.442504256457417311e-01 -2.519851403576420235e-01
2.547355503242452190e-01 -2.527310903162331979e-01
2.654082913424666845e-01 -2.532571450155128301e-01
2.762659618949298013e-01 -2.535613966393435170e-01
2.873058286211370715e-01 -2.536421571081450832e-01
2.985251122936787294e-01 -2.534979759332774973e-01
3.099209885178879631e-01 -2.531276474352135430e-01
3.214905884428678196e-01 -2.525302085405916608e-01
3.332309994837083789e-01 -2.517049288575931576e-01
3.451392660547150104e-01 -2.506512951355095997e-01
3.572123903134606371e-01 -2.493689925229295445e-01
3.694473329154774888e-01 -2.478578852323652104e-01
3.818410137793947223e-01 -2.461179992833915087e-01
3.943903128623333920e-01 -2.441495099215161835e-01
4.070920709453594855e-01 -2.419527360907169911e-01
4.199430904288018462e-01 -2.395281439736363094e-01
4.329401361372292589e-01 -2.368763611101600552e-01
4.460799361338897429e-01 -2.339982019736199792e-01
4.593591825444023335e-01 -2.308947051411898710e-01
4.727745323894976259e-01 -2.275671813641409469e-01
4.863226084265935834e-01 -2.240172709531097206e-01
5.000000000000001110e-01 -2.202470079774142275e-01
5.138032638995313484e-01 -2.162588878745516918e-01
5.277289252273172915e-01 -2.120559342192549768e-01
5.417734782725895926e-01 -2.076417596571254742e-01
5.559333873942259308e-01 -2.030206154143667785e-01
5.702050879108284676e-01 -1.981974234021749992e-01
5.845849869981135649e-01 -1.931777847913974389e-01
5.990694645933862805e-01 -1.879679590881987994e-01
6.136548743068714895e-01 -1.825748082398358785e-01
6.283375443396724824e-01 -1.770057011820251047e-01
6.431137784081281117e-01 -1.712683755407922170e-01
6.579798566743311206e-01 -1.653707549498110163e-01
6.729320366825783939e-01 -1.593207226581130620e-01
6.879665543015128781e-01 -1.531258547917525303e-01
7.030796246717250231e-01 -1.467931197944418731e-01
7.182674431585703845e-01 -1.403285541920935020e-01
7.335261863099650226e-01 -1.337369288773268827e-01
7.488520128189207758e-01 -1.270214245514722506e-01
7.642410644905727191e-01 -1.201833397385734248e-01
7.796894672134594417e-01 -1.132218598294504747e-01
7.951933319348093443e-01 -1.061339208412841184e-01
8.107487556395898132e-01 -9.891420689331123506e-02
8.263518223330695855e-01 -9.155532569346437610e-02
8.419986040266501659e-01 -8.404821148414370890e-02
8.576851617267149397e-01 -7.638280977787505199e-02
8.734075464262507360e-01 -6.854910268732723744e-02
8.891618000989889303e-01 -6.053853757490771509e-02
9.049439566958173975e-01 -5.234592496703264347e-02
9.207500431432115162e-01 -4.397187404811859351e-02
9.365760803434354242e-01 -3.542583542189493839e-02
9.524180841762578398e-01 -2.672982105988087886e-02
9.682720665019324269e-01 -1.792287031349424839e-02
9.841340361651920166e-01 -9.066328422726215377e-03
9.999999999999998890e-01 -2.500000000000612626e-04
