9.999999999999998890e-01 2.500000000000396328e-04
9.841340361651920166e-01 5.861834429967423439e-03
9.682720665019324269e-01 1.136006747185269727e-02
9.524180841762578398e-01 1.674282110990982925e-02
9.365760803434354242e-01 2.201024486582936826e-02
9.207500431432115162e-01 2.716378079539825616e-02
9.049439566958173975e-01 3.220557818120652060e-02
8.891618000989889303e-01 3.713804208006477037e-02
8.734075464262507360e-01 4.196349969006651914e-02
8.576851617267149397e-01 4.668396861158503192e-02
8.419986040266501659e-01 5.130101145901085069e-02
8.263518223330695855e-01 5.581566190340041256e-02
8.107487556395898132e-01 6.022840805641813122e-02
7.951933319348093443e-01 6.453922010806339982e-02
7.796894672134594417e-01 6.874761026943654318e-02
7.642410644905727191e-01 7.285271431235194883e-02
7.488520128189207758e-01 7.685338530604400586e-02
7.335261863099650226e-01 8.074829149516135618e-02
7.182674431585703845e-01 8.453601161233152694e-02
7.030796246717250231e-01 8.821512224487117193e-02
6.879665543015128781e-01 9.178427315355620897e-02
6.729320366825783939e-01 9.524224764967025025e-02
6.579798566743311206e-01 9.858800625599035972e-02
6.431137784081281117e-01 1.018207128925287946e-01
6.283375443396724824e-01 1.049397437267610700e-01
6.136548743068714895e-01 1.079446796022042604e-01
5.990694645933862805e-01 1.108352836034190714e-01
5.845849869981135649e-01 1.136114658278506995e-01
5.702050879108284676e-01 1.162732378165071551e-01
5.559333873942259308e-01 1.188206593501809627e-01
5.417734782725895926e-01 1.212537804521588714e-01
5.277289252273172915e-01 1.235725814607128992e-01
5.138032638995313484e-01 1.257769139555698634e-01
5.000000000000001110e-01 1.278664451539461844e-01
4.863226084265935834e-01 1.298406081466660922e-01
4.727745323894976259e-01 1.316985600371704257e-01
4.593591825444023335e-01 1.334391496900923235e-01
4.460799361338897429e-01 1.350608964057771755e-01
4.329401361372292589e-01 1.365619804266688109e-01
4.199430904288018462e-01 1.379402457642719959e-01
4.070920709453594855e-01 1.391932154240147212e-01
3.943903128623333920e-01 1.403181187112613193e-01
3.818410137793947223e-01 1.413119299351847935e-01
3.694473329154774888e-01 1.421714174969751776e-01
3.572123903134606371e-01 1.428932020621750398e-01
3.451392660547150104e-01 1.434738222794030849e-01
3.332309994837083789e-01 1.439098063233114899e-01
3.214905884428678196e-01 1.441977474106315715e-01
3.099209885178879631e-01 1.443343813653061025e-01
2.985251122936787294e-01 1.443166642911757891e-01
2.873058286211370715e-01 1.441418484462573812e-01
2.762659618949298013e-01 1.438075544978315023e-01
2.654082913424666845e-01 1.433118384677449786e-01
2.547355503242452190e-01 1.426532518469850741e-01
2.442504256457417311e-01 1.418308935614272237e-01
2.339555568810219865e-01 1.408444526998697266e-01
2.238535357082431787e-01 1.396942411638835146e-01
2.139469052572124941e-01 1.383812156593333953e-01
2.042381594691679014e-01 1.369069887143973541e-01
1.947297424689413692e-01 1.352738286715302884e-01
1.854240479496642724e-01 1.334846488544594589e-01
1.763234185701672008e-01 1.315429863499069096e-01
1.674301453652287108e-01 1.294529710619255758e-01
1.587464671688187945e-01 1.272192858899189594e-01
1.502745700504856119e-01 1.248471190458574076e-01
1.420165867650229341e-01 1.223421096591028184e-01
1.339745962155614034e-01 1.197102879167555728e-01
1.261506229302150617e-01 1.169580110526408229e-01
1.185466365524179277e-01 1.140918965289939302e-01
1.111645513450765232e-01 1.111187537525186869e-01
1.040062257086641351e-01 1.080455156325216132e-01
9.707346171337882801e-02 1.048791712257868131e-01
9.036800464548166989e-02 1.016267006238706916e-01
8.389154256793041053e-02 9.829501312725730244e-02
7.764570589541863743e-02 9.489088962139731465e-02
7.163206698392743377e-02 9.142092992642945892e-02
6.585213973489323358e-02 8.789150573987507264e-02
6.030737921409157209e-02 8.430871963434753702e-02
5.499918128533154427e-02 8.067837041477270155e-02
4.992888225905456334e-02 7.700592498600317137e-02
4.509775855592612626e-02 7.329649673592389392e-02
4.050702638550263135e-02 6.955483030466189098e-02
3.615784144005795842e-02 6.578529249031932202e-02
3.205129860364375194e-02 6.199186893813445759e-02
2.818843167645834757e-02 5.817816617496086862e-02
2.457021311459295365e-02 5.434741848558175686e-02
2.119755378522125699e-02 5.050249908216960376e-02
1.807130273729329328e-02 4.664593499302173429e-02
1.519224698779197968e-02 4.277992509082478162e-02
1.256111132360571148e-02 3.890636069280697940e-02
1.017855811906731578e-02 3.502684819342446326e-02
8.045187169204659483e-03 3.114273323243697822e-02
6.161535538745877005e-03 2.725512595476714886e-02
4.528077426915411152e-03 2.336492698052695591e-02
3.145224048057615462e-03 1.947285377102921100e-02
2.013323528115562588e-03 1.557946714635463463e-02
1.132660816992037134e-03 1.168519777909292866e-02
5.034576168149174080e-04 7.790372554271921164e-03
1.258723261249317105e-04 3.895240744540982587e-03
0.000000000000000000e+00 0.000000000000000000e+00
1.258723261249317105e-04 -3.541037929723228009e-03
5.034576168149174080e-04 -7.071302692734485022e-03
1.132660816992037134e-03 -1.058008053601077261e-02
2.013323528115562588e-03 -1.405690010770785543e-02
3.145224048057615462e-03 -1.749164793254122385e-02
4.528077426915411152e-03 -2.087467715401673460e-02
6.161535538745877005e-03 -2.419690753953204071e-02
8.045187169204659483e-03 -2.744991494271415561e-02
1.017855811906731578e-02 -3.062600865585342336e-02
1.256111132360571148e-02 -3.371829535801761091e-02
1.519224698779197968e-02 -3.672072866461637691e-02
1.807130273729329328e-02 -3.962814360438235428e-02
2.119755378522125699e-02 -4.243627568205347173e-02
2.457021311459295365e-02 -4.514176452126800881e-02
2.818843167645834757e-02 -4.774214241408854947e-02
3.205129860364375194e-02 -5.023580842304185834e-02
3.615784144005795842e-02 -5.262198898086323240e-02
4.050702638550263135e-02 -5.490068620508059549e-02
4.509775855592612626e-02 -5.707261538272933449e-02
4.992888225905456334e-02 -5.913913327932455305e-02
5.499918128533154427e-02 -6.110215908126611500e-02
6.030737921409157209e-02 -6.296408988880917990e-02
6.585213973489323358e-02 -6.472771273556317262e-02
7.163206698392743377e-02 -6.639611511944659705e-02
7.764570589541863743e-02 -6.797259598972936467e-02
8.389154256793041053e-02 -6.946057904714078579e-02
9.036800464548166989e-02 -7.086353008218243543e-02
9.707346171337882801e-02 -7.218487990510566443e-02
1.040062257086641351e-01 -7.342795421488435004e-02
1.111645513450765232e-01 -7.459591152024722116e-02
1.185466365524179277e-01 -7.569168997046013536e-02
1.261506229302150617e-01 -7.671796368464718630e-02
1.339745962155614034e-01 -7.767710889390448681e-02
1.420165867650229341e-01 -7.857117993829755564e-02
1.502745700504856119e-01 -7.940189489890771279e-02
1.587464671688187945e-01 -8.017063040093030946e-02
1.674301453652287108e-01 -8.087842490435616372e-02
1.763234185701672008e-01 -8.152598961015036783e-02
1.854240479496642724e-01 -8.211372595724791834e-02
1.947297424689413692e-01 -8.264174857315467748e-02
2.042381594691679014e-01 -8.310991247123686310e-02
2.139469052572124941e-01 -8.351784326227744415e-02
2.238535357082431787e-01 -8.386496916652975975e-02
2.339555568810219865e-01 -8.415055367377299866e-02
2.442504256457417311e-01 -8.437372779981762438e-02
2.547355503242452190e-01 -8.453352102417049929e-02
2.654082913424666845e-01 -8.462889015953464766e-02
2.762659618949298013e-01 -8.465874559273886546e-02
2.873058286211370715e-01 -8.462197454088389581e-02
2.985251122936787294e-01 -8.451746117755330745e-02
3.099209885178879631e-01 -8.434410369299781551e-02
3.214905884428678196e-01 -8.410082855020999115e-02
3.332309994837083789e-01 -8.378660237682211687e-02
3.451392660547150104e-01 -8.340044208225250166e-02
3.572123903134606371e-01 -8.294142390271252996e-02
3.694473329154774888e-01 -8.240869214680554555e-02
3.818410137793947223e-01 -8.180146843608587792e-02
3.943903128623333920e-01 -8.111906220428483083e-02
4.070920709453594855e-01 -8.036088313398455363e-02
4.199430904288018462e-01 -7.952645607041988751e-02
4.329401361372292589e-01 -7.861543876111284912e-02
4.460799361338897429e-01 -7.762764253181116125e-02
4.593591825444023335e-01 -7.656305573070153192e-02
4.727745323894976259e-01 -7.542186946344063558e-02
4.863226084265935834e-01 -7.420450481280181643e-02
5.000000000000001110e-01 -7.291164040241726596e-02
5.138032638995313484e-01 -7.154423883984399601e-02
5.277289252273172915e-01 -7.010357027726465962e-02
5.417734782725895926e-01 -6.859123107708989253e-02
5.559333873942259308e-01 -6.700915538395256499e-02
5.702050879108284676e-01 -6.535961730386953550e-02
5.845849869981135649e-01 -6.364522139536694934e-02
5.990694645933862805e-01 -6.186887930512535716e-02
6.136548743068714895e-01 -6.003377064995902429e-02
6.283375443396724824e-01 -5.814328667361633174e-02
6.431137784081281117e-01 -5.620095580444955247e-02
6.579798566743311206e-01 -5.421035101890454150e-02
6.729320366825783939e-01 -5.217497988287652516e-02
6.879665543015128781e-01 -5.009815930100966486e-02
7.030796246717250231e-01 -4.798287835112781397e-02
7.182674431585703845e-01 -4.583165411032161241e-02
7.335261863099650226e-01 -4.364638707859461175e-02
7.488520128189207758e-01 -4.142822465763972006e-02
7.642410644905727191e-01 -3.917744312282590152e-02
7.796894672134594417e-01 -3.689336060664014094e-02
7.951933319348093443e-01 -3.457429575685379980e-02
8.107487556395898132e-01 -3.221758890234890232e-02
8.263518223330695855e-01 -2.981970470859422392e-02
8.419986040266501659e-01 -2.737643738336907606e-02
8.576851617267149397e-01 -2.488324144771479618e-02
8.734075464262507360e-01 -2.233571286024697150e-02
8.891618000989889303e-01 -1.973024681553022658e-02
9.049439566958173975e-01 -1.706489976844993359e-02
9.207500431432115162e-01 -1.434048410534012434e-02
9.365760803434354242e-01 -1.156192432879425518e-02
9.524180841762578398e-01 -8.739903588390411301e-03
9.682720665019324269e-01 -5.892828819102012908e-03
9.841340361651920166e-01 -3.049141592641914714e-03
9.999999999999998890e-01 -2.500000000000193040e-04
