9.999999999999998890e-01 2.500000000000215808e-04
9.841340361651920166e-01 3.241746067046812757e-03
9.682720665019324269e-01 6.073844876654264924e-03
9.524180841762578398e-01 8.784641884580935561e-03
9.365760803434354242e-01 1.140211408878893419e-02
9.207500431432115162e-01 1.394574262801853530e-02
9.049439566958173975e-01 1.642817536540134432e-02
8.891618000989889303e-01 1.885668803926125736e-02
8.734075464262507360e-01 2.123445411345082495e-02
8.576851617267149397e-01 2.356163470268502272e-02
8.419986040266501659e-01 2.583630089722538034e-02
8.263518223330695855e-01 2.805520148212381146e-02
8.107487556395898132e-01 3.021438945802767256e-02
7.951933319348093443e-01 3.230972094450348248e-02
7.796894672134594417e-01 3.433724000588949526e-02
7.642410644905727191e-01 3.629346270795699020e-02
7.488520128189207758e-01 3.817557331593626757e-02
7.335261863099650226e-01 3.998154500573403158e-02
7.182674431585703845e-01 4.171019680516217104e-02
7.030796246717250231e-01 4.336119773478856049e-02
6.879665543015128781e-01 4.493502830164905482e-02
6.729320366825783939e-01 4.643290863523959200e-02
6.579798566743311206e-01 4.785670166403795805e-02
6.431137784081281117e-01 4.920879883058143500e-02
6.283375443396724824e-01 5.049199495016216260e-02
6.136548743068714895e-01 5.170935794673282848e-02
5.990694645933862805e-01 5.286409836173674992e-02
5.845849869981135649e-01 5.395944273723144585e-02
5.702050879108284676e-01 5.499851423169709042e-02
5.559333873942259308e-01 5.598422314109410824e-02
5.417734782725895926e-01 5.691916937292108153e-02
5.277289252273172915e-01 5.780555835928791880e-02
5.138032638995313484e-01 5.864513139680722215e-02
5.000000000000001110e-01 5.943911096542563166e-02
4.863226084265935834e-01 6.018816120293777466e-02
4.727745323894976259e-01 6.089236339359399564e-02
4.593591825444023335e-01 6.155120606386150356e-02
4.460799361338897429e-01 6.216358906135798640e-02
4.329401361372292589e-01 6.272784081918041099e-02
4.199430904288018462e-01 6.324174787203563908e-02
4.070920709453594855e-01 6.370259558745028361e-02
3.943903128623333920e-01 6.410721899975059535e-02
3.818410137793947223e-01 6.445206258158781010e-02
3.694473329154774888e-01 6.473324775307708057e-02
3.572123903134606371e-01 6.494664690814588859e-02
3.451392660547150104e-01 6.508796272804742711e-02
3.332309994837083789e-01 6.515281155039459593e-02
3.214905884428678196e-01 6.513680956635220509e-02
3.099209885178879631e-01 6.503566062726373609e-02
2.985251122936787294e-01 6.484524445407251203e-02
2.873058286211370715e-01 6.456170405807357127e-02
2.762659618949298013e-01 6.418153119996963807e-02
2.654082913424666845e-01 6.370164873649689086e-02
2.547355503242452190e-01 6.311948873098133239e-02
2.442504256457417311e-01 6.243306523729760804e-02
2.339555568810219865e-01 6.164104070719006456e-02
2.238535357082431787e-01 6.074278502021941001e-02
2.139469052572124941e-01 5.973842619510625479e-02
2.042381594691679014e-01 5.862889191222780960e-02
1.947297424689413692e-01 5.741594106053437424e-02
1.854240479496642724e-01 5.610218461895245118e-02
1.763234185701672008e-01 5.469109529283576465e-02
1.674301453652287108e-01 5.318700545021269599e-02
1.587464671688187945e-01 5.159509304001656804e-02
1.502745700504856119e-01 4.992135532426016792e-02
1.420165867650229341e-01 4.817257041685102381e-02
1.339745962155614034e-01 4.635624679160078865e-02
1.261506229302150617e-01 4.448056109868735869e-02
1.185466365524179277e-01 4.255428480972039962e-02
1.111645513450765232e-01 4.058670039364016546e-02
1.040062257086641351e-01 3.858750790567148231e-02
9.707346171337882801e-02 3.656672304599917211e-02
9.036800464548166989e-02 3.453456791014394150e-02
8.389154256793041053e-02 3.250135580560725712e-02
7.764570589541863743e-02 3.047737164568838780e-02
7.163206698392743377e-02 2.847274954809700734e-02
6.585213973489323358e-02 2.649734935998057303e-02
6.030737921409157209e-02 2.456063389949477219e-02
5.499918128533154427e-02 2.267154874472054188e-02
4.992888225905456334e-02 2.083840641172792635e-02
4.509775855592612626e-02 1.906877674360286587e-02
4.050702638550263135e-02 1.736938528059509337e-02
3.615784144005795842e-02 1.574602129815674476e-02
3.205129860364375194e-02 1.420345708510800838e-02
2.818843167645834757e-02 1.274537988975156175e-02
2.457021311459295365e-02 1.137433778935330320e-02
2.119755378522125699e-02 1.009170054053810071e-02
1.807130273729329328e-02 8.897636247911219765e-03
1.519224698779197968e-02 7.791104449229670041e-03
1.256111132360571148e-02 6.769865961784392490e-03
1.017855811906731578e-02 5.830509570759806817e-03
8.045187169204659483e-03 4.968495370938915724e-03
6.161535538745877005e-03 4.178214303135483268e-03
4.528077426915411152e-03 3.453063161153961409e-03
3.145224048057615462e-03 2.785534088884051695e-03
2.013323528115562588e-03 2.167317345171011767e-03
1.132660816992037134e-03 1.589415890990376586e-03
5.034576168149174080e-04 1.042270153478898299e-03
1.258723261249317105e-04 5.158911483989103318e-04
0.000000000000000000e+00 0.000000000000000000e+00
1.258723261249317105e-04 1.925144830265299544e-04
5.034576168149174080e-04 3.958695731968207648e-04
1.132660816992037134e-03 6.208186006256805707e-04
2.013323528115562588e-03 8.778167394802512428e-04
3.145224048057615462e-03 1.176877597420131812e-03
4.528077426915411152e-03 1.527436503232136155e-03
6.161535538745877005e-03 1.938222540798968836e-03
8.045187169204659483e-03 2.417141224116057131e-03
1.017855811906731578e-02 2.971169522159315419e-03
1.256111132360571148e-02 3.606264727728923213e-03
1.519224698779197968e-02 4.327288425228010237e-03
1.807130273729329328e-02 5.137946553415162661e-03
2.119755378522125699e-02 6.040746285595122687e-03
2.457021311459295365e-02 7.036970166817604899e-03
2.818843167645834757e-02 8.126667660908973995e-03
3.205129860364375194e-02 9.308663975037902855e-03
3.615784144005795842e-02 1.058058575137887751e-02
4.050702638550263135e-02 1.193890294942371970e-02
4.509775855592612626e-02 1.337898599340617452e-02
4.992888225905456334e-02 1.489517703151594687e-02
5.499918128533154427e-02 1.648087395093421684e-02
6.030737921409157209e-02 1.812862561846695711e-02
6.585213973489323358e-02 1.983023667327631079e-02
7.163206698392743377e-02 2.157688008778757896e-02
7.764570589541863743e-02 2.335921563643928237e-02
8.389154256793041053e-02 2.516751236994314161e-02
9.036800464548166989e-02 2.699177318480835974e-02
9.707346171337882801e-02 2.882185960302340380e-02
1.040062257086641351e-01 3.064761493327693154e-02
1.111645513450765232e-01 3.245898407062969282e-02
1.185466365524179277e-01 3.424612830328037372e-02
1.261506229302150617e-01 3.599953362970605142e-02
1.339745962155614034e-01 3.771011124335651998e-02
1.420165867650229341e-01 3.936928901134024994e-02
1.502745700504856119e-01 4.096909295411045593e-02
1.587464671688187945e-01 4.250221792095925516e-02
1.674301453652287108e-01 4.396208684714091736e-02
1.763234185701672008e-01 4.534289816882705604e-02
1.854240479496642724e-01 4.663966115827946485e-02
1.947297424689413692e-01 4.784821912038805108e-02
2.042381594691679014e-01 4.896526056028370488e-02
2.139469052572124941e-01 4.998831858780000692e-02
2.238535357082431787e-01 5.091575896637486054e-02
2.339555568810219865e-01 5.174675734035397850e-02
2.442504256457417311e-01 5.248126628497303686e-02
2.547355503242452190e-01 5.311997291748914857e-02
2.654082913424666845e-01 5.366424788648956057e-02
2.762659618949298013e-01 5.411608662028348504e-02
2.873058286211370715e-01 5.447804376586892761e-02
2.985251122936787294e-01 5.475316178898034097e-02
3.099209885178879631e-01 5.494489473513489847e-02
3.214905884428678196e-01 5.505702817350955486e-02
3.332309994837083789e-01 5.509359636203160770e-02
3.451392660547150104e-01 5.505879768528613993e-02
3.572123903134606371e-01 5.495690942855383648e-02
3.694473329154774888e-01 5.479220296297717535e-02
3.818410137793947223e-01 5.456886042954367522e-02
3.943903128623333920e-01 5.429089402375222861e-02
4.070920709453594855e-01 5.396206899832863696e-02
4.199430904288018462e-01 5.358583151729383320e-02
4.329401361372292589e-01 5.316524250941068869e-02
4.460799361338897429e-01 5.270291868007966063e-02
4.593591825444023335e-01 5.220098184485508219e-02
4.727745323894976259e-01 5.166101774085820469e-02
4.863226084265935834e-01 5.108404544967730387e-02
5.000000000000001110e-01 5.047049852142772297e-02
5.138032638995313484e-01 4.982021881850089845e-02
5.277289252273172915e-01 4.913246399276275517e-02
5.417734782725895926e-01 4.840592936492812276e-02
5.559333873942259308e-01 4.763878478284273854e-02
5.702050879108284676e-01 4.682872678991643195e-02
5.845849869981135649e-01 4.597304612982295452e-02
5.990694645933862805e-01 4.506871024330339620e-02
6.136548743068714895e-01 4.411245997285261067e-02
6.283375443396724824e-01 4.310091917774355741e-02
6.431137784081281117e-01 4.203071537315590522e-02
6.579798566743311206e-01 4.089860884265916069e-02
6.729320366825783939e-01 3.970162693435213414e-02
6.879665543015128781e-01 3.843719944104169450e-02
7.030796246717250231e-01 3.710329008965287945e-02
7.182674431585703845e-01 3.569851823268151148e-02
7.335261863099650226e-01 3.422226385548617772e-02
7.488520128189207758e-01 3.267474800066111351e-02
7.642410644905727191e-01 3.105707968026119939e-02
7.796894672134594417e-01 2.937125931636664147e-02
7.951933319348093443e-01 2.762012774085725528e-02
8.107487556395898132e-01 2.580724881898097470e-02
8.263518223330695855e-01 2.393671286298865164e-02
8.419986040266501659e-01 2.201284719807030180e-02
8.576851617267149397e-01 2.003981956069196546e-02
8.734075464262507360e-01 1.802111947772606221e-02
8.891618000989889303e-01 1.595890242246681204e-02
9.049439566958173975e-01 1.385318139963161860e-02
9.207500431432115162e-01 1.170085070406013880e-02
9.365760803434354242e-01 9.494526954120412546e-03
9.524180841762578398e-01 7.221193146093640540e-03
9.682720665019324269e-01 4.860632432872291978e-03
9.841340361651920166e-01 2.383639618950076419e-03
9.999999999999998890e-01 -2.499999999999808690e-04
