9.999999999999998890e-01 2.500000000001594371e-04
9.841340361651920166e-01 2.275250138796037352e-02
9.682720665019324269e-01 4.468831917732663667e-02
9.524180841762578398e-01 6.607333235619178291e-02
9.365760803434354242e-01 8.691970388279943172e-02
9.207500431432115162e-01 1.072363710382951696e-01
9.049439566958173975e-01 1.270295430323070685e-01
8.891618000989889303e-01 1.463031933406136742e-01
8.734075464262507360e-01 1.650595356215277809e-01
8.576851617267149397e-01 1.832994735324015023e-01
8.419986040266501659e-01 2.010230163146873306e-01
8.263518223330695855e-01 2.182296536007990173e-01
8.107487556395898132e-01 2.349186844853651257e-01
7.951933319348093443e-01 2.510894974659671486e-01
7.796894672134594417e-01 2.667417993650149644e-01
7.642410644905727191e-01 2.818757927687107756e-01
7.488520128189207758e-01 2.964923028378465553e-01
7.335261863099650226e-01 3.105928555386622270e-01
7.182674431585703845e-01 3.241797103939255686e-01
7.030796246717250231e-01 3.372558517523400190e-01
6.879665543015128781e-01 3.498249433096360383e-01
6.729320366825783939e-01 3.618912511824227130e-01
6.579798566743311206e-01 3.734595412348353238e-01
6.431137784081281117e-01 3.845349565906062694e-01
6.283375443396724824e-01 3.951228813350669000e-01
6.136548743068714895e-01 4.052287963314614716e-01
5.990694645933862805e-01 4.148581328552953251e-01
5.845849869981135649e-01 4.240161294030043160e-01
5.702050879108284676e-01 4.327076965728000046e-01
5.559333873942259308e-01 4.409372943634064512e-01
5.417734782725895926e-01 4.487088256089692972e-01
5.277289252273172915e-01 4.560255485847617418e-01
5.138032638995313484e-01 4.628900110977755000e-01
5.000000000000001110e-01 4.693040076379831893e-01
4.863226084265935834e-01 4.752685604285946663e-01
4.727745323894976259e-01 4.807839244945787960e-01
4.593591825444023335e-01 4.858496161844542693e-01
4.460799361338897429e-01 4.904644639455764121e-01
4.329401361372292589e-01 4.946266795808032524e-01
4.199430904288018462e-01 4.983339477153637675e-01
4.070920709453594855e-01 5.015835307856688630e-01
3.943903128623333920e-01 5.043723865330734801e-01
3.818410137793947223e-01 5.066972947492910384e-01
3.694473329154774888e-01 5.085549898779639921e-01
3.572123903134606371e-01 5.099422960282665729e-01
3.451392660547150104e-01 5.108562609986044833e-01
3.332309994837083789e-01 5.112942860367090114e-01
3.214905884428678196e-01 5.112542482700834778e-01
3.099209885178879631e-01 5.107346130195994371e-01
2.985251122936787294e-01 5.097345335494268825e-01
2.873058286211370715e-01 5.082539361977037595e-01
2.762659618949298013e-01 5.062935892628087631e-01
2.654082913424666845e-01 5.038551544777591928e-01
2.547355503242452190e-01 5.009412203777444672e-01
2.442504256457417311e-01 4.975553173409086316e-01
2.339555568810219865e-01 4.937019145482876015e-01
2.238535357082431787e-01 4.893863995539621814e-01
2.139469052572124941e-01 4.846150415706242387e-01
2.042381594691679014e-01 4.793949399494299435e-01
1.947297424689413692e-01 4.737339596581857659e-01
1.854240479496642724e-01 4.676406558318602080e-01
1.763234185701672008e-01 4.611241896789911587e-01
1.674301453652287108e-01 4.541942381732456124e-01
1.587464671688187945e-01 4.468609000392722574e-01
1.502745700504856119e-01 4.391346005558819376e-01
1.420165867650229341e-01 4.310259976488497458e-01
1.339745962155614034e-01 4.225458916332330284e-01
1.261506229302150617e-01 4.137051407953962201e-01
1.185466365524179277e-01 4.045145847836150721e-01
1.111645513450765232e-01 3.949849775100170990e-01
1.040062257086641351e-01 3.851269309634483551e-01
9.707346171337882801e-02 3.749508710011640877e-01
9.036800464548166989e-02 3.644670058360146014e-01
8.389154256793041053e-02 3.536853075743667807e-01
7.764570589541863743e-02 3.426155067977517121e-01
7.163206698392743377e-02 3.312670998273310463e-01
6.585213973489323358e-02 3.196493679736252536e-01
6.030737921409157209e-02 3.077714077626941824e-01
5.499918128533154427e-02 2.956421708516441815e-01
4.992888225905456334e-02 2.832705121074152177e-01
4.509775855592612626e-02 2.706652441287128452e-01
4.050702638550263135e-02 2.578351963458961893e-01
3.615784144005795842e-02 2.447892767405735748e-01
3.205129860364375194e-02 2.315365341871087335e-01
2.818843167645834757e-02 2.180862194324992565e-01
2.457021311459295365e-02 2.044478427979551927e-01
2.119755378522125699e-02 1.906312268025811274e-01
1.807130273729329328e-02 1.766465520731625438e-01
1.519224698779197968e-02 1.625043951093789463e-01
1.256111132360571148e-02 1.482157567150161892e-01
1.017855811906731578e-02 1.337920801762821910e-01
8.045187169204659483e-03 1.192452585608137217e-01
6.161535538745877005e-03 1.045876308176080377e-01
4.528077426915411152e-03 8.983196667076998043e-02
3.145224048057615462e-03 7.499144061051186971e-02
2.013323528115562588e-03 6.007959558507615372e-02
1.132660816992037134e-03 4.511029727950442714e-02
5.034576168149174080e-04 3.009768012409831661e-02
1.258723261249317105e-04 1.505608640041735877e-02
0.000000000000000000e+00 0.000000000000000000e+00
1.258723261249317105e-04 -1.468883953533815442e-02
5.034576168149174080e-04 -2.934826577013705667e-02
1.132660816992037134e-03 -4.394911712434893675e-02
2.013323528115562588e-03 -5.846285361760435867e-02
3.145224048057615462e-03 -7.286184857013799920e-02
4.528077426915411152e-03 -8.711965797694222469e-02
6.161535538745877005e-03 -1.012112610968513848e-01
8.045187169204659483e-03 -1.151132666055981746e-01
1.017855811906731578e-02 -1.288040796270693289e-01
1.256111132360571148e-02 -1.422640260525467604e-01
1.519224698779197968e-02 -1.554754317524010832e-01
1.807130273729329328e-02 -1.684226555442694118e-01
2.119755378522125699e-02 -1.810920760702114662e-01
2.457021311459295365e-02 -1.934720340155494656e-01
2.818843167645834757e-02 -2.055527323372226267e-01
3.205129860364375194e-02 -2.173260983237271238e-01
3.615784144005795842e-02 -2.287856123485307036e-01
4.050702638550263135e-02 -2.399261090738220581e-01
4.509775855592612626e-02 -2.507435575852332010e-01
4.992888225905456334e-02 -2.612348274692105621e-01
5.499918128533154427e-02 -2.713974481669992334e-01
6.030737921409157209e-02 -2.812293690426709847e-01
6.585213973489323358e-02 -2.907287274836369839e-01
7.163206698392743377e-02 -2.998936320134334976e-01
7.764570589541863743e-02 -3.087219668476640644e-01
8.389154256793041053e-02 -3.172112235804906977e-01
9.036800464548166989e-02 -3.253583647726565609e-01
9.707346171337882801e-02 -3.331597231497576139e-01
1.040062257086641351e-01 -3.406109389431283274e-01
1.111645513450765232e-01 -3.477069366508592219e-01
1.185466365524179277e-01 -3.544419412016186488e-01
1.261506229302150617e-01 -3.608095322093204937e-01
1.339745962155614034e-01 -3.668027337531401533e-01
1.420165867650229341e-01 -3.724141359451809685e-01
1.502745700504856119e-01 -3.776360434957044543e-01
1.587464671688187945e-01 -3.824606455886955247e-01
1.674301453652287108e-01 -3.868802006699603169e-01
1.763234185701672008e-01 -3.908872292520347291e-01
1.854240479496642724e-01 -3.944747075749066578e-01
1.947297424689413692e-01 -3.976362549419388270e-01
2.042381594691679014e-01 -4.003663077819744065e-01
2.139469052572124941e-01 -4.026602739689112420e-01
2.238535357082431787e-01 -4.045146616485386648e-01
2.339555568810219865e-01 -4.059271777603504217e-01
2.442504256457417311e-01 -4.068967925729262691e-01
2.547355503242452190e-01 -4.074237678413588082e-01
2.654082913424666845e-01 -4.075096476036924042e-01
2.762659618949298013e-01 -4.071572121143189338e-01
2.873058286211370715e-01 -4.063703969152551720e-01
2.985251122936787294e-01 -4.051541805176486766e-01
3.099209885178879631e-01 -4.035144455505971228e-01
3.214905884428678196e-01 -4.014578194774645614e-01
3.332309994837083789e-01 -3.989915020282103209e-01
3.451392660547150104e-01 -3.961230873003370734e-01
3.572123903134606371e-01 -3.928603889969099483e-01
3.694473329154774888e-01 -3.892112774608203485e-01
3.818410137793947223e-01 -3.851835370020983973e-01
3.943903128623333920e-01 -3.807847514818978318e-01
4.070920709453594855e-01 -3.760222252068289306e-01
4.199430904288018462e-01 -3.709029449072695495e-01
4.329401361372292589e-01 -3.654335869434984785e-01
4.460799361338897429e-01 -3.596205719382456478e-01
4.593591825444023335e-01 -3.534701668221413295e-01
4.727745323894976259e-01 -3.469886318620933885e-01
4.863226084265935834e-01 -3.401824076977915112e-01
5.000000000000001110e-01 -3.330583348266954458e-01
5.138032638995313484e-01 -3.256238954523938411e-01
5.277289252273172915e-01 -3.178874652537708734e-01
5.417734782725895926e-01 -3.098585605587513281e-01
5.559333873942259308e-01 -3.015480647368749545e-01
5.702050879108284676e-01 -2.929684164818404657e-01
5.845849869981135649e-01 -2.841337421594363200e-01
5.990694645933862805e-01 -2.750599146645219539e-01
6.136548743068714895e-01 -2.657645223716039729e-01
6.283375443396724824e-01 -2.562667338743996881e-01
6.431137784081281117e-01 -2.465870473730867596e-01
6.579798566743311206e-01 -2.367469178479242042e-01
6.729320366825783939e-01 -2.267682605972987653e-01
6.879665543015128781e-01 -2.166728363351397568e-01
7.030796246717250231e-01 -2.064815308278918071e-01
7.182674431585703845e-01 -1.962135509660905275e-01
7.335261863099650226e-01 -1.858855691397611198e-01
7.488520128189207758e-01 -1.755108587173075108e-01
7.642410644905727191e-01 -1.650984751776494175e-01
7.796894672134594417e-01 -1.546525498448325098e-01
7.951933319348093443e-01 -1.441717760199386911e-01
8.107487556395898132e-01 -1.336491803619014318e-01
8.263518223330695855e-01 -1.230722853722835824e-01
8.419986040266501659e-01 -1.124237814979252154e-01
8.576851617267149397e-01 -1.016828393652217943e-01
8.734075464262507360e-01 -9.082720366736737883e-02
8.891618000989889303e-01 -7.983621989409174502e-02
9.049439566958173975e-01 -6.869495306684829383e-02
9.207500431432115162e-01 -5.739956356364517287e-02
9.365760803434354242e-01 -4.596410863388299128e-02
9.524180841762578398e-01 -3.442893897342790693e-02
9.682720665019324269e-01 -2.287085743134209537e-02
9.841340361651920166e-01 -1.141520125624108199e-02
9.999999999999998890e-01 -2.500000000000764957e-04
