9.999999999999998890e-01 2.500000000000867414e-04
9.841340361651920166e-01 1.261110005240061865e-02
9.682720665019324269e-01 2.484826171288756838e-02
9.524180841762578398e-01 3.690721792413120123e-02
9.365760803434354242e-01 4.875275413300409616e-02
9.207500431432115162e-01 6.036420456113295724e-02
9.049439566958173975e-01 7.173164739669132817e-02
8.891618000989889303e-01 8.285274232660823357e-02
8.734075464262507360e-01 9.373015129506935550e-02
8.576851617267149397e-01 1.043694821054737265e-01
8.419986040266501659e-01 1.147776943762637836e-01
8.263518223330695855e-01 1.249619083025399202e-01
8.107487556395898132e-01 1.349285585429558509e-01
7.951933319348093443e-01 1.446828382173180327e-01
7.796894672134594417e-01 1.542283813338067577e-01
7.642410644905727191e-01 1.635671358346116322e-01
7.488520128189207758e-01 1.726993837257444209e-01
7.335261863099650226e-01 1.816238693157393447e-01
7.182674431585703845e-01 1.903380013098489865e-01
7.030796246717250231e-01 1.988380992800330427e-01
6.879665543015128781e-01 2.071196597546675899e-01
6.729320366825783939e-01 2.151776217541797875e-01
6.579798566743311206e-01 2.230066159598779740e-01
6.431137784081281117e-01 2.306011857753646199e-01
6.283375443396724824e-01 2.379559722678177280e-01
6.136548743068714895e-01 2.450658583173981608e-01
5.990694645933862805e-01 2.519260702268389385e-01
5.845849869981135649e-01 2.585322375316270183e-01
5.702050879108284676e-01 2.648804137973279627e-01
5.559333873942259308e-01 2.709670627983308266e-01
5.417734782725895926e-01 2.767890156551564007e-01
5.277289252273172915e-01 2.823434052875622435e-01
5.138032638995313484e-01 2.876275849475267710e-01
5.000000000000001110e-01 2.926390376654315340e-01
4.863226084265935834e-01 2.973752832148663927e-01
4.727745323894976259e-01 3.018337887203956238e-01
4.593591825444023335e-01 3.060118883445100968e-01
4.460799361338897429e-01 3.099067166418892905e-01
4.329401361372292589e-01 3.135151592077930482e-01
4.199430904288018462e-01 3.168338232182646985e-01
4.070920709453594855e-01 3.198590294058110683e-01
3.943903128623333920e-01 3.225868259750219735e-01
3.818410137793947223e-01 3.250130239738165949e-01
3.694473329154774888e-01 3.271332527286716085e-01
3.572123903134606371e-01 3.289430331521929207e-01
3.451392660547150104e-01 3.304378660592238171e-01
3.332309994837083789e-01 3.316133320983483124e-01
3.214905884428678196e-01 3.324651995284923500e-01
3.099209885178879631e-01 3.329895358493949464e-01
2.985251122936787294e-01 3.331828192288055490e-01
2.873058286211370715e-01 3.330420457524244648e-01
2.762659618949298013e-01 3.325648287445603923e-01
2.654082913424666845e-01 3.317494867542041259e-01
2.547355503242452190e-01 3.305951172555504081e-01
2.442504256457417311e-01 3.291016536543051041e-01
2.339555568810219865e-01 3.272699037999963756e-01
2.238535357082431787e-01 3.251015688575046858e-01
2.139469052572124941e-01 3.225992420653249204e-01
2.042381594691679014e-01 3.197663875811537215e-01
1.947297424689413692e-01 3.166073002657260327e-01
1.854240479496642724e-01 3.131270478633545462e-01
1.763234185701672008e-01 3.093313975843927643e-01
1.674301453652287108e-01 3.052267295653384171e-01
1.587464671688187945e-01 3.008199400638313925e-01
1.502745700504856119e-01 2.961183375288292119e-01
1.420165867650229341e-01 2.911295348643859193e-01
1.339745962155614034e-01 2.858613412757770589e-01
1.261506229302150617e-01 2.803216570494466708e-01
1.185466365524179277e-01 2.745183744769573719e-01
1.111645513450765232e-01 2.684592878942497207e-01
1.040062257086641351e-01 2.621520154803279046e-01
9.707346171337882801e-02 2.556039350555701084e-01
9.036800464548166989e-02 2.488221356528469985e-01
8.389154256793041053e-02 2.418133861196797851e-01
7.764570589541863743e-02 2.345841214630585980e-01
7.163206698392743377e-02 2.271404470871324632e-01
6.585213973489323358e-02 2.194881605147754877e-01
6.030737921409157209e-02 2.116327896436370481e-01
5.499918128533154427e-02 2.035796460814968956e-01
4.992888225905456334e-02 1.953338916491028643e-01
4.509775855592612626e-02 1.869006157440472327e-01
4.050702638550263135e-02 1.782849209375451105e-01
3.615784144005795842e-02 1.694920139358806754e-01
3.205129860364375194e-02 1.605272988859383354e-01
2.818843167645834757e-02 1.513964699432622241e-01
2.457021311459295365e-02 1.421056000523724383e-01
2.119755378522125699e-02 1.326612230109001922e-01
1.807130273729329328e-02 1.230704060971556657e-01
1.519224698779197968e-02 1.133408108282836224e-01
1.256111132360571148e-02 1.034807397742400076e-01
1.017855811906731578e-02 9.349916777054559369e-02
8.045187169204659483e-03 8.340575633763566699e-02
6.161535538745877005e-03 7.321085061287810336e-02
4.528077426915411152e-03 6.292545861832095355e-02
3.145224048057615462e-03 5.256121320795452412e-02
2.013323528115562588e-03 4.213031754754453795e-02
1.132660816992037134e-03 3.164547546331467759e-02
5.034576168149174080e-04 2.111980843897976259e-02
1.258723261249317105e-04 1.056676143117031737e-02
0.000000000000000000e+00 0.000000000000000000e+00
1.258723261249317105e-04 -1.044869382610602755e-02
5.034576168149174080e-04 -2.088011848486260105e-02
1.132660816992037134e-03 -3.127710304849522227e-02
2.013323528115562588e-03 -4.162279520062479865e-02
3.145224048057615462e-03 -5.190081126077147888e-02
4.528077426915411152e-03 -6.209537534140245618e-02
6.161535538745877005e-03 -7.219144447257655473e-02
8.045187169204659483e-03 -8.217481690528825877e-02
1.017855811906731578e-02 -9.203222125496847428e-02
1.256111132360571148e-02 -1.017513846589310350e-01
1.519224698779197968e-02 -1.113210786818211590e-01
1.807130273729329328e-02 -1.207311422958769892e-01
2.119755378522125699e-02 -1.299724818718314134e-01
2.457021311459295365e-02 -1.390370487246838094e-01
2.818843167645834757e-02 -1.479177953496144116e-01
3.205129860364375194e-02 -1.566086120405944526e-01
3.615784144005795842e-02 -1.651042460923103639e-01
4.050702638550263135e-02 -1.734002062307074266e-01
4.509775855592612626e-02 -1.814926552863485587e-01
4.992888225905456334e-02 -1.893782944075036445e-01
5.499918128533154427e-02 -1.970542422984723763e-01
6.030737921409157209e-02 -2.045179130577045867e-01
6.585213973489323358e-02 -2.117668961772577740e-01
7.163206698392743377e-02 -2.187988421502738701e-01
7.764570589541863743e-02 -2.256113569196938617e-01
8.389154256793041053e-02 -2.322019080953466597e-01
9.036800464548166989e-02 -2.385677454765733063e-01
9.707346171337882801e-02 -2.447058379548876506e-01
1.040062257086641351e-01 -2.506128283491855235e-01
1.111645513450765232e-01 -2.562850071599530044e-01
1.185466365524179277e-01 -2.617183056354235871e-01
1.261506229302150617e-01 -2.669083079393346214e-01
1.339745962155614034e-01 -2.718502816149487855e-01
1.420165867650229341e-01 -2.765392249714166972e-01
1.502745700504856119e-01 -2.809699294938865499e-01
1.587464671688187945e-01 -2.851370549144862654e-01
1.674301453652287108e-01 -2.890352141922663542e-01
1.763234185701672008e-01 -2.926590653492531779e-01
1.854240479496642724e-01 -2.960034069072760010e-01
1.947297424689413692e-01 -2.990632735737332459e-01
2.042381594691679014e-01 -3.018340288383611347e-01
2.139469052572124941e-01 -3.043114512684287898e-01
2.238535357082431787e-01 -3.064918115241973551e-01
2.339555568810219865e-01 -3.083719374540611069e-01
2.442504256457417311e-01 -3.099492650601979871e-01
2.547355503242452190e-01 -3.112218736382060813e-01
2.654082913424666845e-01 -3.121885039725099675e-01
2.762659618949298013e-01 -3.128485590950860762e-01
2.873058286211370715e-01 -3.132020877678735049e-01
2.985251122936787294e-01 -3.132497515071141492e-01
3.099209885178879631e-01 -3.129927766077462703e-01
3.214905884428678196e-01 -3.124328932244513912e-01
3.332309994837083789e-01 -3.115722640999890602e-01
3.451392660547150104e-01 -3.104134059790611411e-01
3.572123903134606371e-01 -3.089591070870118528e-01
3.694473329154774888e-01 -3.072123442695984807e-01
3.818410137793947223e-01 -3.051762034685938096e-01
3.943903128623333920e-01 -3.028538071376803420e-01
4.070920709453594855e-01 -3.002482519781434767e-01
4.199430904288018462e-01 -2.973625599933530927e-01
4.329401361372292589e-01 -2.941996453294885572e-01
4.460799361338897429e-01 -2.907622986975713641e-01
4.593591825444023335e-01 -2.870531903745972002e-01
4.727745323894976259e-01 -2.830748918811626380e-01
4.863226084265935834e-01 -2.788299154568092408e-01
5.000000000000001110e-01 -2.743207694350171533e-01
5.138032638995313484e-01 -2.695500265948148622e-01
5.277289252273172915e-01 -2.645204015769267447e-01
5.417734782725895926e-01 -2.592348325442175860e-01
5.559333873942259308e-01 -2.536965614862617402e-01
5.702050879108284676e-01 -2.479092069648948238e-01
5.845849869981135649e-01 -2.418768227204255716e-01
5.990694645933862805e-01 -2.356039354545707010e-01
6.136548743068714895e-01 -2.290955553213671059e-01
6.283375443396724824e-01 -2.223571532327535405e-01
6.431137784081281117e-01 -2.153946000573451203e-01
6.579798566743311206e-01 -2.082140641886732202e-01
6.729320366825783939e-01 -2.008218658043578742e-01
6.879665543015128781e-01 -1.932242884426327023e-01
7.030796246717250231e-01 -1.854273512892548326e-01
7.182674431585703845e-01 -1.774365487866733648e-01
7.335261863099650226e-01 -1.692565678267174689e-01
7.488520128189207758e-01 -1.608909968335473506e-01
7.642410644905727191e-01 -1.523420454375157274e-01
7.796894672134594417e-01 -1.436102981218909114e-01
7.951933319348093443e-01 -1.346945301189126365e-01
8.107487556395898132e-01 -1.255916188523895083e-01
8.263518223330695855e-01 -1.162965892719934197e-01
8.419986040266501659e-01 -1.068028363894747840e-01
8.576851617267149397e-01 -9.710257308944962584e-02
8.734075464262507360e-01 -8.718755571928508974e-02
8.891618000989889303e-01 -7.705014392982233173e-02
9.049439566958173975e-01 -6.668475460299493063e-02
9.207500431432115162e-01 -5.608977232389850826e-02
9.365760803434354242e-01 -4.526998059443913813e-02
9.524180841762578398e-01 -3.423957870782629725e-02
9.682720665019324269e-01 -2.302584877877343963e-02
9.841340361651920166e-01 -1.167353573359445132e-02
9.999999999999998890e-01 -2.500000000000799651e-04
