9.999999999999998890e-01 2.500000000001069075e-04
9.841340361651920166e-01 1.534616869130440292e-02
9.682720665019324269e-01 3.002482615326579340e-02
9.524180841762578398e-01 4.421989787532754762e-02
9.365760803434354242e-01 5.787363394097486125e-02
9.207500431432115162e-01 7.093785628099832929e-02
9.049439566958173975e-01 8.337468296515525290e-02
8.891618000989889303e-01 9.515679627822964948e-02
8.734075464262507360e-01 1.062673211514535004e-01
8.576851617267149397e-01 1.166993792337183283e-01
8.419986040266501659e-01 1.264553816065549785e-01
8.263518223330695855e-01 1.355461199982114784e-01
8.107487556395898132e-01 1.439897124664247241e-01
7.951933319348093443e-01 1.518104550306333123e-01
7.796894672134594417e-01 1.590376257766525359e-01
7.642410644905727191e-01 1.657042826624064158e-01
7.488520128189207758e-01 1.718460907500549140e-01
7.335261863099650226e-01 1.775002089993727716e-01
7.182674431585703845e-01 1.827042611930663474e-01
7.030796246717250231e-01 1.874954101308360932e-01
6.879665543015128781e-01 1.919095490185513952e-01
6.729320366825783939e-01 1.959806190732589493e-01
6.579798566743311206e-01 1.997400578327390985e-01
6.431137784081281117e-01 2.032163785558875058e-01
6.283375443396724824e-01 2.064348774701692535e-01
6.136548743068714895e-01 2.094174624946273655e-01
5.990694645933862805e-01 2.121825944586603618e-01
5.845849869981135649e-01 2.147453297531566330e-01
5.702050879108284676e-01 2.171174517854423669e-01
5.559333873942259308e-01 2.193076775463457528e-01
5.417734782725895926e-01 2.213219250107118785e-01
5.277289252273172915e-01 2.231636269480545831e-01
5.138032638995313484e-01 2.248340769770491299e-01
5.000000000000001110e-01 2.263327943101839379e-01
4.863226084265935834e-01 2.276578945529473819e-01
4.727745323894976259e-01 2.288064550926131868e-01
4.593591825444023335e-01 2.297748649808320220e-01
4.460799361338897429e-01 2.305591507276154029e-01
4.329401361372292589e-01 2.311552710288437840e-01
4.199430904288018462e-01 2.315593750943285567e-01
4.070920709453594855e-01 2.317680208811432885e-01
3.943903128623333920e-01 2.317783511239620009e-01
3.818410137793947223e-01 2.315882265518558747e-01
3.694473329154774888e-01 2.311963170561520675e-01
3.572123903134606371e-01 2.306021527990808340e-01
3.451392660547150104e-01 2.298061383065962138e-01
3.332309994837083789e-01 2.288095334556712324e-01
3.214905884428678196e-01 2.276144059373310380e-01
3.099209885178879631e-01 2.262235602484041208e-01
2.985251122936787294e-01 2.246404485397330841e-01
2.873058286211370715e-01 2.228690687338390763e-01
2.762659618949298013e-01 2.209138552328738236e-01
2.654082913424666845e-01 2.187795672842165751e-01
2.547355503242452190e-01 2.164711796757733953e-01
2.442504256457417311e-01 2.139937799180059719e-01
2.339555568810219865e-01 2.113524754589973798e-01
2.238535357082431787e-01 2.085523137976104668e-01
2.139469052572124941e-01 2.055982176336224043e-01
2.042381594691679014e-01 2.024949364479348424e-01
1.947297424689413692e-01 1.992470151649135823e-01
1.854240479496642724e-01 1.958587798354287368e-01
1.763234185701672008e-01 1.923343396139348682e-01
1.674301453652287108e-01 1.886776037041224541e-01
1.587464671688187945e-01 1.848923114305223991e-01
1.502745700504856119e-01 1.809820731699909868e-01
1.420165867650229341e-01 1.769504195559125914e-01
1.339745962155614034e-01 1.728008561544317201e-01
1.261506229302150617e-01 1.685369207078119824e-01
1.185466365524179277e-01 1.641622400435238938e-01
1.111645513450765232e-01 1.596805838541231204e-01
1.040062257086641351e-01 1.550959127547327787e-01
9.707346171337882801e-02 1.504124183117702129e-01
9.036800464548166989e-02 1.456345530960442836e-01
8.389154256793041053e-02 1.407670492313510546e-01
7.764570589541863743e-02 1.358149243707739706e-01
7.163206698392743377e-02 1.307834745208352467e-01
6.585213973489323358e-02 1.256782536319019650e-01
6.030737921409157209e-02 1.205050403654878838e-01
5.499918128533154427e-02 1.152697929195894144e-01
4.992888225905456334e-02 1.099785932273425748e-01
4.509775855592612626e-02 1.046375822289147967e-01
4.050702638550263135e-02 9.925288824031761048e-02
3.615784144005795842e-02 9.383055069650886315e-02
3.205129860364375194e-02 8.837644172279408850e-02
2.818843167645834757e-02 8.289618808370287362e-02
2.457021311459295365e-02 7.739509607026606730e-02
2.119755378522125699e-02 7.187808181560094434e-02
1.807130273729329328e-02 6.634960937803656422e-02
1.519224698779197968e-02 6.081363870615519307e-02
1.256111132360571148e-02 5.527358530871904346e-02
1.017855811906731578e-02 4.973229310402864367e-02
8.045187169204659483e-03 4.419202152895623792e-02
6.161535538745877005e-03 3.865444756012389321e-02
4.528077426915411152e-03 3.312068285171477361e-02
3.145224048057615462e-03 2.759130574003200442e-02
2.013323528115562588e-03 2.206640741796970021e-02
1.132660816992037134e-03 1.654565115663908861e-02
5.034576168149174080e-04 1.102834305931738555e-02
1.258723261249317105e-04 5.513512486448036293e-03
0.000000000000000000e+00 0.000000000000000000e+00
1.258723261249317105e-04 -5.155903497818061822e-03
5.034576168149174080e-04 -1.029482073781127528e-02
1.132660816992037134e-03 -1.539993681003418678e-02
2.013323528115562588e-03 -2.045489934272936433e-02
3.145224048057615462e-03 -2.544403483902989843e-02
4.528077426915411152e-03 -3.035254756774487944e-02
6.161535538745877005e-03 -3.516669598213350428e-02
8.045187169204659483e-03 -3.987394228778128741e-02
1.017855811906731578e-02 -4.446307155404612826e-02
1.256111132360571148e-02 -4.892427764074526453e-02
1.519224698779197968e-02 -5.324921416744693436e-02
1.807130273729329328e-02 -5.743100975917225792e-02
2.119755378522125699e-02 -6.146424783024544841e-02
2.457021311459295365e-02 -6.534491218736575291e-02
2.818843167645834757e-02 -6.907030071377581737e-02
3.205129860364375194e-02 -7.263891030963728901e-02
3.615784144005795842e-02 -7.605029708216483331e-02
4.050702638550263135e-02 -7.930491647803257493e-02
4.509775855592612626e-02 -8.240394860868967275e-02
4.992888225905456334e-02 -8.534911441905708440e-02
5.499918128533154427e-02 -8.814248857869538822e-02
6.030737921409157209e-02 -9.078631502388079255e-02
6.585213973489323358e-02 -9.328283094629423455e-02
7.163206698392743377e-02 -9.563410471172645311e-02
7.764570589541863743e-02 -9.784189270825163764e-02
8.389154256793041053e-02 -9.990751948083216594e-02
9.036800464548166989e-02 -1.018317847263563170e-01
9.707346171337882801e-02 -1.036148998222392176e-01
1.040062257086641351e-01 -1.052564555694254778e-01
1.111645513450765232e-01 -1.067554217766546604e-01
1.185466365524179277e-01 -1.081101782293702324e-01
1.261506229302150617e-01 -1.093185755074030513e-01
1.339745962155614034e-01 -1.103780230748977742e-01
1.420165867650229341e-01 -1.112856010978457572e-01
1.502745700504856119e-01 -1.120381915816297952e-01
1.587464671688187945e-01 -1.126326236933838376e-01
1.674301453652287108e-01 -1.130658275685914177e-01
1.763234185701672008e-01 -1.133349905208330816e-01
1.854240479496642724e-01 -1.134377093955486054e-01
1.947297424689413692e-01 -1.133721328449875110e-01
2.042381594691679014e-01 -1.131370875577975554e-01
2.139469052572124941e-01 -1.127321829518818375e-01
2.238535357082431787e-01 -1.121578895253079605e-01
2.339555568810219865e-01 -1.114155869422954054e-01
2.442504256457417311e-01 -1.105075789880057002e-01
2.547355503242452190e-01 -1.094370737289452611e-01
2.654082913424666845e-01 -1.082081285313245961e-01
2.762659618949298013e-01 -1.068255609786141341e-01
2.873058286211370715e-01 -1.052948281484792636e-01
2.985251122936787294e-01 -1.036218781117824034e-01
3.099209885178879631e-01 -1.018129788539712116e-01
3.214905884428678196e-01 -9.987453104286540817e-02
3.332309994837083789e-01 -9.781287212832710798e-02
3.451392660547150104e-01 -9.563408011251427199e-02
3.572123903134606371e-01 -9.334378593207162678e-02
3.694473329154774888e-01 -9.094700370860127336e-02
3.818410137793947223e-01 -8.844798812058037030e-02
3.943903128623333920e-01 -8.585012780598451354e-02
4.070920709453594855e-01 -8.315588300677753675e-02
4.199430904288018462e-01 -8.036677461080933560e-02
4.329401361372292589e-01 -7.748343034114599237e-02
4.460799361338897429e-01 -7.450569210657656538e-02
4.593591825444023335e-01 -7.143278649099983613e-02
4.727745323894976259e-01 -6.826355806646791646e-02
4.863226084265935834e-01 -6.499676271936367933e-02
5.000000000000001110e-01 -6.163141554708307518e-02
5.138032638995313484e-01 -5.816718518942495114e-02
5.277289252273172915e-01 -5.460482378937541598e-02
5.417734782725895926e-01 -5.094661922431456547e-02
5.559333873942259308e-01 -4.719685390875691389e-02
5.702050879108284676e-01 -4.336225244511407451e-02
5.845849869981135649e-01 -3.945239879255350857e-02
5.990694645933862805e-01 -3.548010253765585681e-02
6.136548743068714895e-01 -3.146169338236974589e-02
6.283375443396724824e-01 -2.741722320643909250e-02
6.431137784081281117e-01 -2.337055609556782168e-02
6.579798566743311206e-01 -1.934932862371243484e-02
6.729320366825783939e-01 -1.538476549407241656e-02
6.879665543015128781e-01 -1.151133941749425162e-02
7.030796246717250231e-01 -7.766268858543264042e-03
7.182674431585703845e-01 -4.188853006335241554e-03
7.335261863099650226e-01 -8.196500039409232181e-04
7.488520128189207758e-01 2.300487953306673550e-03
7.642410644905727191e-01 5.131500639697146593e-03
7.796894672134594417e-01 7.635295807564625691e-03
7.951933319348093443e-01 9.776974331646693522e-03
8.107487556395898132e-01 1.152605348119368524e-02
8.263518223330695855e-01 1.285762689139326349e-02
8.419986040266501659e-01 1.375338932350286293e-02
8.576851617267149397e-01 1.420244398020842867e-02
8.734075464262507360e-01 1.420180021805408054e-02
8.891618000989889303e-01 1.375646022553151521e-02
9.049439566958173975e-01 1.287898487726029523e-02
9.207500431432115162e-01 1.158842180145633338e-02
9.365760803434354242e-01 9.908472980825795348e-03
9.524180841762578398e-01 7.864775213759630720e-03
9.682720665019324269e-01 5.481164751914843064e-03
9.841340361651920166e-01 2.774797646193992266e-03
9.999999999999998890e-01 -2.499999999999776706e-04
