9.999999999999998890e-01 2.500000000001144427e-04
9.841340361651920166e-01 1.653714752738699723e-02
9.682720665019324269e-01 3.263036593764787746e-02
9.524180841762578398e-01 4.846738143576591329e-02
9.365760803434354242e-01 6.400745725403002295e-02
9.207500431432115162e-01 7.922639261726779902e-02
9.049439566958173975e-01 9.411228313356100050e-02
8.891618000989889303e-01 1.086619825737001055e-01
8.734075464262507360e-01 1.228782030918894042e-01
8.576851617267149397e-01 1.367671893930328120e-01
8.419986040266501659e-01 1.503369020600535677e-01
8.263518223330695855e-01 1.635956460977644189e-01
8.107487556395898132e-01 1.765510825982068988e-01
7.951933319348093443e-01 1.892095641502910819e-01
7.796894672134594417e-01 2.015757380647130725e-01
7.642410644905727191e-01 2.136523655235403329e-01
7.488520128189207758e-01 2.254403092544088327e-01
7.335261863099650226e-01 2.369386471380772186e-01
7.182674431585703845e-01 2.481448741575544292e-01
7.030796246717250231e-01 2.590551601678376392e-01
6.879665543015128781e-01 2.696646359978878693e-01
6.729320366825783939e-01 2.799676852924440906e-01
6.579798566743311206e-01 2.899582241742894584e-01
6.431137784081281117e-01 2.996299551841840603e-01
6.283375443396724824e-01 3.089765859756235522e-01
6.136548743068714895e-01 3.179920068579938364e-01
5.990694645933862805e-01 3.266704244609626717e-01
5.845849869981135649e-01 3.350064515142485710e-01
5.702050879108284676e-01 3.429951549916515074e-01
5.559333873942259308e-01 3.506320666591940527e-01
5.417734782725895926e-01 3.579131614075576340e-01
5.277289252273172915e-01 3.648348096610826707e-01
5.138032638995313484e-01 3.713937106697580703e-01
5.000000000000001110e-01 3.775868136438058631e-01
4.863226084265935834e-01 3.834112335248629488e-01
4.727745323894976259e-01 3.888641677493259730e-01
4.593591825444023335e-01 3.939428196966320850e-01
4.460799361338897429e-01 3.986443336775413182e-01
4.329401361372292589e-01 4.029657453541938827e-01
4.199430904288018462e-01 4.069039504427238718e-01
4.070920709453594855e-01 4.104556934759630571e-01
3.943903128623333920e-01 4.136175773402796518e-01
3.818410137793947223e-01 4.163860932847059382e-01
3.694473329154774888e-01 4.187576701651574695e-01
3.572123903134606371e-01 4.207287408593609612e-01
3.451392660547150104e-01 4.222958230910307531e-01
3.332309994837083789e-01 4.234556113509704289e-01
3.214905884428678196e-01 4.242050762083784954e-01
3.099209885178879631e-01 4.245415670722386126e-01
2.985251122936787294e-01 4.244629143893622336e-01
2.873058286211370715e-01 4.239675273464503791e-01
2.762659618949298013e-01 4.230544833679151795e-01
2.654082913424666845e-01 4.217236060546346588e-01
2.547355503242452190e-01 4.199755286734876414e-01
2.442504256457417311e-01 4.178117408629666851e-01
2.339555568810219865e-01 4.152346168440830820e-01
2.238535357082431787e-01 4.122474240947094359e-01
2.139469052572124941e-01 4.088543121356059684e-01
2.042381594691679014e-01 4.050602817641427711e-01
1.947297424689413692e-01 4.008711357346393389e-01
1.854240479496642724e-01 3.962934125014025977e-01
1.763234185701672008e-01 3.913343051931995609e-01
1.674301453652287108e-01 3.860015684599316099e-01
1.587464671688187945e-01 3.803034162105242144e-01
1.502745700504856119e-01 3.742484135356634045e-01
1.420165867650229341e-01 3.678453662735015617e-01
1.339745962155614034e-01 3.611032117279560083e-01
1.261506229302150617e-01 3.540309139882281131e-01
1.185466365524179277e-01 3.466373671286562264e-01
1.111645513450765232e-01 3.389313092970176466e-01
1.040062257086641351e-01 3.309212503369209912e-01
9.707346171337882801e-02 3.226154151483985877e-01
9.036800464548166989e-02 3.140217044848164774e-01
8.389154256793041053e-02 3.051476743299359473e-01
7.764570589541863743e-02 2.960005344137200956e-01
7.163206698392743377e-02 2.865871658272085565e-01
6.585213973489323358e-02 2.769141571035221294e-01
6.030737921409157209e-02 2.669878575614096916e-01
5.499918128533154427e-02 2.568144461764170217e-01
4.992888225905456334e-02 2.464000137680791014e-01
4.509775855592612626e-02 2.357506558830691212e-01
4.050702638550263135e-02 2.248725734254003739e-01
3.615784144005795842e-02 2.137721778446081966e-01
3.205129860364375194e-02 2.024561975476659170e-01
2.818843167645834757e-02 1.909317821538385196e-01
2.457021311459295365e-02 1.792066012644543127e-01
2.119755378522125699e-02 1.672889345696003671e-01
1.807130273729329328e-02 1.551877503561448490e-01
1.519224698779197968e-02 1.429127698088507314e-01
1.256111132360571148e-02 1.304745148988473713e-01
1.017855811906731578e-02 1.178843381195387591e-01
8.045187169204659483e-03 1.051544328455539801e-01
6.161535538745877005e-03 9.229782364071324741e-02
4.528077426915411152e-03 7.932833641034024719e-02
3.145224048057615462e-03 6.626054886540674871e-02
2.013323528115562588e-03 5.310972232455377778e-02
1.132660816992037134e-03 3.989171640927589163e-02
5.034576168149174080e-04 2.662288867243709639e-02
1.258723261249317105e-04 1.331998162716082137e-02
0.000000000000000000e+00 0.000000000000000000e+00
1.258723261249317105e-04 -1.319180701358089666e-02
5.034576168149174080e-04 -2.636156870114923431e-02
1.132660816992037134e-03 -3.948738838597721373e-02
2.013323528115562588e-03 -5.254778742651364243e-02
3.145224048057615462e-03 -6.552190150498296561e-02
4.528077426915411152e-03 -7.838966202570640807e-02
6.161535538745877005e-03 -9.113195830460016356e-02
8.045187169204659483e-03 -1.037307767610022857e-01
1.017855811906731578e-02 -1.161693139569254518e-01
1.256111132360571148e-02 -1.284320610494205372e-01
1.519224698779197968e-02 -1.405048580088937016e-01
1.807130273729329328e-02 -1.523749167879136501e-01
2.119755378522125699e-02 -1.640308134780951721e-01
2.457021311459295365e-02 -1.754624503430186611e-01
2.818843167645834757e-02 -1.866609894389622548e-01
3.205129860364375194e-02 -1.976187603091698886e-01
3.615784144005795842e-02 -2.083291449394879258e-01
4.050702638550263135e-02 -2.187864437734126921e-01
4.509775855592612626e-02 -2.289857270853515592e-01
4.992888225905456334e-02 -2.389226763876252657e-01
5.499918128533154427e-02 -2.485934207883205294e-01
6.030737921409157209e-02 -2.579943733161527697e-01
6.585213973489323358e-02 -2.671220721816914279e-01
7.163206698392743377e-02 -2.759730317523853560e-01
7.764570589541863743e-02 -2.845436076868114172e-01
8.389154256793041053e-02 -2.928298802104392640e-01
9.036800464548166989e-02 -3.008275589338825773e-01
9.707346171337882801e-02 -3.085319119315378944e-01
1.040062257086641351e-01 -3.159377210332767194e-01
1.111645513450765232e-01 -3.230392644566602023e-01
1.185466365524179277e-01 -3.298303270462213943e-01
1.261506229302150617e-01 -3.363042375153104113e-01
1.339745962155614034e-01 -3.424539312310668215e-01
1.420165867650229341e-01 -3.482720362704398998e-01
1.502745700504856119e-01 -3.537509797301223169e-01
1.587464671688187945e-01 -3.588831106195225495e-01
1.674301453652287108e-01 -3.636608351248337145e-01
1.763234185701672008e-01 -3.680767596222583871e-01
1.854240479496642724e-01 -3.721238365542636761e-01
1.947297424689413692e-01 -3.757955081749967396e-01
2.042381594691679014e-01 -3.790858432257250277e-01
2.139469052572124941e-01 -3.819896618195544047e-01
2.238535357082431787e-01 -3.845026441928371952e-01
2.339555568810219865e-01 -3.866214195096296380e-01
2.442504256457417311e-01 -3.883436315713187925e-01
2.547355503242452190e-01 -3.896679790673636123e-01
2.654082913424666845e-01 -3.905942288819436725e-01
2.762659618949298013e-01 -3.911232019182077080e-01
2.873058286211370715e-01 -3.912567318867507526e-01
2.985251122936787294e-01 -3.909975984954170425e-01
3.099209885178879631e-01 -3.903494374396188071e-01
3.214905884428678196e-01 -3.893166304915722797e-01
3.332309994837083789e-01 -3.879041797892368582e-01
3.451392660547150104e-01 -3.861175710989140919e-01
3.572123903134606371e-01 -3.839626313396932167e-01
3.694473329154774888e-01 -3.814453859872354302e-01
3.818410137793947223e-01 -3.785719220975549137e-01
3.943903128623333920e-01 -3.753482625929380756e-01
4.070920709453594855e-01 -3.717802571230233721e-01
4.199430904288018462e-01 -3.678734942526480367e-01
4.329401361372292589e-01 -3.636332389405861898e-01
4.460799361338897429e-01 -3.590643982741772433e-01
4.593591825444023335e-01 -3.541715172370153430e-01
4.727745323894976259e-01 -3.489588049416963988e-01
4.863226084265935834e-01 -3.434301902966618858e-01
5.000000000000001110e-01 -3.375894045427910717e-01
5.138032638995313484e-01 -3.314400865459289358e-01
5.277289252273172915e-01 -3.249859052265131609e-01
5.417734782725895926e-01 -3.182306921123523313e-01
5.559333873942259308e-01 -3.111785757844852118e-01
5.702050879108284676e-01 -3.038341090200996075e-01
5.845849869981135649e-01 -2.962023787921817530e-01
5.990694645933862805e-01 -2.882890890329642963e-01
6.136548743068714895e-01 -2.801006062738771174e-01
6.283375443396724824e-01 -2.716439589997373116e-01
6.431137784081281117e-01 -2.629267828529531781e-01
6.579798566743311206e-01 -2.539572057387184945e-01
6.729320366825783939e-01 -2.447436694472130692e-01
6.879665543015128781e-01 -2.352946876431388501e-01
7.030796246717250231e-01 -2.256185439809784699e-01
7.182674431585703845e-01 -2.157229386742587907e-01
7.335261863099650226e-01 -2.056145970493033492e-01
7.488520128189207758e-01 -1.952988594004299028e-01
7.642410644905727191e-01 -1.847792777671624087e-01
7.796894672134594417e-01 -1.740572519883066549e-01
7.951933319348093443e-01 -1.631317444471157008e-01
8.107487556395898132e-01 -1.519991201820692361e-01
8.263518223330695855e-01 -1.406531663573491187e-01
8.419986040266501659e-01 -1.290853523080981169e-01
8.576851617267149397e-01 -1.172853983260228328e-01
8.734075464262507360e-01 -1.052422278468924388e-01
8.891618000989889303e-01 -9.294538354985763806e-02
9.049439566958173975e-01 -8.038699287992025211e-02
9.207500431432115162e-01 -6.756437245725997742e-02
9.365760803434354242e-01 -5.448336353928928677e-02
9.524180841762578398e-01 -4.116249195698153812e-02
9.682720665019324269e-01 -2.763804556882827612e-02
9.841340361651920166e-01 -1.397016008958304120e-02
9.999999999999998890e-01 -2.500000000000959029e-04
