9.999999999999998890e-01 2.500000000002783741e-04
9.841340361651920166e-01 3.530925192510298710e-02
9.682720665019324269e-01 6.228809945135106024e-02
9.524180841762578398e-01 8.297244167237005641e-02
9.365760803434354242e-01 9.882360800489965735e-02
9.207500431432115162e-01 1.110236750699540725e-01
9.049439566958173975e-01 1.205165403230825938e-01
8.891618000989889303e-01 1.280448649273928929e-01
8.734075464262507360e-01 1.341830367814221547e-01
8.576851617267149397e-01 1.393663367900387362e-01
8.419986040266501659e-01 1.439165175504573124e-01
8.263518223330695855e-01 1.480640238446718493e-01
8.107487556395898132e-01 1.519670989795479377e-01
7.951933319348093443e-01 1.557280304498821766e-01
7.796894672134594417e-01 1.594067930191923055e-01
7.642410644905727191e-01 1.630323475567796720e-01
7.488520128189207758e-01 1.666118503042270105e-01
7.335261863099650226e-01 1.701380201542818105e-01
7.182674431585703845e-01 1.735949015027593856e-01
7.030796246717250231e-01 1.769622477720375897e-01
6.879665543015128781e-01 1.802187362866697895e-01
6.729320366825783939e-01 1.833442092754848374e-01
6.579798566743311206e-01 1.863211188255945450e-01
6.431137784081281117e-01 1.891353360392071248e-01
6.283375443396724824e-01 1.917764668283555018e-01
6.136548743068714895e-01 1.942377990732793158e-01
5.990694645933862805e-01 1.965159885754700353e-01
5.845849869981135649e-01 1.986105746231907887e-01
5.702050879108284676e-01 2.005234002802029347e-01
5.559333873942259308e-01 2.022579978896435482e-01
5.417734782725895926e-01 2.038189868949539241e-01
5.277289252273172915e-01 2.052115190185887228e-01
5.138032638995313484e-01 2.064407951688309872e-01
5.000000000000001110e-01 2.075116691916695788e-01
4.863226084265935834e-01 2.084283457420960384e-01
4.727745323894976259e-01 2.091941730820264245e-01
4.593591825444023335e-01 2.098115264597130158e-01
4.460799361338897429e-01 2.102817738059320762e-01
4.329401361372292589e-01 2.106053126960278077e-01
4.199430904288018462e-01 2.107816657612598399e-01
4.070920709453594855e-01 2.108096208656541348e-01
3.943903128623333920e-01 2.106874022678259240e-01
3.818410137793947223e-01 2.104128595310706396e-01
3.694473329154774888e-01 2.099836620006076127e-01
3.572123903134606371e-01 2.093974881095199414e-01
3.451392660547150104e-01 2.086522004866555591e-01
3.332309994837083789e-01 2.077459997113721979e-01
3.214905884428678196e-01 2.066775514929846402e-01
3.099209885178879631e-01 2.054460839605201372e-01
2.985251122936787294e-01 2.040514535572054977e-01
2.873058286211370715e-01 2.024941796837189389e-01
2.762659618949298013e-01 2.007754496778881570e-01
2.654082913424666845e-01 1.988970969227998042e-01
2.547355503242452190e-01 1.968615558195638826e-01
2.442504256457417311e-01 1.946717980365963996e-01
2.339555568810219865e-01 1.923312548564344304e-01
2.238535357082431787e-01 1.898437305956470478e-01
2.139469052572124941e-01 1.872133119933907519e-01
2.042381594691679014e-01 1.844442781763290240e-01
1.947297424689413692e-01 1.815410153438845320e-01
1.854240479496642724e-01 1.785079397135500567e-01
1.763234185701672008e-01 1.753494315587092178e-01
1.674301453652287108e-01 1.720697823991241826e-01
1.587464671688187945e-01 1.686731566041246855e-01
1.502745700504856119e-01 1.651635678757586712e-01
1.420165867650229341e-01 1.615448703258176855e-01
1.339745962155614034e-01 1.578207631748466955e-01
1.261506229302150617e-01 1.539948075064453969e-01
1.185466365524179277e-01 1.500704530246897428e-01
1.111645513450765232e-01 1.460510723992402005e-01
1.040062257086641351e-01 1.419400005490306094e-01
9.707346171337882801e-02 1.377405761133104201e-01
9.036800464548166989e-02 1.334561823850336504e-01
8.389154256793041053e-02 1.290902851282309527e-01
7.764570589541863743e-02 1.246464649559469728e-01
7.163206698392743377e-02 1.201284422929506657e-01
6.585213973489323358e-02 1.155400933693319088e-01
6.030737921409157209e-02 1.108854561668943250e-01
5.499918128533154427e-02 1.061687257484159180e-01
4.992888225905456334e-02 1.013942389185124721e-01
4.509775855592612626e-02 9.656644867260109899e-02
4.050702638550263135e-02 9.168988936714936311e-02
3.615784144005795842e-02 8.676913397172840436e-02
3.205129860364375194e-02 8.180874512554230094e-02
2.818843167645834757e-02 7.681322200525553257e-02
2.457021311459295365e-02 7.178694520754184960e-02
2.119755378522125699e-02 6.673412195288554172e-02
1.807130273729329328e-02 6.165873392448142920e-02
1.519224698779197968e-02 5.656448996898078702e-02
1.256111132360571148e-02 5.145478570919492095e-02
1.017855811906731578e-02 4.633267186084241013e-02
8.045187169204659483e-03 4.120083271704612360e-02
6.161535538745877005e-03 3.606157587904203210e-02
4.528077426915411152e-03 3.091683388483792636e-02
3.145224048057615462e-03 2.576817793612137808e-02
2.013323528115562588e-03 2.061684346497079726e-02
1.132660816992037134e-03 1.546376683345190677e-02
5.034576168149174080e-04 1.030963203794819580e-02
1.258723261249317105e-04 5.154925911933093581e-03
0.000000000000000000e+00 0.000000000000000000e+00
1.258723261249317105e-04 -4.867862573973599262e-03
5.034576168149174080e-04 -9.721233977740875373e-03
1.132660816992037134e-03 -1.454575909899562432e-02
2.013323528115562588e-03 -1.932747526171713082e-02
3.145224048057615462e-03 -2.405299471114357920e-02
4.528077426915411152e-03 -2.870967110254477733e-02
6.161535538745877005e-03 -3.328574546641618198e-02
8.045187169204659483e-03 -3.777046777877068190e-02
1.017855811906731578e-02 -4.215419104438683506e-02
1.256111132360571148e-02 -4.642843567783206532e-02
1.519224698779197968e-02 -5.058592291321443307e-02
1.807130273729329328e-02 -5.462057695794465123e-02
2.119755378522125699e-02 -5.852749659602621279e-02
2.457021311459295365e-02 -6.230289790984167020e-02
2.818843167645834757e-02 -6.594403069415714913e-02
3.205129860364375194e-02 -6.944907195193009142e-02
3.615784144005795842e-02 -7.281700056106188423e-02
4.050702638550263135e-02 -7.604745776072817376e-02
4.509775855592612626e-02 -7.914059850608708147e-02
4.992888225905456334e-02 -8.209693896691021286e-02
5.499918128533154427e-02 -8.491720549062010959e-02
6.030737921409157209e-02 -8.760219021101303682e-02
6.585213973489323358e-02 -9.015261816450462207e-02
7.163206698392743377e-02 -9.256903028614507645e-02
7.764570589541863743e-02 -9.485168601400463528e-02
8.389154256793041053e-02 -9.700048845444116108e-02
9.036800464548166989e-02 -9.901493417880768977e-02
9.707346171337882801e-02 -1.008940887650560531e-01
1.040062257086641351e-01 -1.026365881993644702e-01
1.111645513450765232e-01 -1.042406652494209662e-01
1.185466365524179277e-01 -1.057041989493389539e-01
1.261506229302150617e-01 -1.070247844330795700e-01
1.339745962155614034e-01 -1.081998195538539098e-01
1.420165867650229341e-01 -1.092266040635727631e-01
1.502745700504856119e-01 -1.101024466272308017e-01
1.587464671688187945e-01 -1.108247746351717078e-01
1.674301453652287108e-01 -1.113912416682644041e-01
1.763234185701672008e-01 -1.117998275768398303e-01
1.854240479496642724e-01 -1.120489264557503750e-01
1.947297424689413692e-01 -1.121374183289303578e-01
2.042381594691679014e-01 -1.120647210827946383e-01
2.139469052572124941e-01 -1.118308200859141482e-01
2.238535357082431787e-01 -1.114362739719571421e-01
2.339555568810219865e-01 -1.108821962059723248e-01
2.442504256457417311e-01 -1.101702132565252346e-01
2.547355503242452190e-01 -1.093024014087302237e-01
2.654082913424666845e-01 -1.082812054230203463e-01
2.762659618949298013e-01 -1.071093433168434778e-01
2.873058286211370715e-01 -1.057897024666559493e-01
2.985251122936787294e-01 -1.043252329429422559e-01
3.099209885178879631e-01 -1.027188444530469924e-01
3.214905884428678196e-01 -1.009733134332639198e-01
3.332309994837083789e-01 -9.909120666934530253e-02
3.451392660547150104e-01 -9.707482731046776503e-02
3.572123903134606371e-01 -9.492618826543160193e-02
3.694473329154774888e-01 -9.264701673553711603e-02
3.818410137793947223e-01 -9.023879206608270698e-02
3.943903128623333920e-01 -8.770281722465060603e-02
4.070920709453594855e-01 -8.504032209394021824e-02
4.199430904288018462e-01 -8.225259447259052059e-02
4.329401361372292589e-01 -7.934113229985401139e-02
4.460799361338897429e-01 -7.630780826701759334e-02
4.593591825444023335e-01 -7.315503577403434377e-02
4.727745323894976259e-01 -6.988592327208995036e-02
4.863226084265935834e-01 -6.650440255187783922e-02
5.000000000000001110e-01 -6.301531565233960130e-02
5.138032638995313484e-01 -5.942444494036788760e-02
5.277289252273172915e-01 -5.573847171507468473e-02
5.417734782725895926e-01 -5.196485058485254133e-02
5.559333873942259308e-01 -4.811159000858278995e-02
5.702050879108284676e-01 -4.418693392893746630e-02
5.845849869981135649e-01 -4.019894548355246178e-02
5.990694645933862805e-01 -3.615500146433598544e-02
6.136548743068714895e-01 -3.206121558420223921e-02
6.283375443396724824e-01 -2.792181974939519917e-02
6.431137784081281117e-01 -2.373854543227015695e-02
6.579798566743311206e-01 -1.951006186019857772e-02
6.729320366825783939e-01 -1.523154400182786736e-02
6.879665543015128781e-01 -1.089446111413913849e-02
7.030796246717250231e-01 -6.486695733161678724e-03
7.182674431585703845e-01 -1.993123215492799676e-03
7.335261863099650226e-01 2.603197018992268932e-03
7.488520128189207758e-01 7.319045869767941415e-03
7.642410644905727191e-01 1.216809027798546571e-02
7.796894672134594417e-01 1.715673474140596427e-02
7.951933319348093443e-01 2.227854264898271666e-02
8.107487556395898132e-01 2.750697239678278130e-02
8.263518223330695855e-01 3.278615610070993724e-02
8.419986040266501659e-01 3.801943407924249924e-02
8.576851617267149397e-01 4.305534674360787101e-02
8.734075464262507360e-01 4.767077771399012148e-02
8.891618000989889303e-01 5.155093848645985605e-02
9.049439566958173975e-01 5.426588640042852296e-02
9.207500431432115162e-01 5.524327456880407522e-02
9.365760803434354242e-01 5.373704536262455950e-02
9.524180841762578398e-01 4.879179846774309159e-02
9.682720665019324269e-01 3.920259086835554269e-02
9.841340361651920166e-01 2.346995969965717799e-02
9.999999999999998890e-01 -2.499999999998011083e-04
