9.999999999999998890e-01 2.500000000001358557e-04
9.841340361651920166e-01 1.935285412508051459e-02
9.682720665019324269e-01 3.786232927950500260e-02
9.524180841762578398e-01 5.583038842749572794e-02
9.365760803434354242e-01 7.329316301405967848e-02
9.207500431432115162e-01 9.027419806607066277e-02
9.049439566958173975e-01 1.067872964391699403e-01
8.891618000989889303e-01 1.228389802407673370e-01
8.734075464262507360e-01 1.384305905784129487e-01
8.576851617267149397e-01 1.535600492910465797e-01
8.419986040266501659e-01 1.682233082363336907e-01
8.263518223330695855e-01 1.824155130559844129e-01
8.107487556395898132e-01 1.961319091544792559e-01
7.951933319348093443e-01 2.093685179423206422e-01
7.796894672134594417e-01 2.221226112545705011e-01
7.642410644905727191e-01 2.343930113043234953e-01
7.488520128189207758e-01 2.461802426167054580e-01
7.335261863099650226e-01 2.574865611614189920e-01
7.182674431585703845e-01 2.683158844108786134e-01
7.030796246717250231e-01 2.786736443465680502e-01
6.879665543015128781e-01 2.885665835673887902e-01
6.729320366825783939e-01 2.980025126678348402e-01
6.579798566743311206e-01 3.069900449958019584e-01
6.431137784081281117e-01 3.155383228119199579e-01
6.283375443396724824e-01 3.236567467932714992e-01
6.136548743068714895e-01 3.313547187893151613e-01
5.990694645933862805e-01 3.386414057778601161e-01
5.845849869981135649e-01 3.455255311108696992e-01
5.702050879108284676e-01 3.520151974062550870e-01
5.559333873942259308e-01 3.581177438508096889e-01
5.417734782725895926e-01 3.638396392449008698e-01
5.277289252273172915e-01 3.691864108511433984e-01
5.138032638995313484e-01 3.741626080127061216e-01
5.000000000000001110e-01 3.787717985840561297e-01
4.863226084265935834e-01 3.830165954662970162e-01
4.727745323894976259e-01 3.868987099560954324e-01
4.593591825444023335e-01 3.904190281941279927e-01
4.460799361338897429e-01 3.935777067261430062e-01
4.329401361372292589e-01 3.963742830553817487e-01
4.199430904288018462e-01 3.988077970558467911e-01
4.070920709453594855e-01 4.008769192172409457e-01
3.943903128623333920e-01 4.025800818890201138e-01
3.818410137793947223e-01 4.039156099672231992e-01
3.694473329154774888e-01 4.048818478078326510e-01
3.572123903134606371e-01 4.054772795389177120e-01
3.451392660547150104e-01 4.057006403658320326e-01
3.332309994837083789e-01 4.055510169052563563e-01
3.214905884428678196e-01 4.050279350318334304e-01
3.099209885178879631e-01 4.041314341637898266e-01
2.985251122936787294e-01 4.028621273408296011e-01
2.873058286211370715e-01 4.012212468497259876e-01
2.762659618949298013e-01 3.992106755229937742e-01
2.654082913424666845e-01 3.968329641678139397e-01
2.547355503242452190e-01 3.940913358716362502e-01
2.442504256457417311e-01 3.909896781745986760e-01
2.339555568810219865e-01 3.875325242955648397e-01
2.238535357082431787e-01 3.837250247478912191e-01
2.139469052572124941e-01 3.795729107839518890e-01
2.042381594691679014e-01 3.750824511658782390e-01
1.947297424689413692e-01 3.702604037768225664e-01
1.854240479496642724e-01 3.651139635658637306e-01
1.763234185701672008e-01 3.596507082646600573e-01
1.674301453652287108e-01 3.538785432296964739e-01
1.587464671688187945e-01 3.478056466553423043e-01
1.502745700504856119e-01 3.414404162749536398e-01
1.420165867650229341e-01 3.347914185248815899e-01
1.339745962155614034e-01 3.278673409943841932e-01
1.261506229302150617e-01 3.206769488276709490e-01
1.185466365524179277e-01 3.132290455869676804e-01
1.111645513450765232e-01 3.055324389314206246e-01
1.040062257086641351e-01 2.975959113193225036e-01
9.707346171337882801e-02 2.894281958034401470e-01
9.036800464548166989e-02 2.810379568635246739e-01
8.389154256793041053e-02 2.724337761082860077e-01
7.764570589541863743e-02 2.636241425824822349e-01
7.163206698392743377e-02 2.546174473341558109e-01
6.585213973489323358e-02 2.454219818327625369e-01
6.030737921409157209e-02 2.360459397808597759e-01
5.499918128533154427e-02 2.264974218296797737e-01
4.992888225905456334e-02 2.167844426914486422e-01
4.509775855592612626e-02 2.069149401376341457e-01
4.050702638550263135e-02 1.968967853810644486e-01
3.615784144005795842e-02 1.867377943596016943e-01
3.205129860364375194e-02 1.764457394681543390e-01
2.818843167645834757e-02 1.660283613226708477e-01
2.457021311459295365e-02 1.554933801827221851e-01
2.119755378522125699e-02 1.448485067067794840e-01
1.807130273729329328e-02 1.341014517648101700e-01
1.519224698779197968e-02 1.232599350849710867e-01
1.256111132360571148e-02 1.123316925637058150e-01
1.017855811906731578e-02 1.013244821203389961e-01
8.045187169204659483e-03 9.024608802735188673e-02
6.161535538745877005e-03 7.910432369512884754e-02
4.528077426915411152e-03 6.790703293439864785e-02
3.145224048057615462e-03 5.666208976041688800e-02
2.013323528115562588e-03 4.537739683966829363e-02
1.132660816992037134e-03 3.406088271233256165e-02
5.034576168149174080e-04 2.272049795171459177e-02
1.258723261249317105e-04 1.136421044519800826e-02
0.000000000000000000e+00 0.000000000000000000e+00
1.258723261249317105e-04 -1.094449971674438249e-02
5.034576168149174080e-04 -2.186402435421916715e-02
1.132660816992037134e-03 -3.273381960492292159e-02
2.013323528115562588e-03 -4.352969164078220737e-02
3.145224048057615462e-03 -5.422827017553626117e-02
4.528077426915411152e-03 -6.480725144678839422e-02
6.161535538745877005e-03 -7.524561531089178634e-02
8.045187169204659483e-03 -8.552381137112476106e-02
1.017855811906731578e-02 -9.562390992889527319e-02
1.256111132360571148e-02 -1.055297145341140413e-01
1.519224698779197968e-02 -1.152268339861141633e-01
1.807130273729329328e-02 -1.247027127696078985e-01
2.119755378522125699e-02 -1.339466200686088848e-01
2.457021311459295365e-02 -1.429495986514615347e-01
2.818843167645834757e-02 -1.517043760288426246e-01
3.205129860364375194e-02 -1.602052413215551419e-01
3.615784144005795842e-02 -1.684478922059049200e-01
4.050702638550263135e-02 -1.764292571040921298e-01
4.509775855592612626e-02 -1.841472984317182593e-01
4.992888225905456334e-02 -1.916008031849682214e-01
5.499918128533154427e-02 -1.987891674320479973e-01
6.030737921409157209e-02 -2.057121813582515613e-01
6.585213973489323358e-02 -2.123698213986136840e-01
7.163206698392743377e-02 -2.187620556793598847e-01
7.764570589541863743e-02 -2.248886684881519216e-01
8.389154256793041053e-02 -2.307491088179527416e-01
9.036800464548166989e-02 -2.363423672001456755e-01
9.707346171337882801e-02 -2.416668840841174892e-01
1.040062257086641351e-01 -2.467204919618457004e-01
1.111645513450765232e-01 -2.515003923095526228e-01
1.185466365524179277e-01 -2.560031672591325802e-01
1.261506229302150617e-01 -2.602248247563038741e-01
1.339745962155614034e-01 -2.641608748472011881e-01
1.420165867650229341e-01 -2.678064336967261871e-01
1.502745700504856119e-01 -2.711563510149418432e-01
1.587464671688187945e-01 -2.742053557838810551e-01
1.674301453652287108e-01 -2.769482145641741777e-01
1.763234185701672008e-01 -2.793798962419343779e-01
1.854240479496642724e-01 -2.814957368687425743e-01
1.947297424689413692e-01 -2.832915982623522289e-01
2.042381594691679014e-01 -2.847640142769873317e-01
2.139469052572124941e-01 -2.859103191166638691e-01
2.238535357082431787e-01 -2.867287527422350268e-01
2.339555568810219865e-01 -2.872185392948561899e-01
2.442504256457417311e-01 -2.873799355002361611e-01
2.547355503242452190e-01 -2.872142471976615874e-01
2.654082913424666845e-01 -2.867238134177886866e-01
2.762659618949298013e-01 -2.859119587709626487e-01
2.873058286211370715e-01 -2.847829162568918382e-01
2.985251122936787294e-01 -2.833417239177432045e-01
3.099209885178879631e-01 -2.815940999798483002e-01
3.214905884428678196e-01 -2.795463022142110066e-01
3.332309994837083789e-01 -2.772049781448597816e-01
3.451392660547150104e-01 -2.745770134022910147e-01
3.572123903134606371e-01 -2.716693859175612902e-01
3.694473329154774888e-01 -2.684890337485396627e-01
3.818410137793947223e-01 -2.650427440993107231e-01
3.943903128623333920e-01 -2.613370705222427537e-01
4.070920709453594855e-01 -2.573782843762600359e-01
4.199430904288018462e-01 -2.531723653625985726e-01
4.329401361372292589e-01 -2.487250343916609652e-01
4.460799361338897429e-01 -2.440418301852577410e-01
4.593591825444023335e-01 -2.391282289344702772e-01
4.727745323894976259e-01 -2.339898040743007557e-01
4.863226084265935834e-01 -2.286324208741966069e-01
5.000000000000001110e-01 -2.230624581617345614e-01
5.138032638995313484e-01 -2.172870471885083310e-01
5.277289252273172915e-01 -2.113143155141297691e-01
5.417734782725895926e-01 -2.051536219341024980e-01
5.559333873942259308e-01 -1.988157670219402318e-01
5.702050879108284676e-01 -1.923131629084284255e-01
5.845849869981135649e-01 -1.856599455930145470e-01
5.990694645933862805e-01 -1.788720134810400375e-01
6.136548743068714895e-01 -1.719669770653151353e-01
6.283375443396724824e-01 -1.649640068098371937e-01
6.431137784081281117e-01 -1.578835694215848240e-01
6.579798566743311206e-01 -1.507470468702679645e-01
6.729320366825783939e-01 -1.435762377723399930e-01
6.879665543015128781e-01 -1.363927471080400577e-01
7.030796246717250231e-01 -1.292172776766579156e-01
7.182674431585703845e-01 -1.220688451758256826e-01
7.335261863099650226e-01 -1.149639482462265633e-01
7.488520128189207758e-01 -1.079157351538710674e-01
7.642410644905727191e-01 -1.009332198570262878e-01
7.796894672134594417e-01 -9.402061186171935259e-02
7.951933319348093443e-01 -8.717683631566584823e-02
8.107487556395898132e-01 -8.039533300335034716e-02
8.263518223330695855e-01 -7.366423503544215767e-02
8.419986040266501659e-01 -6.696703979979391763e-02
8.576851617267149397e-01 -6.028389586383591653e-02
8.734075464262507360e-01 -5.359363967701238907e-02
8.891618000989889303e-01 -4.687672479238502721e-02
9.049439566958173975e-01 -4.011919357687630805e-02
9.207500431432115162e-01 -3.331784667673055866e-02
9.365760803434354242e-01 -2.648676852038253995e-02
9.524180841762578398e-01 -1.966536755824297225e-02
9.682720665019324269e-01 -1.292808745937513125e-02
9.841340361651920166e-01 -6.395939835297075222e-03
9.999999999999998890e-01 -2.500000000000410965e-04
