9.999999999999998890e-01 2.500000000001055523e-04
9.841340361651920166e-01 1.517038778933468834e-02
9.682720665019324269e-01 2.975730971541280453e-02
9.524180841762578398e-01 4.400799561560359008e-02
9.365760803434354242e-01 5.792133460551840418e-02
9.207500431432115162e-01 7.149745589110223509e-02
9.049439566958173975e-01 8.473737093284712529e-02
8.891618000989889303e-01 9.764267263156339860e-02
8.734075464262507360e-01 1.102152869211325825e-01
8.576851617267149397e-01 1.224572719743676485e-01
8.419986040266501659e-01 1.343706601462643091e-01
8.263518223330695855e-01 1.459573377862982690e-01
8.107487556395898132e-01 1.572189581389347168e-01
7.951933319348093443e-01 1.681568827095443475e-01
7.796894672134594417e-01 1.787721466914412860e-01
7.642410644905727191e-01 1.890654443185977862e-01
7.488520128189207758e-01 1.990371303175643702e-01
7.335261863099650226e-01 2.086872339712640689e-01
7.182674431585703845e-01 2.180154826670103185e-01
7.030796246717250231e-01 2.270213321722115429e-01
6.879665543015128781e-01 2.357040012552750474e-01
6.729320366825783939e-01 2.440625086384742293e-01
6.579798566743311206e-01 2.520957106270555470e-01
6.431137784081281117e-01 2.598023380986247410e-01
6.283375443396724824e-01 2.671810318537419238e-01
6.136548743068714895e-01 2.742303756185426322e-01
5.990694645933862805e-01 2.809489262499083595e-01
5.845849869981135649e-01 2.873352409209899982e-01
5.702050879108284676e-01 2.933879012584257318e-01
5.559333873942259308e-01 2.991055345619371697e-01
5.417734782725895926e-01 3.044868323624794759e-01
5.277289252273172915e-01 3.095305666678372924e-01
5.138032638995313484e-01 3.142356043062373150e-01
5.000000000000001110e-01 3.186009198114519436e-01
4.863226084265935834e-01 3.226256072997628621e-01
4.727745323894976259e-01 3.263088917731190586e-01
4.593591825444023335e-01 3.296501402472516995e-01
4.460799361338897429e-01 3.326488730519081005e-01
4.329401361372292589e-01 3.353047755863644008e-01
4.199430904288018462e-01 3.376177107405345379e-01
4.070920709453594855e-01 3.395877321138109917e-01
3.943903128623333920e-01 3.412150980835417791e-01
3.818410137793947223e-01 3.425002866958443692e-01
3.694473329154774888e-01 3.434440112760343555e-01
3.572123903134606371e-01 3.440472365867351390e-01
3.451392660547150104e-01 3.443111953007732540e-01
3.332309994837083789e-01 3.442374045049041431e-01
3.214905884428678196e-01 3.438276819104776894e-01
3.099209885178879631e-01 3.430841614191691979e-01
2.985251122936787294e-01 3.420093076762738549e-01
2.873058286211370715e-01 3.406059292408194494e-01
2.762659618949298013e-01 3.388771900105559953e-01
2.654082913424666845e-01 3.368266185600526375e-01
2.547355503242452190e-01 3.344581150807298120e-01
2.442504256457417311e-01 3.317759556514550678e-01
2.339555568810219865e-01 3.287847936159409290e-01
2.238535357082431787e-01 3.254896578970334908e-01
2.139469052572124941e-01 3.218959481364344621e-01
2.042381594691679014e-01 3.180094266097238664e-01
1.947297424689413692e-01 3.138362069290606127e-01
1.854240479496642724e-01 3.093827396079562031e-01
1.763234185701672008e-01 3.046557946224647262e-01
1.674301453652287108e-01 2.996624411595552040e-01
1.587464671688187945e-01 2.944100247950289795e-01
1.502745700504856119e-01 2.889061423890002533e-01
1.420165867650229341e-01 2.831586150257424661e-01
1.339745962155614034e-01 2.771754593559362378e-01
1.261506229302150617e-01 2.709648577225460819e-01
1.185466365524179277e-01 2.645351274664630714e-01
1.111645513450765232e-01 2.578946898146425859e-01
1.040062257086641351e-01 2.510520387519371011e-01
9.707346171337882801e-02 2.440157102685427126e-01
9.036800464548166989e-02 2.367942523585062353e-01
8.389154256793041053e-02 2.293961961217884649e-01
7.764570589541863743e-02 2.218300282937832046e-01
7.163206698392743377e-02 2.141041654928829696e-01
6.585213973489323358e-02 2.062269304396715519e-01
6.030737921409157209e-02 1.982065303616379615e-01
5.499918128533154427e-02 1.900510377560025721e-01
4.992888225905456334e-02 1.817683736413466811e-01
4.509775855592612626e-02 1.733662933872174572e-01
4.050702638550263135e-02 1.648523751706368889e-01
3.615784144005795842e-02 1.562340110703083484e-01
3.205129860364375194e-02 1.475184007739451242e-01
2.818843167645834757e-02 1.387125478421565028e-01
2.457021311459295365e-02 1.298232584441106341e-01
2.119755378522125699e-02 1.208571424560813679e-01
1.807130273729329328e-02 1.118206167940930945e-01
1.519224698779197968e-02 1.027199108362521623e-01
1.256111132360571148e-02 9.356107377884877174e-02
1.017855811906731578e-02 8.434998376270942677e-02
8.045187169204659483e-03 7.509235860222369940e-02
6.161535538745877005e-03 6.579376794853993016e-02
4.528077426915411152e-03 5.645964672009508994e-02
3.145224048057615462e-03 4.709530963741704462e-02
2.013323528115562588e-03 3.770596670435719805e-02
1.132660816992037134e-03 2.829673948407889633e-02
5.034576168149174080e-04 1.887267802462417113e-02
1.258723261249317105e-04 9.438778295199188109e-03
0.000000000000000000e+00 0.000000000000000000e+00
1.258723261249317105e-04 -8.990167105786392096e-03
5.034576168149174080e-04 -1.795805804286830509e-02
1.132660816992037134e-03 -2.688159128290094207e-02
2.013323528115562588e-03 -3.573919440853663004e-02
3.145224048057615462e-03 -4.451004369574288605e-02
4.528077426915411152e-03 -5.317428617271104802e-02
6.161535538745877005e-03 -6.171323905730407428e-02
8.045187169204659483e-03 -7.010956208557721225e-02
1.017855811906731578e-02 -7.834739897498796402e-02
1.256111132360571148e-02 -8.641248509736074168e-02
1.519224698779197968e-02 -9.429221934556421270e-02
1.807130273729329328e-02 -1.019756991390324413e-01
2.119755378522125699e-02 -1.094537185001806245e-01
2.457021311459295365e-02 -1.167187301189796522e-01
2.818843167645834757e-02 -1.237647732791091609e-01
3.205129860364375194e-02 -1.305873704195071039e-01
3.615784144005795842e-02 -1.371833959245835899e-01
4.050702638550263135e-02 -1.435509214518310983e-01
4.509775855592612626e-02 -1.496890426968329746e-01
4.992888225905456334e-02 -1.555976929459299829e-01
5.499918128533154427e-02 -1.612774490631349311e-01
6.030737921409157209e-02 -1.667293356916350888e-01
6.585213973489323358e-02 -1.719546334173198687e-01
7.163206698392743377e-02 -1.769546964428222180e-01
7.764570589541863743e-02 -1.817307849609595682e-01
8.389154256793041053e-02 -1.862839169061906996e-01
9.036800464548166989e-02 -1.906147431161986094e-01
9.707346171337882801e-02 -1.947234491714440463e-01
1.040062257086641351e-01 -1.986096863205658591e-01
1.111645513450765232e-01 -2.022725329689043228e-01
1.185466365524179277e-01 -2.057104872336036339e-01
1.261506229302150617e-01 -2.089214900806972974e-01
1.339745962155614034e-01 -2.119029775870835408e-01
1.420165867650229341e-01 -2.146519599430702918e-01
1.502745700504856119e-01 -2.171651239580047466e-01
1.587464671688187945e-01 -2.194389550794468013e-01
1.674301453652287108e-01 -2.214698743097900657e-01
1.763234185701672008e-01 -2.232543849242804301e-01
1.854240479496642724e-01 -2.247892235779863912e-01
1.947297424689413692e-01 -2.260715102487978745e-01
2.042381594691679014e-01 -2.270988915061360192e-01
2.139469052572124941e-01 -2.278696718224273166e-01
2.238535357082431787e-01 -2.283829280524900529e-01
2.339555568810219865e-01 -2.286386027850049740e-01
2.442504256457417311e-01 -2.286375730047108257e-01
2.547355503242452190e-01 -2.283816913730473686e-01
2.654082913424666845e-01 -2.278737984128403338e-01
2.762659618949298013e-01 -2.271177049391473468e-01
2.873058286211370715e-01 -2.261181451797667774e-01
2.985251122936787294e-01 -2.248807021386795002e-01
3.099209885178879631e-01 -2.234117078355888630e-01
3.214905884428678196e-01 -2.217181220658778484e-01
3.332309994837083789e-01 -2.198073942293668204e-01
3.451392660547150104e-01 -2.176873135365924028e-01
3.572123903134606371e-01 -2.153658534842883554e-01
3.694473329154774888e-01 -2.128510168678258985e-01
3.818410137793947223e-01 -2.101506877433873266e-01
3.943903128623333920e-01 -2.072724966488377063e-01
4.070920709453594855e-01 -2.042237050292222411e-01
4.199430904288018462e-01 -2.010111141883504093e-01
4.329401361372292589e-01 -1.976410032086674817e-01
4.460799361338897429e-01 -1.941190991635178553e-01
4.593591825444023335e-01 -1.904505816144310970e-01
4.727745323894976259e-01 -1.866401218762428205e-01
4.863226084265935834e-01 -1.826919558889678330e-01
5.000000000000001110e-01 -1.786099878104248639e-01
5.138032638995313484e-01 -1.743979196986979729e-01
5.277289252273172915e-01 -1.700594009565603582e-01
5.417734782725895926e-01 -1.655981896346203908e-01
5.559333873942259308e-01 -1.610183163138875218e-01
5.702050879108284676e-01 -1.563242401918432944e-01
5.845849869981135649e-01 -1.515209862595115198e-01
5.990694645933862805e-01 -1.466142521594106796e-01
6.136548743068714895e-01 -1.416104735307935347e-01
6.283375443396724824e-01 -1.365168374482871039e-01
6.431137784081281117e-01 -1.313412350036309573e-01
6.579798566743311206e-01 -1.260921462177122532e-01
6.729320366825783939e-01 -1.207784533387085413e-01
6.879665543015128781e-01 -1.154091822041706655e-01
7.030796246717250231e-01 -1.099931757258061915e-01
7.182674431585703845e-01 -1.045387086826288087e-01
7.335261863099650226e-01 -9.905305884826166862e-02
7.488520128189207758e-01 -9.354205597793877058e-02
7.642410644905727191e-01 -8.800963726503606421e-02
7.796894672134594417e-01 -8.245744544890527827e-02
7.951933319348093443e-01 -7.688451369695034621e-02
8.107487556395898132e-01 -7.128708955489433674e-02
8.263518223330695855e-01 -6.565865850088392630e-02
8.419986040266501659e-01 -5.999023577411900093e-02
8.576851617267149397e-01 -5.427100298367840137e-02
8.734075464262507360e-01 -4.848937333122361332e-02
8.891618000989889303e-01 -4.263457588494214134e-02
9.049439566958173975e-01 -3.669885499703715026e-02
9.207500431432115162e-01 -3.068038543570310306e-02
9.365760803434354242e-01 -2.458700687821712208e-02
9.524180841762578398e-01 -1.844088286327992890e-02
9.682720665019324269e-01 -1.228418891680865474e-02
9.841340361651920166e-01 -6.185932149529962953e-03
9.999999999999998890e-01 -2.500000000000406086e-04
