9.999999999999998890e-01 2.500000000001229537e-04
9.841340361651920166e-01 1.768307529649673984e-02
9.682720665019324269e-01 3.480937617057739547e-02
9.524180841762578398e-01 5.159587817825687928e-02
9.365760803434354242e-01 6.802160941347559775e-02
9.207500431432115162e-01 8.407469844822347549e-02
9.049439566958173975e-01 9.974990729633159692e-02
8.891618000989889303e-01 1.150466059430955007e-01
8.734075464262507360e-01 1.299671437358225212e-01
8.576851617267149397e-01 1.445155725933264523e-01
8.419986040266501659e-01 1.586966774814682901e-01
8.263518223330695855e-01 1.725152708258394785e-01
8.107487556395898132e-01 1.859757093950798745e-01
7.951933319348093443e-01 1.990815945894496841e-01
7.796894672134594417e-01 2.118356199082940539e-01
7.642410644905727191e-01 2.242395325468837797e-01
7.488520128189207758e-01 2.362941794902184700e-01
7.335261863099650226e-01 2.479996120353668565e-01
7.182674431585703845e-01 2.593552262969602284e-01
7.030796246717250231e-01 2.703599208516055397e-01
6.879665543015128781e-01 2.810122561831030485e-01
6.729320366825783939e-01 2.913106039370529921e-01
6.579798566743311206e-01 3.012532771255446717e-01
6.431137784081281117e-01 3.108386352946916897e-01
6.283375443396724824e-01 3.200651612441531846e-01
6.136548743068714895e-01 3.289315081425878695e-01
5.990694645933862805e-01 3.374365177999669174e-01
5.845849869981135649e-01 3.455792124296277468e-01
5.702050879108284676e-01 3.533587634613414297e-01
5.559333873942259308e-01 3.607744418607731207e-01
5.417734782725895926e-01 3.678255549868933993e-01
5.277289252273172915e-01 3.745113752996111489e-01
5.138032638995313484e-01 3.808310662427649151e-01
5.000000000000001110e-01 3.867836104043411161e-01
4.863226084265935834e-01 3.923677446311690797e-01
4.727745323894976259e-01 3.975819061861172732e-01
4.593591825444023335e-01 4.024241933197708621e-01
4.460799361338897429e-01 4.068923428233757189e-01
4.329401361372292589e-01 4.109837262723570750e-01
4.199430904288018462e-01 4.146953657949295491e-01
4.070920709453594855e-01 4.180239693407611923e-01
3.943903128623333920e-01 4.209659846096684976e-01
3.818410137793947223e-01 4.235176700555750573e-01
3.694473329154774888e-01 4.256751807280484412e-01
3.572123903134606371e-01 4.274346661698260053e-01
3.451392660547150104e-01 4.287923771665133055e-01
3.332309994837083789e-01 4.297447778521961692e-01
3.214905884428678196e-01 4.302886595155800964e-01
3.099209885178879631e-01 4.304212524247646998e-01
2.985251122936787294e-01 4.301403320900315519e-01
2.873058286211370715e-01 4.294443166046380544e-01
2.762659618949298013e-01 4.283323520318141342e-01
2.654082913424666845e-01 4.268043832275326133e-01
2.547355503242452190e-01 4.248612079864783064e-01
2.442504256457417311e-01 4.225045129547272960e-01
2.339555568810219865e-01 4.197368903476491608e-01
2.238535357082431787e-01 4.165618351257132645e-01
2.139469052572124941e-01 4.129837228946065530e-01
2.042381594691679014e-01 4.090077693904256573e-01
1.947297424689413692e-01 4.046399729679394097e-01
1.854240479496642724e-01 3.998870420139483128e-01
1.763234185701672008e-01 3.947563096445109165e-01
1.674301453652287108e-01 3.892556384025929739e-01
1.587464671688187945e-01 3.833933179424259818e-01
1.502745700504856119e-01 3.771779588622607982e-01
1.420165867650229341e-01 3.706183859248481927e-01
1.339745962155614034e-01 3.637235338843812227e-01
1.261506229302150617e-01 3.565023490221047031e-01
1.185466365524179277e-01 3.489636992853630826e-01
1.111645513450765232e-01 3.411162956340360042e-01
1.040062257086641351e-01 3.329686268338392097e-01
9.707346171337882801e-02 3.245289095095007514e-01
9.036800464548166989e-02 3.158050547955482679e-01
8.389154256793041053e-02 3.068046524127150398e-01
7.764570589541863743e-02 2.975349724688803876e-01
7.163206698392743377e-02 2.880029847503778329e-01
6.585213973489323358e-02 2.782153947477508105e-01
6.030737921409157209e-02 2.681786951643009842e-01
5.499918128533154427e-02 2.578992311999331877e-01
4.992888225905456334e-02 2.473832774993546535e-01
4.509775855592612626e-02 2.366371243135760027e-01
4.050702638550263135e-02 2.256671701559140597e-01
3.615784144005795842e-02 2.144800180452847982e-01
3.205129860364375194e-02 2.030825723251247494e-01
2.818843167645834757e-02 1.914821330281564205e-01
2.457021311459295365e-02 1.796864848252782421e-01
2.119755378522125699e-02 1.677039777486949712e-01
1.807130273729329328e-02 1.555435971102246406e-01
1.519224698779197968e-02 1.432150203386821641e-01
1.256111132360571148e-02 1.307286588265129113e-01
1.017855811906731578e-02 1.180956832949632551e-01
8.045187169204659483e-03 1.053280316471483929e-01
6.161535538745877005e-03 9.243839876651217813e-02
4.528077426915411152e-03 7.944020822070499421e-02
3.145224048057615462e-03 6.634756633395440251e-02
2.013323528115562588e-03 5.317519958055925283e-02
1.132660816992037134e-03 3.993837671481675899e-02
5.034576168149174080e-04 2.665281747572022242e-02
1.258723261249317105e-04 1.333459007656177114e-02
0.000000000000000000e+00 0.000000000000000000e+00
1.258723261249317105e-04 -1.317719854309736503e-02
5.034576168149174080e-04 -2.633163985646167632e-02
1.132660816992037134e-03 -3.944072802020406887e-02
2.013323528115562588e-03 -5.248231009362151755e-02
3.145224048057615462e-03 -6.543488394566862598e-02
4.528077426915411152e-03 -7.827779011397009712e-02
6.161535538745877005e-03 -9.099138307048212915e-02
8.045187169204659483e-03 -1.035571778480483124e-01
1.017855811906731578e-02 -1.159579686711157270e-01
1.256111132360571148e-02 -1.281779170163206694e-01
1.519224698779197968e-02 -1.402026073823717245e-01
1.807130273729329328e-02 -1.520190699493574327e-01
2.119755378522125699e-02 -1.636157702297581784e-01
2.457021311459295365e-02 -1.749825667306443011e-01
2.818843167645834757e-02 -1.861106385325896062e-01
3.205129860364375194e-02 -1.969923855202335983e-01
3.615784144005795842e-02 -2.076213047482281804e-01
4.050702638550263135e-02 -2.179918470727485735e-01
4.509775855592612626e-02 -2.280992587039019082e-01
4.992888225905456334e-02 -2.379394127226680256e-01
5.499918128533154427e-02 -2.475086358457865843e-01
6.030737921409157209e-02 -2.568035358057545459e-01
6.585213973489323358e-02 -2.658208346378740372e-01
7.163206698392743377e-02 -2.745572129336475431e-01
7.764570589541863743e-02 -2.830091697360462288e-01
8.389154256793041053e-02 -2.911729022279582191e-01
9.036800464548166989e-02 -2.990442087154436268e-01
9.707346171337882801e-02 -3.066184176511181358e-01
1.040062257086641351e-01 -3.138903446022719979e-01
1.111645513450765232e-01 -3.208542781682006129e-01
1.185466365524179277e-01 -3.275039949188114918e-01
1.261506229302150617e-01 -3.338328024903223223e-01
1.339745962155614034e-01 -3.398336090627874784e-01
1.420165867650229341e-01 -3.454990165869967766e-01
1.502745700504856119e-01 -3.508214343525088430e-01
1.587464671688187945e-01 -3.557932088197868770e-01
1.674301453652287108e-01 -3.604067651003248218e-01
1.763234185701672008e-01 -3.646547550784863256e-01
1.854240479496642724e-01 -3.685302069425082649e-01
1.947297424689413692e-01 -3.720266708399129207e-01
2.042381594691679014e-01 -3.751383554993988345e-01
2.139469052572124941e-01 -3.778602509665254794e-01
2.238535357082431787e-01 -3.801882330778723618e-01
2.339555568810219865e-01 -3.821191459358222464e-01
2.442504256457417311e-01 -3.836508594261228700e-01
2.547355503242452190e-01 -3.847822997201193473e-01
2.654082913424666845e-01 -3.855134516955179835e-01
2.762659618949298013e-01 -3.858453332621342158e-01
2.873058286211370715e-01 -3.857799426574010093e-01
2.985251122936787294e-01 -3.853201808432817899e-01
3.099209885178879631e-01 -3.844697521530665574e-01
3.214905884428678196e-01 -3.832330472646651720e-01
3.332309994837083789e-01 -3.816150133787657439e-01
3.451392660547150104e-01 -3.796210171202040740e-01
3.572123903134606371e-01 -3.772567061271879241e-01
3.694473329154774888e-01 -3.745278755184920927e-01
3.818410137793947223e-01 -3.714403454120920323e-01
3.943903128623333920e-01 -3.679998553956000951e-01
4.070920709453594855e-01 -3.642119813128656403e-01
4.199430904288018462e-01 -3.600820789344038597e-01
4.329401361372292589e-01 -3.556152580334254742e-01
4.460799361338897429e-01 -3.508163891152571989e-01
4.593591825444023335e-01 -3.456901435768386932e-01
4.727745323894976259e-01 -3.402410664453704436e-01
4.863226084265935834e-01 -3.344736791110891061e-01
5.000000000000001110e-01 -3.283926076872483724e-01
5.138032638995313484e-01 -3.220027308672382960e-01
5.277289252273172915e-01 -3.153093394775354774e-01
5.417734782725895926e-01 -3.083182984242682223e-01
5.559333873942259308e-01 -3.010362004825338778e-01
5.702050879108284676e-01 -2.934705004649073024e-01
5.845849869981135649e-01 -2.856296178120682483e-01
5.990694645933862805e-01 -2.775229956548785348e-01
6.136548743068714895e-01 -2.691611049793288246e-01
6.283375443396724824e-01 -2.605553837520955263e-01
6.431137784081281117e-01 -2.517181027938582005e-01
6.579798566743311206e-01 -2.426621528668830297e-01
6.729320366825783939e-01 -2.334007509052753448e-01
6.879665543015128781e-01 -2.239470675769714703e-01
7.030796246717250231e-01 -2.143137834239319528e-01
7.182674431585703845e-01 -2.045125866591925856e-01
7.335261863099650226e-01 -1.945536322632240855e-01
7.488520128189207758e-01 -1.844449892520945988e-01
7.642410644905727191e-01 -1.741921107980677619e-01
7.796894672134594417e-01 -1.637973701584519159e-01
7.951933319348093443e-01 -1.532597139771596784e-01
8.107487556395898132e-01 -1.425744933102101597e-01
8.263518223330695855e-01 -1.317335415156259126e-01
8.419986040266501659e-01 -1.207255767456109768e-01
8.576851617267149397e-01 -1.095370149741812377e-01
8.734075464262507360e-01 -9.815328706285580962e-02
8.891618000989889303e-01 -8.656076007695835683e-02
9.049439566958173975e-01 -7.474936867560891263e-02
9.207500431432115162e-01 -6.271606666764502347e-02
9.365760803434354242e-01 -5.046921151388521209e-02
9.524180841762578398e-01 -3.803399543088442636e-02
9.682720665019324269e-01 -2.545903559219345538e-02
9.841340361651920166e-01 -1.282423252682365726e-02
9.999999999999998890e-01 -2.500000000000873919e-04
