9.999999999999998890e-01 2.500000000000539443e-04
9.841340361651920166e-01 7.672547356905720303e-03
9.682720665019324269e-01 1.463900395593566162e-02
9.524180841762578398e-01 2.128613319881968169e-02
9.365760803434354242e-01 2.770680522035042295e-02
9.207500431432115162e-01 3.395973808609832612e-02
9.049439566958173975e-01 4.007781416156588200e-02
8.891618000989889303e-01 4.607507478763111369e-02
8.734075464262507360e-01 5.195250306368182081e-02
8.576851617267149397e-01 5.770270871884557867e-02
8.419986040266501659e-01 6.331363091620113848e-02
8.263518223330695855e-01 6.877137458151169613e-02
8.107487556395898132e-01 7.406229369217436076e-02
7.951933319348093443e-01 7.917443113269979904e-02
7.796894672134594417e-01 8.409841945777515870e-02
7.642410644905727191e-01 8.882794044442453296e-02
7.488520128189207758e-01 9.335983390197628851e-02
7.335261863099650226e-01 9.769393807871187829e-02
7.182674431585703845e-01 1.018327353848047512e-01
7.030796246717250231e-01 1.057808682580039239e-01
6.879665543015128781e-01 1.095445810319708169e-01
6.729320366825783939e-01 1.131311348102007619e-01
6.579798566743311206e-01 1.165482337644550836e-01
6.431137784081281117e-01 1.198034931079511312e-01
6.283375443396724824e-01 1.229039713605025452e-01
6.136548743068714895e-01 1.258557825230921523e-01
5.990694645933862805e-01 1.286637974881096880e-01
5.845849869981135649e-01 1.313314384815858216e-01
5.702050879108284676e-01 1.338605655966840224e-01
5.559333873942259308e-01 1.362514505447067203e-01
5.417734782725895926e-01 1.385028296134235837e-01
5.277289252273172915e-01 1.406120254581339213e-01
5.138032638995313484e-01 1.425751257190298049e-01
5.000000000000001110e-01 1.443872055067787485e-01
4.863226084265935834e-01 1.460425804638357250e-01
4.727745323894976259e-01 1.475350773206206001e-01
4.593591825444023335e-01 1.488583095461762373e-01
4.460799361338897429e-01 1.500059467614503483e-01
4.329401361372292589e-01 1.509719679576362328e-01
4.199430904288018462e-01 1.517508901604004146e-01
4.070920709453594855e-01 1.523379659241772544e-01
3.943903128623333920e-01 1.527293448541027776e-01
3.818410137793947223e-01 1.529221961673983554e-01
3.694473329154774888e-01 1.529147910588675441e-01
3.572123903134606371e-01 1.527065452723669337e-01
3.451392660547150104e-01 1.522980237560837835e-01
3.332309994837083789e-01 1.516909105577967098e-01
3.214905884428678196e-01 1.508879481700016734e-01
3.099209885178879631e-01 1.498928513461939838e-01
2.985251122936787294e-01 1.487102009701664895e-01
2.873058286211370715e-01 1.473453238699864720e-01
2.762659618949298013e-01 1.458041645354084814e-01
2.654082913424666845e-01 1.440931545370775779e-01
2.547355503242452190e-01 1.422190850793889627e-01
2.442504256457417311e-01 1.401889875728697110e-01
2.339555568810219865e-01 1.380100264170291136e-01
2.238535357082431787e-01 1.356894073742537510e-01
2.139469052572124941e-01 1.332343040246703469e-01
2.042381594691679014e-01 1.306518038566763518e-01
1.947297424689413692e-01 1.279488746032171331e-01
1.854240479496642724e-01 1.251323505134768754e-01
1.763234185701672008e-01 1.222089373845468563e-01
1.674301453652287108e-01 1.191852343956581739e-01
1.587464671688187945e-01 1.160677701125338301e-01
1.502745700504856119e-01 1.128630494806556750e-01
1.420165867650229341e-01 1.095776082181708772e-01
1.339745962155614034e-01 1.062180707611029007e-01
1.261506229302150617e-01 1.027912078095843951e-01
1.185466365524179277e-01 9.930398957301876661e-02
1.111645513450765232e-01 9.576363100850193710e-02
1.040062257086641351e-01 9.217762568007796531e-02
9.707346171337882801e-02 8.855376532195913253e-02
9.036800464548166989e-02 8.490014274869703281e-02
8.389154256793041053e-02 8.122513639859102463e-02
7.764570589541863743e-02 7.753737550033611148e-02
7.163206698392743377e-02 7.384568559263865462e-02
6.585213973489323358e-02 7.015901487721416807e-02
6.030737921409157209e-02 6.648634262231652159e-02
5.499918128533154427e-02 6.283657153269697759e-02
4.992888225905456334e-02 5.921840664019358685e-02
4.509775855592612626e-02 5.564022382675565259e-02
4.050702638550263135e-02 5.210993155113124997e-02
3.615784144005795842e-02 4.863482969746149576e-02
3.205129860364375194e-02 4.522146968798438499e-02
2.818843167645834757e-02 4.187552009621062221e-02
2.457021311459295365e-02 3.860164195852095609e-02
2.119755378522125699e-02 3.540337781244817100e-02
1.807130273729329328e-02 3.228305819416844857e-02
1.519224698779197968e-02 2.924172891492917217e-02
1.256111132360571148e-02 2.627910191871054429e-02
1.017855811906731578e-02 2.339353191684489727e-02
8.045187169204659483e-03 2.058202031765674414e-02
6.161535538745877005e-03 1.784024724053073774e-02
4.528077426915411152e-03 1.516263164567095527e-02
3.145224048057615462e-03 1.254241884551492506e-02
2.013323528115562588e-03 9.971793913745467808e-03
1.132660816992037134e-03 7.442018795084269153e-03
5.034576168149174080e-04 4.943590264358601293e-03
1.258723261249317105e-04 2.466415305802018704e-03
0.000000000000000000e+00 0.000000000000000000e+00
1.258723261249317105e-04 -1.736726061050949520e-03
5.034576168149174080e-04 -3.456596437689203605e-03
1.132660816992037134e-03 -5.142949876149611153e-03
2.013323528115562588e-03 -6.779633843857076417e-03
3.145224048057615462e-03 -8.351243995131627657e-03
4.528077426915411152e-03 -9.843346218797479480e-03
6.161535538745877005e-03 -1.124267622276859356e-02
8.045187169204659483e-03 -1.253731223478521915e-02
1.017855811906731578e-02 -1.371681714418499821e-02
1.256111132360571148e-02 -1.477234725539522224e-02
1.519224698779197968e-02 -1.569672574528949149e-02
1.807130273729329328e-02 -1.648447988697757105e-02
2.119755378522125699e-02 -1.713184209384434678e-02
2.457021311459295365e-02 -1.763671582087609005e-02
2.818843167645834757e-02 -1.799860830682655302e-02
3.205129860364375194e-02 -1.821853302286495502e-02
3.615784144005795842e-02 -1.829888548507865517e-02
4.050702638550263135e-02 -1.824329676618586735e-02
4.509775855592612626e-02 -1.805646958589777681e-02
4.992888225905456334e-02 -1.774400225326156627e-02
5.499918128533154427e-02 -1.731220596608730108e-02
6.030737921409157209e-02 -1.676792103504296319e-02
6.585213973489323358e-02 -1.611833749104337604e-02
7.163206698392743377e-02 -1.537082525715824030e-02
7.764570589541863743e-02 -1.453277862853769205e-02
8.389154256793041053e-02 -1.361147921887405354e-02
9.036800464548166989e-02 -1.261398081739758745e-02
9.707346171337882801e-02 -1.154701877823941306e-02
1.040062257086641351e-01 -1.041694565969265678e-02
1.111645513450765232e-01 -9.229693872875673402e-03
1.185466365524179277e-01 -7.990765118073761206e-03
1.261506229302150617e-01 -6.705245414370092361e-03
1.339745962155614034e-01 -5.377843596138891062e-03
1.420165867650229341e-01 -4.012950289969555683e-03
1.502745700504856119e-01 -2.614713627394836884e-03
1.587464671688187945e-01 -1.187127319601300347e-03
1.674301453652287108e-01 2.658737561877460675e-04
1.763234185701672008e-01 1.740315613354265689e-03
1.854240479496642724e-01 3.232090128194996682e-03
1.947297424689413692e-01 4.736868123346922067e-03
2.042381594691679014e-01 6.250025482875071724e-03
2.139469052572124941e-01 7.766586750797342502e-03
2.238535357082431787e-01 9.281190012573712830e-03
2.339555568810219865e-01 1.078807604023243258e-02
2.442504256457417311e-01 1.228110371944744587e-02
2.547355503242452190e-01 1.375379269989776554e-02
2.654082913424666845e-01 1.519939305265674903e-02
2.762659618949298013e-01 1.661098051852383586e-02
2.873058286211370715e-01 1.798157473080702964e-02
2.985251122936787294e-01 1.930427663897625948e-02
3.099209885178879631e-01 2.057242029066408753e-02
3.214905884428678196e-01 2.177973319309887273e-02
3.332309994837083789e-01 2.292049871378731146e-02
3.451392660547150104e-01 2.398971343338749881e-02
3.572123903134606371e-01 2.498323206575294927e-02
3.694473329154774888e-01 2.589789253944366904e-02
3.818410137793947223e-01 2.673161411246839994e-02
3.943903128623333920e-01 2.748346197982956193e-02
4.070920709453594855e-01 2.815367273403275236e-02
4.199430904288018462e-01 2.874363624395657665e-02
4.329401361372292589e-01 2.925583100799979477e-02
4.460799361338897429e-01 2.969371178230253983e-02
4.593591825444023335e-01 3.006155024148880750e-02
4.727745323894976259e-01 3.036423154377570696e-02
4.863226084265935834e-01 3.060701187951966884e-02
5.000000000000001110e-01 3.079524430736182289e-02
5.138032638995313484e-01 3.093408234128044651e-02
5.277289252273172915e-01 3.102817275388809401e-02
5.417734782725895926e-01 3.108135080949615131e-02
5.559333873942259308e-01 3.109635253460029877e-02
5.702050879108284676e-01 3.107455957214274103e-02
5.845849869981135649e-01 3.101579254917881390e-02
5.990694645933862805e-01 3.091816861947608436e-02
6.136548743068714895e-01 3.077803783403757626e-02
6.283375443396724824e-01 3.059001116424179059e-02
6.431137784081281117e-01 3.034709028751324603e-02
6.579798566743311206e-01 3.004090559286905562e-02
6.729320366825783939e-01 2.966206424010015691e-02
6.879665543015128781e-01 2.920060449906267119e-02
7.030796246717250231e-01 2.864654601466264452e-02
7.182674431585703845e-01 2.799051812334662354e-02
7.335261863099650226e-01 2.722443994913278584e-02
7.488520128189207758e-01 2.634221681949120222e-02
7.642410644905727191e-01 2.534040767950645340e-02
7.796894672134594417e-01 2.421880779028092248e-02
7.951933319348093443e-01 2.298088024520831413e-02
8.107487556395898132e-01 2.163395892233169540e-02
8.263518223330695855e-01 2.018913463352688120e-02
8.419986040266501659e-01 1.866072567459698198e-02
8.576851617267149397e-01 1.706522398626028961e-02
8.734075464262507360e-01 1.541959898144359443e-02
8.891618000989889303e-01 1.373883306734103443e-02
9.049439566958173975e-01 1.203255628587688794e-02
9.207500431432115162e-01 1.030064260934797360e-02
9.365760803434354242e-01 8.527627550743328844e-03
9.524180841762578398e-01 6.675806162166808035e-03
9.682720665019324269e-01 4.676872465495373471e-03
9.841340361651920166e-01 2.421966130282759196e-03
9.999999999999998890e-01 -2.499999999999793512e-04
