9.999999999999998890e-01 2.500000000001028960e-04
9.841340361651920166e-01 1.485226814732646186e-02
9.682720665019324269e-01 2.922216402756100048e-02
9.524180841762578398e-01 4.332973608643786445e-02
9.365760803434354242e-01 5.715760032945108732e-02
9.207500431432115162e-01 7.069758595217628949e-02
9.049439566958173975e-01 8.394795497530867234e-02
8.891618000989889303e-01 9.691114383199904425e-02
8.734075464262507360e-01 1.095919732978251904e-01
8.576851617267149397e-01 1.219962726834129124e-01
8.419986040266501659e-01 1.341298647301228664e-01
8.263518223330695855e-01 1.459978590550123079e-01
8.107487556395898132e-01 1.576042041703919483e-01
7.951933319348093443e-01 1.689514509394234310e-01
7.796894672134594417e-01 1.800406837040975927e-01
7.642410644905727191e-01 1.908715791176983645e-01
7.488520128189207758e-01 2.014425568150015888e-01
7.335261863099650226e-01 2.117509903488553891e-01
7.182674431585703845e-01 2.217934512063679253e-01
7.030796246717250231e-01 2.315659630942124847e-01
6.879665543015128781e-01 2.410642479618837486e-01
6.729320366825783939e-01 2.502839493353358202e-01
6.579798566743311206e-01 2.592208223931221078e-01
6.431137784081281117e-01 2.678708837759612993e-01
6.283375443396724824e-01 2.762305173329636099e-01
6.136548743068714895e-01 2.842965348394449476e-01
5.990694645933862805e-01 2.920661931494644703e-01
5.845849869981135649e-01 2.995371712589142144e-01
5.702050879108284676e-01 3.067075123504331979e-01
5.559333873942259308e-01 3.135755370773449791e-01
5.417734782725895926e-01 3.201397351366049304e-01
5.277289252273172915e-01 3.263986426043153366e-01
5.138032638995313484e-01 3.323507125921458805e-01
5.000000000000001110e-01 3.379941865646975963e-01
4.863226084265935834e-01 3.433269731763012311e-01
4.727745323894976259e-01 3.483465407836300320e-01
4.593591825444023335e-01 3.530498289122527833e-01
4.460799361338897429e-01 3.574331829457568221e-01
4.329401361372292589e-01 3.614923152097330727e-01
4.199430904288018462e-01 3.652222944825290196e-01
4.070920709453594855e-01 3.686175648205882727e-01
3.943903128623333920e-01 3.716719934754842414e-01
3.818410137793947223e-01 3.743789466355537665e-01
3.694473329154774888e-01 3.767313907760246328e-01
3.572123903134606371e-01 3.787220165715026732e-01
3.451392660547150104e-01 3.803433816323086303e-01
3.332309994837083789e-01 3.815880677848594305e-01
3.214905884428678196e-01 3.824488482342299767e-01
3.099209885178879631e-01 3.829188597272777383e-01
2.985251122936787294e-01 3.829917747754579826e-01
2.873058286211370715e-01 3.826619690913969918e-01
2.762659618949298013e-01 3.819246796320342474e-01
2.654082913424666845e-01 3.807761490097931190e-01
2.547355503242452190e-01 3.792137525148797095e-01
2.442504256457417311e-01 3.772361045672312785e-01
2.339555568810219865e-01 3.748431420648944412e-01
2.238535357082431787e-01 3.720361827947326061e-01
2.139469052572124941e-01 3.688179577990022273e-01
2.042381594691679014e-01 3.651926173253362551e-01
1.947297424689413692e-01 3.611657107067645089e-01
1.854240479496642724e-01 3.567441412026310932e-01
1.763234185701672008e-01 3.519360974625581062e-01
1.674301453652287108e-01 3.467509638381497949e-01
1.587464671688187945e-01 3.411992122476623090e-01
1.502745700504856119e-01 3.352922786870565219e-01
1.420165867650229341e-01 3.290424277692596822e-01
1.339745962155614034e-01 3.224626088578814720e-01
1.261506229302150617e-01 3.155663074407954460e-01
1.185466365524179277e-01 3.083673953647684818e-01
1.111645513450765232e-01 3.008799834292993358e-01
1.040062257086641351e-01 2.931182796232830179e-01
9.707346171337882801e-02 2.850964559915927787e-01
9.036800464548166989e-02 2.768285267516943926e-01
8.389154256793041053e-02 2.683282398560671300e-01
7.764570589541863743e-02 2.596089837287776647e-01
7.163206698392743377e-02 2.506837104090088308e-01
6.585213973489323358e-02 2.415648758259842932e-01
6.030737921409157209e-02 2.322643974236537345e-01
5.499918128533154427e-02 2.227936288642927976e-01
4.992888225905456334e-02 2.131633510814329446e-01
4.509775855592612626e-02 2.033837785365434081e-01
4.050702638550263135e-02 1.934645791713163754e-01
3.615784144005795842e-02 1.834149062470684100e-01
3.205129860364375194e-02 1.732434400313219713e-01
2.818843167645834757e-02 1.629584371336243453e-01
2.457021311459295365e-02 1.525677852102444165e-01
2.119755378522125699e-02 1.420790607504924530e-01
1.807130273729329328e-02 1.314995877236662669e-01
1.519224698779197968e-02 1.208364950005805516e-01
1.256111132360571148e-02 1.100967706608341479e-01
1.017855811906731578e-02 9.928731154826288263e-02
8.045187169204659483e-03 8.841496673277017548e-02
6.161535538745877005e-03 7.748657386616293608e-02
4.528077426915411152e-03 6.650898777109870430e-02
3.145224048057615462e-03 5.548910096376345746e-02
2.013323528115562588e-03 4.443385617016381434e-02
1.132660816992037134e-03 3.335025124110090056e-02
5.034576168149174080e-04 2.224533719059726758e-02
1.258723261249317105e-04 1.112621036639674550e-02
0.000000000000000000e+00 0.000000000000000000e+00
1.258723261249317105e-04 -1.053587232354137072e-02
5.034576168149174080e-04 -2.104688738568823853e-02
1.132660816992037134e-03 -3.150838911735066861e-02
2.013323528115562588e-03 -4.189624437269866275e-02
3.145224048057615462e-03 -5.218709115445644559e-02
4.528077426915411152e-03 -6.235857130574146839e-02
6.161535538745877005e-03 -7.238954308000671023e-02
8.045187169204659483e-03 -8.226026948618612999e-02
1.017855811906731578e-02 -9.195257888906288590e-02
1.256111132360571148e-02 -1.014499950101303699e-01
1.519224698779197968e-02 -1.107378342046299036e-01
1.807130273729329328e-02 -1.198032686671202801e-01
2.119755378522125699e-02 -1.286353550209188845e-01
2.457021311459295365e-02 -1.372250285552967797e-01
2.818843167645834757e-02 -1.455650641676878576e-01
3.205129860364375194e-02 -1.536500058260184265e-01
3.615784144005795842e-02 -1.614760670692487465e-01
4.050702638550263135e-02 -1.690410056944816886e-01
4.509775855592612626e-02 -1.763439763206715305e-01
4.992888225905456334e-02 -1.833853649585802104e-01
5.499918128533154427e-02 -1.901666100434951656e-01
6.030737921409157209e-02 -1.966900145936880950e-01
6.585213973489323358e-02 -2.029585542393290143e-01
7.163206698392743377e-02 -2.089756858225870206e-01
7.764570589541863743e-02 -2.147451611024733531e-01
8.389154256793041053e-02 -2.202708498134627046e-01
9.036800464548166989e-02 -2.255565759341817966e-01
9.707346171337882801e-02 -2.306059705336031829e-01
1.040062257086641351e-01 -2.354223439920007377e-01
1.111645513450765232e-01 -2.400085797594835035e-01
1.185466365524179277e-01 -2.443670511351229979e-01
1.261506229302150617e-01 -2.484995618446800281e-01
1.339745962155614034e-01 -2.524073104856478511e-01
1.420165867650229341e-01 -2.560908782157841901e-01
1.502745700504856119e-01 -2.595502384060868750e-01
1.587464671688187945e-01 -2.627847863807778461e-01
1.674301453652287108e-01 -2.657933868431419655e-01
1.763234185701672008e-01 -2.685744361526624102e-01
1.854240479496642724e-01 -2.711259362887692981e-01
1.947297424689413692e-01 -2.734455771194650442e-01
2.042381594691679014e-01 -2.755308234954848001e-01
2.139469052572124941e-01 -2.773790037150721255e-01
2.238535357082431787e-01 -2.789873960496341287e-01
2.339555568810219865e-01 -2.803533102812442168e-01
2.442504256457417311e-01 -2.814741615700752098e-01
2.547355503242452190e-01 -2.823475344305689805e-01
2.654082913424666845e-01 -2.829712351332454578e-01
2.762659618949298013e-01 -2.833433314453168150e-01
2.873058286211370715e-01 -2.834621792559710030e-01
2.985251122936787294e-01 -2.833264362777175860e-01
3.099209885178879631e-01 -2.829350636487187876e-01
3.214905884428678196e-01 -2.822873168572815894e-01
3.332309994837083789e-01 -2.813827279437246531e-01
3.451392660547150104e-01 -2.802210813828781011e-01
3.572123903134606371e-01 -2.788023863907861943e-01
3.694473329154774888e-01 -2.771268486128253827e-01
3.818410137793947223e-01 -2.751948442221703317e-01
3.943903128623333920e-01 -2.730068993763955509e-01
4.070920709453594855e-01 -2.705636777401387860e-01
4.199430904288018462e-01 -2.678659783828383767e-01
4.329401361372292589e-01 -2.649147458083308537e-01
4.460799361338897429e-01 -2.617110931795461615e-01
4.593591825444023335e-01 -2.582563389851547098e-01
4.727745323894976259e-01 -2.545520564806781350e-01
4.863226084265935834e-01 -2.506001342553735856e-01
5.000000000000001110e-01 -2.464028452650803558e-01
5.138032638995313484e-01 -2.419629206723545589e-01
5.277289252273172915e-01 -2.372836238953237586e-01
5.417734782725895926e-01 -2.323688194360426229e-01
5.559333873942259308e-01 -2.272230303905036497e-01
5.702050879108284676e-01 -2.218514780898957484e-01
5.845849869981135649e-01 -2.162600971401493766e-01
5.990694645933862805e-01 -2.104555192666349162e-01
6.136548743068714895e-01 -2.044450198823667963e-01
6.283375443396724824e-01 -1.982364222257907427e-01
6.431137784081281117e-01 -1.918379552964905033e-01
6.579798566743311206e-01 -1.852580636843761952e-01
6.729320366825783939e-01 -1.785051697611562682e-01
6.879665543015128781e-01 -1.715873915924182591e-01
7.030796246717250231e-01 -1.645122233326119510e-01
7.182674431585703845e-01 -1.572861887686546889e-01
7.335261863099650226e-01 -1.499144830516365989e-01
7.488520128189207758e-01 -1.424006224563457434e-01
7.642410644905727191e-01 -1.347461271760461154e-01
7.796894672134594417e-01 -1.269502676208388303e-01
7.951933319348093443e-01 -1.190099103527303970e-01
8.107487556395898132e-01 -1.109195055553992837e-01
8.263518223330695855e-01 -1.026712636842035675e-01
8.419986040266501659e-01 -9.425557454241685618e-02
8.576851617267149397e-01 -8.566172734246536857e-02
8.734075464262507360e-01 -7.687899518660357145e-02
8.891618000989889303e-01 -6.789815168392454581e-02
9.049439566958173975e-01 -5.871349094960801734e-02
9.207500431432115162e-01 -4.932542484629474921e-02
9.365760803434354242e-01 -3.974373286651260162e-02
9.524180841762578398e-01 -2.999154036410608612e-02
9.682720665019324269e-01 -2.011009977473016477e-02
9.841340361651920166e-01 -1.016444688534789975e-02
9.999999999999998890e-01 -2.500000000000689605e-04
