9.999999999999998890e-01 2.500000000001208395e-04
9.841340361651920166e-01 1.741454485863244347e-02
9.682720665019324269e-01 3.432569983347411730e-02
9.524180841762578398e-01 5.094041483380275931e-02
9.365760803434354242e-01 6.723269464571851595e-02
9.207500431432115162e-01 8.318920464183161834e-02
9.049439566958173975e-01 9.880560897773080220e-02
8.891618000989889303e-01 1.140835766959903547e-01
8.734075464262507360e-01 1.290283889984020216e-01
8.576851617267149397e-01 1.436470801580930212e-01
8.419986040266501659e-01 1.579470450063927833e-01
8.263518223330695855e-01 1.719350475142643053e-01
8.107487556395898132e-01 1.856165675556898931e-01
7.951933319348093443e-01 1.989954263459421113e-01
7.796894672134594417e-01 2.120736351438649581e-01
7.642410644905727191e-01 2.248514164470525045e-01
7.488520128189207758e-01 2.373273519478272253e-01
7.335261863099650226e-01 2.494986168171597352e-01
7.182674431585703845e-01 2.613612653114602002e-01
7.030796246717250231e-01 2.729105381311707212e-01
6.879665543015128781e-01 2.841411672888017326e-01
6.729320366825783939e-01 2.950476593682312410e-01
6.579798566743311206e-01 3.056245428905698391e-01
6.431137784081281117e-01 3.158665699724146347e-01
6.283375443396724824e-01 3.257688665117691729e-01
6.136548743068714895e-01 3.353270287213972467e-01
5.990694645933862805e-01 3.445371669191046315e-01
5.845849869981135649e-01 3.533959000630557123e-01
5.702050879108284676e-01 3.619003065842514300e-01
5.559333873942259308e-01 3.700478386260750430e-01
5.417734782725895926e-01 3.778362078715140071e-01
5.277289252273172915e-01 3.852632517509023136e-01
5.138032638995313484e-01 3.923267890135932467e-01
5.000000000000001110e-01 3.990244734593048626e-01
4.863226084265935834e-01 4.053536541076301902e-01
4.727745323894976259e-01 4.113112492896656702e-01
4.593591825444023335e-01 4.168936411284175358e-01
4.460799361338897429e-01 4.220965956898227733e-01
4.329401361372292589e-01 4.269152127885559311e-01
4.199430904288018462e-01 4.313439080750665067e-01
4.070920709453594855e-01 4.353764286623126867e-01
3.943903128623333920e-01 4.390059022182610238e-01
3.818410137793947223e-01 4.422249181944153396e-01
3.694473329154774888e-01 4.450256387169395089e-01
3.572123903134606371e-01 4.473999356649083770e-01
3.451392660547150104e-01 4.493395496230359609e-01
3.332309994837083789e-01 4.508362657406980722e-01
3.214905884428678196e-01 4.518821010654008874e-01
3.099209885178879631e-01 4.524694976510857947e-01
2.985251122936787294e-01 4.525915156677313145e-01
2.873058286211370715e-01 4.522420208510646855e-01
2.762659618949298013e-01 4.514158609172061465e-01
2.654082913424666845e-01 4.501090260097864171e-01
2.547355503242452190e-01 4.483187888258485243e-01
2.442504256457417311e-01 4.460438207581838843e-01
2.339555568810219865e-01 4.432842811700296592e-01
2.238535357082431787e-01 4.400418777564095718e-01
2.139469052572124941e-01 4.363198968175059922e-01
2.042381594691679014e-01 4.321232031462344803e-01
1.947297424689413692e-01 4.274582100887174274e-01
1.854240479496642724e-01 4.223328211482744732e-01
1.763234185701672008e-01 4.167563452489477238e-01
1.674301453652287108e-01 4.107393884342318002e-01
1.587464671688187945e-01 4.042937253346705617e-01
1.502745700504856119e-01 3.974321541818858217e-01
1.420165867650229341e-01 3.901683394677076810e-01
1.339745962155614034e-01 3.825166465405542282e-01
1.261506229302150617e-01 3.744919724959796525e-01
1.185466365524179277e-01 3.661095776570489901e-01
1.111645513450765232e-01 3.573849217590491789e-01
1.040062257086641351e-01 3.483335086613641440e-01
9.707346171337882801e-02 3.389707430193261706e-01
9.036800464548166989e-02 3.293118018750715303e-01
8.389154256793041053e-02 3.193715235854088230e-01
7.764570589541863743e-02 3.091643159143330766e-01
7.163206698392743377e-02 2.987040844968470443e-01
6.585213973489323358e-02 2.880041822482515834e-01
6.030737921409157209e-02 2.770773796678335232e-01
5.499918128533154427e-02 2.659358553859871299e-01
4.992888225905456334e-02 2.545912057460623101e-01
4.509775855592612626e-02 2.430544717117445463e-01
4.050702638550263135e-02 2.313361809605988806e-01
3.615784144005795842e-02 2.194464026752178665e-01
3.205129860364375194e-02 2.073948122831998364e-01
2.818843167645834757e-02 1.951907632311967178e-01
2.457021311459295365e-02 1.828433628088236285e-01
2.119755378522125699e-02 1.703615490647509556e-01
1.807130273729329328e-02 1.577541659764135629e-01
1.519224698779197968e-02 1.450300342404155785e-01
1.256111132360571148e-02 1.321980153343605413e-01
1.017855811906731578e-02 1.192670668518287375e-01
8.045187169204659483e-03 1.062462875180447686e-01
6.161535538745877005e-03 9.314495074052396573e-02
4.528077426915411152e-03 7.997252602165927371e-02
3.145224048057615462e-03 6.673868804338710381e-02
2.013323528115562588e-03 5.345331371201821058e-02
1.132660816992037134e-03 4.012646790887403059e-02
5.034576168149174080e-04 2.676837911498308742e-02
1.258723261249317105e-04 1.338940645249552322e-02
0.000000000000000000e+00 0.000000000000000000e+00
1.258723261249317105e-04 -1.279906841061079562e-02
5.034576168149174080e-04 -2.556992931204088437e-02
1.132660816992037134e-03 -3.828460578813510512e-02
2.013323528115562588e-03 -5.091570191867469258e-02
3.145224048057615462e-03 -6.343667823938788086e-02
4.528077426915411152e-03 -7.582210956287231685e-02
6.161535538745877005e-03 -8.804791996226675466e-02
8.045187169204659483e-03 -1.000915902807327923e-01
1.017855811906731578e-02 -1.119323342032850777e-01
1.256111132360571148e-02 -1.235512396956641584e-01
1.519224698779197968e-02 -1.349313734577362867e-01
1.807130273729329328e-02 -1.460578469342542762e-01
2.119755378522125699e-02 -1.569178433504641312e-01
2.457021311459295365e-02 -1.675006061697788540e-01
2.818843167645834757e-02 -1.777973902814280749e-01
3.205129860364375194e-02 -1.878013780939158384e-01
3.615784144005795842e-02 -1.975075635128032137e-01
4.050702638550263135e-02 -2.069126074980475738e-01
4.509775855592612626e-02 -2.160146695085029267e-01
4.992888225905456334e-02 -2.248132196336494193e-01
5.499918128533154427e-02 -2.333088365729169555e-01
6.030737921409157209e-02 -2.415029968423992035e-01
6.585213973489323358e-02 -2.493978606625093797e-01
7.163206698392743377e-02 -2.569960599073827234e-01
7.764570589541863743e-02 -2.643004932807996310e-01
8.389154256793041053e-02 -2.713141335312833080e-01
9.036800464548166989e-02 -2.780398510417825819e-01
9.707346171337882801e-02 -2.844802575414945300e-01
1.040062257086641351e-01 -2.906375730065232643e-01
1.111645513450765232e-01 -2.965135180624672850e-01
1.185466365524179277e-01 -3.021092333980930356e-01
1.261506229302150617e-01 -3.074252268688131839e-01
1.339745962155614034e-01 -3.124613481364548750e-01
1.420165867650229341e-01 -3.172167898825733467e-01
1.502745700504856119e-01 -3.216901138705498542e-01
1.587464671688187945e-01 -3.258792994398254095e-01
1.674301453652287108e-01 -3.297818114147687552e-01
1.763234185701672008e-01 -3.333946839191452849e-01
1.854240479496642724e-01 -3.367146162199962656e-01
1.947297424689413692e-01 -3.397380764932881880e-01
2.042381594691679014e-01 -3.424614093151500116e-01
2.139469052572124941e-01 -3.448809427396253846e-01
2.238535357082431787e-01 -3.469930910247750466e-01
2.339555568810219865e-01 -3.487944494071105184e-01
2.442504256457417311e-01 -3.502818777885872148e-01
2.547355503242452190e-01 -3.514525707751915418e-01
2.654082913424666845e-01 -3.523041121719666657e-01
2.762659618949298013e-01 -3.528345127730050379e-01
2.873058286211370715e-01 -3.530422310604252600e-01
2.985251122936787294e-01 -3.529261772153428067e-01
3.099209885178879631e-01 -3.524857016166087487e-01
3.214905884428678196e-01 -3.517205697293656064e-01
3.332309994837083789e-01 -3.506309259354191132e-01
3.451392660547150104e-01 -3.492172494026054008e-01
3.572123903134606371e-01 -3.474803055047099298e-01
3.694473329154774888e-01 -3.454210965644048947e-01
3.818410137793947223e-01 -3.430408157808021441e-01
3.943903128623333920e-01 -3.403408081074081326e-01
4.070920709453594855e-01 -3.373225415583822051e-01
4.199430904288018462e-01 -3.339875919404965976e-01
4.329401361372292589e-01 -3.303376433417182789e-01
4.460799361338897429e-01 -3.263745058689884182e-01
4.593591825444023335e-01 -3.221001511393794536e-01
4.727745323894976259e-01 -3.175167649197865316e-01
4.863226084265935834e-01 -3.126268151175018439e-01
5.000000000000001110e-01 -3.074331320912136456e-01
5.138032638995313484e-01 -3.019389970292206127e-01
5.277289252273172915e-01 -2.961482329844131178e-01
5.417734782725895926e-01 -2.900652921235973847e-01
5.559333873942259308e-01 -2.836953319047847977e-01
5.702050879108284676e-01 -2.770442723044673206e-01
5.845849869981135649e-01 -2.701188259419150528e-01
5.990694645933862805e-01 -2.629264930516629906e-01
6.136548743068714895e-01 -2.554755137974658585e-01
6.283375443396724824e-01 -2.477747714545122104e-01
6.431137784081281117e-01 -2.398336415576119707e-01
6.579798566743311206e-01 -2.316617842582131548e-01
6.729320366825783939e-01 -2.232688798781922446e-01
6.879665543015128781e-01 -2.146643110064634929e-01
7.030796246717250231e-01 -2.058567984543421547e-01
7.182674431585703845e-01 -1.968540029505316813e-01
7.335261863099650226e-01 -1.876621095831731978e-01
7.488520128189207758e-01 -1.782854176337658192e-01
7.642410644905727191e-01 -1.687259645272052577e-01
7.796894672134594417e-01 -1.589832190568747361e-01
7.951933319348093443e-01 -1.490538857290946706e-01
8.107487556395898132e-01 -1.389318688854928319e-01
8.263518223330695855e-01 -1.286084520671236520e-01
8.419986040266501659e-01 -1.180727547278188766e-01
8.576851617267149397e-01 -1.073125347208749164e-01
8.734075464262507360e-01 -9.631541079672259476e-02
8.891618000989889303e-01 -8.507058447567544812e-02
9.049439566958173975e-01 -7.357114491016196467e-02
9.207500431432115162e-01 -6.181704353424766901e-02
9.365760803434354242e-01 -4.981882722575184386e-02
9.524180841762578398e-01 -3.760221919445189132e-02
9.682720665019324269e-01 -2.521363568477693815e-02
9.841340361651920166e-01 -1.272672368256987617e-02
9.999999999999998890e-01 -2.500000000000869040e-04
