9.999999999999998890e-01 2.500000000001449088e-04
9.841340361651920166e-01 2.025972734911748313e-02
9.682720665019324269e-01 3.917729951158013119e-02
9.524180841762578398e-01 5.736147805988907333e-02
9.365760803434354242e-01 7.505581590309606810e-02
9.207500431432115162e-01 9.241467521775460769e-02
9.049439566958173975e-01 1.095252913716326520e-01
8.891618000989889303e-01 1.264261934550379163e-01
8.734075464262507360e-01 1.431223076443908782e-01
8.576851617267149397e-01 1.595970781276773443e-01
8.419986040266501659e-01 1.758219422738178661e-01
8.263518223330695855e-01 1.917634927441669024e-01
8.107487556395898132e-01 2.073886499895739033e-01
7.951933319348093443e-01 2.226681547499517744e-01
7.796894672134594417e-01 2.375786724935775585e-01
7.642410644905727191e-01 2.521037809240476157e-01
7.488520128189207758e-01 2.662340884594635027e-01
7.335261863099650226e-01 2.799667066462358522e-01
7.182674431585703845e-01 2.933042734726044598e-01
7.030796246717250231e-01 3.062536981171158357e-01
6.879665543015128781e-01 3.188247713777792036e-01
6.729320366825783939e-01 3.310287603948808277e-01
6.579798566743311206e-01 3.428770817589967268e-01
6.431137784081281117e-01 3.543801240744592906e-01
6.283375443396724824e-01 3.655462698482060402e-01
6.136548743068714895e-01 3.763811474464511808e-01
5.990694645933862805e-01 3.868871269905951871e-01
5.845849869981135649e-01 3.970630595662812956e-01
5.702050879108284676e-01 4.069042470492154062e-01
5.559333873942259308e-01 4.164026202026447354e-01
5.417734782725895926e-01 4.255470954143262263e-01
5.277289252273172915e-01 4.343240754070188392e-01
5.138032638995313484e-01 4.427180563255431189e-01
5.000000000000001110e-01 4.507123025895399260e-01
4.863226084265935834e-01 4.582895515903885331e-01
4.727745323894976259e-01 4.654327124685186945e-01
4.593591825444023335e-01 4.721255265850131666e-01
4.460799361338897429e-01 4.783531616435661715e-01
4.329401361372292589e-01 4.841027164699928109e-01
4.199430904288018462e-01 4.893636189669830494e-01
4.070920709453594855e-01 4.941279054936835169e-01
3.943903128623333920e-01 4.983903756515321581e-01
3.818410137793947223e-01 5.021486219889030878e-01
3.694473329154774888e-01 5.054029392911417728e-01
3.572123903134606371e-01 5.081561227499475919e-01
3.451392660547150104e-01 5.104131682860219010e-01
3.332309994837083789e-01 5.121808915403885942e-01
3.214905884428678196e-01 5.134674844917515024e-01
3.099209885178879631e-01 5.142820302680667366e-01
2.985251122936787294e-01 5.146339974967348851e-01
2.873058286211370715e-01 5.145327355024831295e-01
2.762659618949298013e-01 5.139869908619296712e-01
2.654082913424666845e-01 5.130044643270594840e-01
2.547355503242452190e-01 5.115914250220828796e-01
2.442504256457417311e-01 5.097523961995281683e-01
2.339555568810219865e-01 5.074899238225468734e-01
2.238535357082431787e-01 5.048044359386872904e-01
2.139469052572124941e-01 5.016941973463656668e-01
2.042381594691679014e-01 4.981553605487067937e-01
1.947297424689413692e-01 4.941821105561989835e-01
1.854240479496642724e-01 4.897668978482707103e-01
1.763234185701672008e-01 4.849007508329590821e-01
1.674301453652287108e-01 4.795736565393768913e-01
1.587464671688187945e-01 4.737749961112661667e-01
1.502745700504856119e-01 4.674940199972224542e-01
1.420165867650229341e-01 4.607203465928517705e-01
1.339745962155614034e-01 4.534444675034415284e-01
1.261506229302150617e-01 4.456582425664782354e-01
1.185466365524179277e-01 4.373553682883607463e-01
1.111645513450765232e-01 4.285318043797177179e-01
1.040062257086641351e-01 4.191861445749910375e-01
9.707346171337882801e-02 4.093199198374674608e-01
9.036800464548166989e-02 3.989378243129317880e-01
8.389154256793041053e-02 3.880478569269680822e-01
7.764570589541863743e-02 3.766613742398479125e-01
7.163206698392743377e-02 3.647930529922810416e-01
6.585213973489323358e-02 3.524607636073495143e-01
6.030737921409157209e-02 3.396853586722662355e-01
5.499918128533154427e-02 3.264903830256818407e-01
4.992888225905456334e-02 3.129017144456284760e-01
4.509775855592612626e-02 2.989471460015706850e-01
4.050702638550263135e-02 2.846559228431183031e-01
3.615784144005795842e-02 2.700582475009339900e-01
3.205129860364375194e-02 2.551847686379504765e-01
2.818843167645834757e-02 2.400660685903929226e-01
2.457021311459295365e-02 2.247321649711521985e-01
2.119755378522125699e-02 2.092120410794797714e-01
1.807130273729329328e-02 1.935332188908478190e-01
1.519224698779197968e-02 1.777213870218941894e-01
1.256111132360571148e-02 1.618000943219656818e-01
1.017855811906731578e-02 1.457905176894041810e-01
8.045187169204659483e-03 1.297113104104425652e-01
6.161535538745877005e-03 1.135785348411389450e-01
4.528077426915411152e-03 9.740568067249416595e-02
3.145224048057615462e-03 8.120376741271211063e-02
2.013323528115562588e-03 6.498152716548973029e-02
1.132660816992037134e-03 4.874566135464448308e-02
5.034576168149174080e-04 3.250116281444908467e-02
1.258723261249317105e-04 1.625169269697964922e-02
0.000000000000000000e+00 0.000000000000000000e+00
1.258723261249317105e-04 -1.478648829421299986e-02
5.034576168149174080e-04 -2.952937879766662568e-02
1.132660816992037134e-03 -4.418587744199144185e-02
2.013323528115562588e-03 -5.871489870332415040e-02
3.145224048057615462e-03 -7.307785863336445364e-02
4.528077426915411152e-03 -8.723939639285767378e-02
6.161535538745877005e-03 -1.011680037291934758e-01
8.045187169204659483e-03 -1.148365445255107725e-01
1.017855811906731578e-02 -1.282226497586833602e-01
1.256111132360571148e-02 -1.413089768457680695e-01
1.519224698779197968e-02 -1.540833263282089804e-01
1.807130273729329328e-02 -1.665386130257655029e-01
2.119755378522125699e-02 -1.786726930668305346e-01
2.457021311459295365e-02 -1.904880524441975032e-01
2.818843167645834757e-02 -2.019913668315627131e-01
3.205129860364375194e-02 -2.131929462059409808e-01
3.615784144005795842e-02 -2.241060812418514125e-01
4.050702638550263135e-02 -2.347463113721477146e-01
4.509775855592612626e-02 -2.451306367587847146e-01
4.992888225905456334e-02 -2.552766981117737810e-01
5.499918128533154427e-02 -2.652019492816148349e-01
6.030737921409157209e-02 -2.749228477951984884e-01
6.585213973489323358e-02 -2.844540879944980616e-01
7.163206698392743377e-02 -2.938079001801662815e-01
7.764570589541863743e-02 -3.029934371893029943e-01
8.389154256793041053e-02 -3.120162672004189175e-01
9.036800464548166989e-02 -3.208779883314692993e-01
9.707346171337882801e-02 -3.295759768697337777e-01
1.040062257086641351e-01 -3.381032768523276610e-01
1.111645513450765232e-01 -3.464486343236574672e-01
1.185466365524179277e-01 -3.545966750616532659e-01
1.261506229302150617e-01 -3.625282200251117581e-01
1.339745962155614034e-01 -3.702207283695316264e-01
1.420165867650229341e-01 -3.776488537466770046e-01
1.502745700504856119e-01 -3.847850958764863494e-01
1.587464671688187945e-01 -3.916005261821600691e-01
1.674301453652287108e-01 -3.980655637202084041e-01
1.763234185701672008e-01 -4.041507758099112113e-01
1.854240479496642724e-01 -4.098276767438782109e-01
1.947297424689413692e-01 -4.150694977930929341e-01
2.042381594691679014e-01 -4.198519024308506320e-01
2.139469052572124941e-01 -4.241536222885681773e-01
2.238535357082431787e-01 -4.279569917933483958e-01
2.339555568810219865e-01 -4.312483626656503644e-01
2.442504256457417311e-01 -4.340183833919131207e-01
2.547355503242452190e-01 -4.362621333225445430e-01
2.654082913424666845e-01 -4.379791060484131138e-01
2.762659618949298013e-01 -4.391730420268505353e-01
2.873058286211370715e-01 -4.398516158929600128e-01
2.985251122936787294e-01 -4.400259893235605735e-01
3.099209885178879631e-01 -4.397102455322536851e-01
3.214905884428678196e-01 -4.389207262761467554e-01
3.332309994837083789e-01 -4.376752964630460374e-01
3.451392660547150104e-01 -4.359925648877658322e-01
3.572123903134606371e-01 -4.338910921387950093e-01
3.694473329154774888e-01 -4.313886181648355356e-01
3.818410137793947223e-01 -4.285013422648829007e-01
3.943903128623333920e-01 -4.252432872881348747e-01
4.070920709453594855e-01 -4.216257775606845892e-01
4.199430904288018462e-01 -4.176570564950277675e-01
4.329401361372292589e-01 -4.133420650301280475e-01
4.460799361338897429e-01 -4.086823960840728076e-01
4.593591825444023335e-01 -4.036764332149872514e-01
4.727745323894976259e-01 -3.983196738620239374e-01
4.863226084265935834e-01 -3.926052291051024823e-01
5.000000000000001110e-01 -3.865244831100403955e-01
5.138032638995313484e-01 -3.800678866233875297e-01
5.277289252273172915e-01 -3.732258503901155766e-01
5.417734782725895926e-01 -3.659896965551683867e-01
5.559333873942259308e-01 -3.583526193632561307e-01
5.702050879108284676e-01 -3.503106011867849201e-01
5.845849869981135649e-01 -3.418632264864590597e-01
5.990694645933862805e-01 -3.330143351301160792e-01
6.136548743068714895e-01 -3.237724579293066451e-01
6.283375443396724824e-01 -3.141509816348210249e-01
6.431137784081281117e-01 -3.041679982535296367e-01
6.579798566743311206e-01 -2.938458046472184337e-01
6.729320366825783939e-01 -2.832100331224010059e-01
6.879665543015128781e-01 -2.722884122164330178e-01
7.030796246717250231e-01 -2.611091791437728515e-01
7.182674431585703845e-01 -2.496991913092520277e-01
7.335261863099650226e-01 -2.380818137466976236e-01
7.488520128189207758e-01 -2.262746920220262137e-01
7.642410644905727191e-01 -2.142875556646091362e-01
7.796894672134594417e-01 -2.021202350667613556e-01
7.951933319348093443e-01 -1.897611144201754863e-01
8.107487556395898132e-01 -1.771862839390449251e-01
8.263518223330695855e-01 -1.643596955550056526e-01
8.419986040266501659e-01 -1.512346665729613904e-01
8.576851617267149397e-01 -1.377571144857538121e-01
8.734075464262507360e-01 -1.238709422310683289e-01
8.891618000989889303e-01 -1.095260255578562741e-01
9.049439566958173975e-01 -9.468928174129062625e-02
9.207500431432115162e-01 -7.935932052078076282e-02
9.365760803434354242e-01 -6.358519271780534166e-02
9.524180841762578398e-01 -4.748975843122538870e-02
9.682720665019324269e-01 -3.129819397095601891e-02
9.841340361651920166e-01 -1.537214381525560565e-02
9.999999999999998890e-01 -2.500000000001013239e-04
