9.999999999999998890e-01 2.500000000001134128e-04
9.841340361651920166e-01 1.544197329964835247e-02
9.682720665019324269e-01 2.911731535586423170e-02
9.524180841762578398e-01 4.188995232669390917e-02
9.365760803434354242e-01 5.417503507766732035e-02
9.207500431432115162e-01 6.623398275275517444e-02
9.049439566958173975e-01 7.821267840400421278e-02
8.891618000989889303e-01 9.017335507863218080e-02
8.734075464262507360e-01 1.021207376648179677e-01
8.576851617267149397e-01 1.140230203988351482e-01
8.419986040266501659e-01 1.258282631957302056e-01
8.263518223330695855e-01 1.374767829534409569e-01
8.107487556395898132e-01 1.489100998505455131e-01
7.951933319348093443e-01 1.600769746236427593e-01
7.796894672134594417e-01 1.709370421175351040e-01
7.642410644905727191e-01 1.814625103043405463e-01
7.488520128189207758e-01 1.916383537063704734e-01
7.335261863099650226e-01 2.014613869364130505e-01
7.182674431585703845e-01 2.109385590374136532e-01
7.030796246717250231e-01 2.200847635391463830e-01
6.879665543015128781e-01 2.289204136437122117e-01
6.729320366825783939e-01 2.374689875978321651e-01
6.579798566743311206e-01 2.457547068936653811e-01
6.431137784081281117e-01 2.538004701329955592e-01
6.283375443396724824e-01 2.616261287457272711e-01
6.136548743068714895e-01 2.692471577068926147e-01
5.990694645933862805e-01 2.766737452625004368e-01
5.845849869981135649e-01 2.839103006540603658e-01
5.702050879108284676e-01 2.909553580151272856e-01
5.559333873942259308e-01 2.978018379886867573e-01
5.417734782725895926e-01 3.044376160757031324e-01
5.277289252273172915e-01 3.108463380828718758e-01
5.138032638995313484e-01 3.170084180290933529e-01
5.000000000000001110e-01 3.229021521721001653e-01
4.863226084265935834e-01 3.285048840572236672e-01
4.727745323894976259e-01 3.337941592617016395e-01
4.593591825444023335e-01 3.387488143788731643e-01
4.460799361338897429e-01 3.433499523142438115e-01
4.329401361372292589e-01 3.475817647069179839e-01
4.199430904288018462e-01 3.514321718131239169e-01
4.070920709453594855e-01 3.548932600817494842e-01
3.943903128623333920e-01 3.579615075321730955e-01
3.818410137793947223e-01 3.606377965656751838e-01
3.694473329154774888e-01 3.629272226991032690e-01
3.572123903134606371e-01 3.648387156457517100e-01
3.451392660547150104e-01 3.663844959761032305e-01
3.332309994837083789e-01 3.675793961143353772e-01
3.214905884428678196e-01 3.684400785615028484e-01
3.099209885178879631e-01 3.689841869303430166e-01
2.985251122936787294e-01 3.692294666258843505e-01
2.873058286211370715e-01 3.691928918522621728e-01
2.762659618949298013e-01 3.688898341526061220e-01
2.654082913424666845e-01 3.683333050151326171e-01
2.547355503242452190e-01 3.675333013549961225e-01
2.442504256457417311e-01 3.664962780828700528e-01
2.339555568810219865e-01 3.652247666906275891e-01
2.238535357082431787e-01 3.637171530263806352e-01
2.139469052572124941e-01 3.619676214050240315e-01
2.042381594691679014e-01 3.599662661144650277e-01
1.947297424689413692e-01 3.576993654327914607e-01
1.854240479496642724e-01 3.551498076557361161e-01
1.763234185701672008e-01 3.522976535173091284e-01
1.674301453652287108e-01 3.491208149178147702e-01
1.587464671688187945e-01 3.455958261757755556e-01
1.502745700504856119e-01 3.416986811888312325e-01
1.420165867650229341e-01 3.374057079890789845e-01
1.339745962155614034e-01 3.326944512458491210e-01
1.261506229302150617e-01 3.275445333083636390e-01
1.185466365524179277e-01 3.219384653674588481e-01
1.111645513450765232e-01 3.158623821969961387e-01
1.040062257086641351e-01 3.093066766337115303e-01
9.707346171337882801e-02 3.022665133685062400e-01
9.036800464548166989e-02 2.947422056330490925e-01
8.389154256793041053e-02 2.867394428384777982e-01
7.764570589541863743e-02 2.782693620126518996e-01
7.163206698392743377e-02 2.693484608371199407e-01
6.585213973489323358e-02 2.599983550512470210e-01
6.030737921409157209e-02 2.502453878178503288e-01
5.499918128533154427e-02 2.401201031881820269e-01
4.992888225905456334e-02 2.296565999309508055e-01
4.509775855592612626e-02 2.188917855815067925e-01
4.050702638550263135e-02 2.078645535220879359e-01
3.615784144005795842e-02 1.966149081411026345e-01
3.205129860364375194e-02 1.851830645797806207e-01
2.818843167645834757e-02 1.736085502227050492e-01
2.457021311459295365e-02 1.619293349133246462e-01
2.119755378522125699e-02 1.501810158892700475e-01
1.807130273729329328e-02 1.383960816713188657e-01
1.519224698779197968e-02 1.266032766624600459e-01
1.256111132360571148e-02 1.148270850982155006e-01
1.017855811906731578e-02 1.030873493324893919e-01
8.045187169204659483e-03 9.139903335592287903e-02
6.161535538745877005e-03 7.977213804886380821e-02
4.528077426915411152e-03 6.821177009942749891e-02
3.145224048057615462e-03 5.671836190393809290e-02
2.013323528115562588e-03 4.528803524777978012e-02
1.132660816992037134e-03 3.391309727164953935e-02
5.034576168149174080e-04 2.258265328641097247e-02
1.258723261249317105e-04 1.128331752371469071e-02
0.000000000000000000e+00 0.000000000000000000e+00
1.258723261249317105e-04 -9.085510425681829830e-03
5.034576168149174080e-04 -1.812497623116571602e-02
1.132660816992037134e-03 -2.707341975442221702e-02
2.013323528115562588e-03 -3.588809017157723602e-02
3.145224048057615462e-03 -4.452949547362195643e-02
4.528077426915411152e-03 -5.296233937902639771e-02
6.161535538745877005e-03 -6.115633587237472024e-02
8.045187169204659483e-03 -6.908687764982979207e-02
1.017855811906731578e-02 -7.673553904328944686e-02
1.256111132360571148e-02 -8.409039886304184308e-02
1.519224698779197968e-02 -9.114617390314755374e-02
1.807130273729329328e-02 -9.790415944115656022e-02
2.119755378522125699e-02 -1.043719787719309955e-01
2.457021311459295365e-02 -1.105631494777454260e-01
2.818843167645834757e-02 -1.164964795874843806e-01
3.205129860364375194e-02 -1.221953118557416590e-01
3.615784144005795842e-02 -1.276866389468171159e-01
4.050702638550263135e-02 -1.330001162019660288e-01
4.509775855592612626e-02 -1.381670017818802665e-01
4.992888225905456334e-02 -1.432190562130366829e-01
5.499918128533154427e-02 -1.481874346536855847e-01
6.030737921409157209e-02 -1.531016054873182708e-01
6.585213973489323358e-02 -1.579883281315427879e-01
7.163206698392743377e-02 -1.628707212309566110e-01
7.764570589541863743e-02 -1.677674497259285524e-01
8.389154256793041053e-02 -1.726920557259598865e-01
9.036800464548166989e-02 -1.776524537644145474e-01
9.707346171337882801e-02 -1.826506059935293358e-01
1.040062257086641351e-01 -1.876823873389821817e-01
1.111645513450765232e-01 -1.927376447339675669e-01
1.185466365524179277e-01 -1.978004484692163223e-01
1.261506229302150617e-01 -2.028495276118045532e-01
1.339745962155614034e-01 -2.078588755494699958e-01
1.420165867650229341e-01 -2.127985061940263212e-01
1.502745700504856119e-01 -2.176353364054321726e-01
1.587464671688187945e-01 -2.223341659423300476e-01
1.674301453652287108e-01 -2.268587228525550392e-01
1.763234185701672008e-01 -2.311727398124681365e-01
1.854240479496642724e-01 -2.352410256040285697e-01
1.947297424689413692e-01 -2.390304957494224503e-01
2.042381594691679014e-01 -2.425111273371543530e-01
2.139469052572124941e-01 -2.456568052672785663e-01
2.238535357082431787e-01 -2.484460304764256056e-01
2.339555568810219865e-01 -2.508624650979613957e-01
2.442504256457417311e-01 -2.528952948554254454e-01
2.547355503242452190e-01 -2.545393951307067804e-01
2.654082913424666845e-01 -2.557952939136561299e-01
2.762659618949298013e-01 -2.566689320215954084e-01
2.873058286211370715e-01 -2.571712283482521788e-01
2.985251122936787294e-01 -2.573174652189487155e-01
3.099209885178879631e-01 -2.571265159400767386e-01
3.214905884428678196e-01 -2.566199430817084903e-01
3.332309994837083789e-01 -2.558210016739884685e-01
3.451392660547150104e-01 -2.547535860957302334e-01
3.572123903134606371e-01 -2.534411627739911466e-01
3.694473329154774888e-01 -2.519057327123291889e-01
3.818410137793947223e-01 -2.501668681759236512e-01
3.943903128623333920e-01 -2.482408664804941212e-01
4.070920709453594855e-01 -2.461400607057407652e-01
4.199430904288018462e-01 -2.438723222846709560e-01
4.329401361372292589e-01 -2.414407838686834784e-01
4.460799361338897429e-01 -2.388438027574136535e-01
4.593591825444023335e-01 -2.360751756979312388e-01
4.727745323894976259e-01 -2.331246052483872677e-01
4.863226084265935834e-01 -2.299784064757168234e-01
5.000000000000001110e-01 -2.266204308814794566e-01
5.138032638995313484e-01 -2.230331725417158129e-01
5.277289252273172915e-01 -2.191990099673759018e-01
5.417734782725895926e-01 -2.151015266384221636e-01
5.559333873942259308e-01 -2.107268440591291980e-01
5.702050879108284676e-01 -2.060648940597945289e-01
5.845849869981135649e-01 -2.011105524668080347e-01
5.990694645933862805e-01 -1.958645547011546584e-01
6.136548743068714895e-01 -1.903341158391907983e-01
6.283375443396724824e-01 -1.845331836301220274e-01
6.431137784081281117e-01 -1.784822633049020224e-01
6.579798566743311206e-01 -1.722077680509868924e-01
6.729320366825783939e-01 -1.657408689985832295e-01
6.879665543015128781e-01 -1.591158435977258478e-01
7.030796246717250231e-01 -1.523679513793047835e-01
7.182674431585703845e-01 -1.455309011806620589e-01
7.335261863099650226e-01 -1.386340137384002302e-01
7.488520128189207758e-01 -1.316992277291441360e-01
7.642410644905727191e-01 -1.247381453514252586e-01
7.796894672134594417e-01 -1.177493647222350726e-01
7.951933319348093443e-01 -1.107163999008781013e-01
8.107487556395898132e-01 -1.036065443030557282e-01
8.263518223330695855e-01 -9.637108855195117285e-02
8.419986040266501659e-01 -8.894735823364366412e-02
8.576851617267149397e-01 -8.126308927994899123e-02
8.734075464262507360e-01 -7.324370740395981516e-02
8.891618000989889303e-01 -6.482312170655631089e-02
9.049439566958173975e-01 -5.595867975672066258e-02
9.207500431432115162e-01 -4.665096060741769773e-02
9.365760803434354242e-01 -3.696910183468134908e-02
9.524180841762578398e-01 -2.708236531229880548e-02
9.682720665019324269e-01 -1.729864266012802465e-02
9.841340361651920166e-01 -8.110583834343019355e-03
9.999999999999998890e-01 -2.500000000000481438e-04
