9.999999999999998890e-01 2.500000000000786099e-04
9.841340361651920166e-01 1.137038297874322368e-02
9.682720665019324269e-01 2.208053036613352726e-02
9.524180841762578398e-01 3.218312510079780753e-02
9.365760803434354242e-01 4.155502713644745882e-02
9.207500431432115162e-01 5.013230176122681486e-02
9.049439566958173975e-01 5.789711687284792435e-02
8.891618000989889303e-01 6.486641094713073430e-02
8.734075464262507360e-01 7.108222098526881250e-02
8.576851617267149397e-01 7.660355023761397653e-02
8.419986040266501659e-01 8.149964884004917698e-02
8.263518223330695855e-01 8.584457649185099626e-02
8.107487556395898132e-01 8.971291475290772699e-02
7.951933319348093443e-01 9.317649722291442005e-02
7.796894672134594417e-01 9.630202854867690732e-02
7.642410644905727191e-01 9.914946763937095009e-02
7.488520128189207758e-01 1.017710563984484118e-01
7.335261863099650226e-01 1.042108824480735552e-01
7.182674431585703845e-01 1.065048724734504321e-01
7.030796246717250231e-01 1.086811217029868132e-01
6.879665543015128781e-01 1.107604744293092386e-01
6.729320366825783939e-01 1.127572801429199134e-01
6.579798566743311206e-01 1.146802595885935416e-01
6.431137784081281117e-01 1.165334246771841942e-01
6.283375443396724824e-01 1.183170055257544845e-01
6.136548743068714895e-01 1.200283468122032987e-01
5.990694645933862805e-01 1.216627439949457823e-01
5.845849869981135649e-01 1.232141976647850856e-01
5.702050879108284676e-01 1.246760712888888845e-01
5.559333873942259308e-01 1.260416438220103574e-01
5.417734782725895926e-01 1.273045540653706675e-01
5.277289252273172915e-01 1.284591382366011836e-01
5.138032638995313484e-01 1.295006659809231631e-01
5.000000000000001110e-01 1.304254830270736576e-01
4.863226084265935834e-01 1.312310709087209926e-01
4.727745323894976259e-01 1.319160356831146630e-01
4.593591825444023335e-01 1.324800384435643741e-01
4.460799361338897429e-01 1.329236807091421779e-01
4.329401361372292589e-01 1.332483575575739709e-01
4.199430904288018462e-01 1.334560907230291638e-01
4.070920709453594855e-01 1.335493528882938929e-01
3.943903128623333920e-01 1.335308931390286613e-01
3.818410137793947223e-01 1.334035720926184665e-01
3.694473329154774888e-01 1.331702136378599965e-01
3.572123903134606371e-01 1.328334785915406546e-01
3.451392660547150104e-01 1.323957639546791132e-01
3.332309994837083789e-01 1.318591298884352891e-01
3.214905884428678196e-01 1.312252550732032619e-01
3.099209885178879631e-01 1.304954198016616551e-01
2.985251122936787294e-01 1.296705150165841924e-01
2.873058286211370715e-01 1.287510745576259663e-01
2.762659618949298013e-01 1.277373271405342625e-01
2.654082913424666845e-01 1.266292640619939291e-01
2.547355503242452190e-01 1.254267183011565368e-01
2.442504256457417311e-01 1.241294505659528841e-01
2.339555568810219865e-01 1.227372378940979475e-01
2.238535357082431787e-01 1.212499606461264756e-01
2.139469052572124941e-01 1.196676840980298723e-01
2.042381594691679014e-01 1.179907313285465803e-01
1.947297424689413692e-01 1.162197446736388112e-01
1.854240479496642724e-01 1.143557336601579849e-01
1.763234185701672008e-01 1.124001080043126599e-01
1.674301453652287108e-01 1.103546949414753453e-01
1.587464671688187945e-01 1.082217408170277617e-01
1.502745700504856119e-01 1.060038974907037274e-01
1.420165867650229341e-01 1.037041946695568262e-01
1.339745962155614034e-01 1.013259997709578530e-01
1.261506229302150617e-01 9.887296731427676344e-02
1.185466365524179277e-01 9.634898013933755612e-02
1.111645513450765232e-01 9.375808494643893265e-02
1.040062257086641351e-01 9.110442474560283277e-02
9.707346171337882801e-02 8.839217079425761014e-02
9.036800464548166989e-02 8.562545649862247921e-02
8.389154256793041053e-02 8.280831556344525612e-02
7.764570589541863743e-02 7.994462640876794091e-02
7.163206698392743377e-02 7.703806454440509377e-02
6.585213973489323358e-02 7.409206421763722683e-02
6.030737921409157209e-02 7.110979024300538576e-02
5.499918128533154427e-02 6.809412050115933035e-02
4.992888225905456334e-02 6.504763917241321303e-02
4.509775855592612626e-02 6.197264036523258274e-02
4.050702638550263135e-02 5.887114142439124620e-02
3.615784144005795842e-02 5.574490487047315673e-02
3.205129860364375194e-02 5.259546764226387394e-02
2.818843167645834757e-02 4.942417609468334472e-02
2.457021311459295365e-02 4.623222505309925595e-02
2.119755378522125699e-02 4.302069914344278101e-02
1.807130273729329328e-02 3.979061460723865018e-02
1.519224698779197968e-02 3.654295986965149651e-02
1.256111132360571148e-02 3.327873325271860777e-02
1.017855811906731578e-02 2.999897640867223506e-02
8.045187169204659483e-03 2.670480228130266837e-02
6.161535538745877005e-03 2.339741667673066530e-02
4.528077426915411152e-03 2.007813282755264994e-02
3.145224048057615462e-03 1.674837865409841559e-02
2.013323528115562588e-03 1.340969675105605809e-02
1.132660816992037134e-03 1.006373744460625080e-02
5.034576168149174080e-04 6.712245562506262420e-03
1.258723261249317105e-04 3.357041826185914232e-03
0.000000000000000000e+00 0.000000000000000000e+00
1.258723261249317105e-04 -3.109295659807483157e-03
5.034576168149174080e-04 -6.210983128782278026e-03
1.132660816992037134e-03 -9.297447988657064552e-03
2.013323528115562588e-03 -1.236118866855150968e-02
3.145224048057615462e-03 -1.539487140774295146e-02
4.528077426915411152e-03 -1.839138344519159612e-02
6.161535538745877005e-03 -2.134388382890392219e-02
8.045187169204659483e-03 -2.424585122836986004e-02
1.017855811906731578e-02 -2.709112812542409029e-02
1.256111132360571148e-02 -2.987396075560001460e-02
1.519224698779197968e-02 -3.258903417623100485e-02
1.807130273729329328e-02 -3.523150185212395313e-02
2.119755378522125699e-02 -3.779700917746518091e-02
2.457021311459295365e-02 -4.028171039629875605e-02
2.818843167645834757e-02 -4.268227844566786777e-02
3.205129860364375194e-02 -4.499590732696640699e-02
3.615784144005795842e-02 -4.722030671317450912e-02
4.050702638550263135e-02 -4.935368862258632250e-02
4.509775855592612626e-02 -5.139474613262837166e-02
4.992888225905456334e-02 -5.334262426868303236e-02
5.499918128533154427e-02 -5.519688337976295239e-02
6.030737921409157209e-02 -5.695745550172499200e-02
6.585213973489323358e-02 -5.862459440483581280e-02
7.163206698392743377e-02 -6.019882022041510988e-02
7.764570589541863743e-02 -6.168085973478837358e-02
8.389154256793041053e-02 -6.307158362110537597e-02
9.036800464548166989e-02 -6.437194204359548977e-02
9.707346171337882801e-02 -6.558290020726832703e-02
1.040062257086641351e-01 -6.670537553176189571e-02
1.111645513450765232e-01 -6.774017819420972975e-02
1.185466365524179277e-01 -6.868795680649940338e-02
1.261506229302150617e-01 -6.954915096191656432e-02
1.339745962155614034e-01 -7.032395230088145377e-02
1.420165867650229341e-01 -7.101227560270567674e-02
1.502745700504856119e-01 -7.161374120910261876e-02
1.587464671688187945e-01 -7.212766982650040126e-02
1.674301453652287108e-01 -7.255309044096122650e-02
1.763234185701672008e-01 -7.288876171671079818e-02
1.854240479496642724e-01 -7.313320684406600380e-02
1.947297424689413692e-01 -7.328476136414441289e-02
2.042381594691679014e-01 -7.334163303737059603e-02
2.139469052572124941e-01 -7.330197235351371132e-02
2.238535357082431787e-01 -7.316395181744277110e-02
2.339555568810219865e-01 -7.292585170289093977e-02
2.442504256457417311e-01 -7.258614956310539823e-02
2.547355503242452190e-01 -7.214361043962272402e-02
2.654082913424666845e-01 -7.159737443581354333e-02
2.762659618949298013e-01 -7.094703813700306561e-02
2.873058286211370715e-01 -7.019272627946038234e-02
2.985251122936787294e-01 -6.933515011022010899e-02
3.099209885178879631e-01 -6.837564905007460780e-02
3.214905884428678196e-01 -6.731621258176262446e-02
3.332309994837083789e-01 -6.615947973951183392e-02
3.451392660547150104e-01 -6.490871417577065428e-02
3.572123903134606371e-01 -6.356775352283343394e-02
3.694473329154774888e-01 -6.214093264287229995e-02
3.818410137793947223e-01 -6.063298135622311597e-02
3.943903128623333920e-01 -5.904889833583550768e-02
4.070920709453594855e-01 -5.739380403133834130e-02
4.199430904288018462e-01 -5.567277670953960089e-02
4.329401361372292589e-01 -5.389067693451643493e-02
4.460799361338897429e-01 -5.205196702003006548e-02
4.593591825444023335e-01 -5.016053312572211348e-02
4.727745323894976259e-01 -4.821951868858777301e-02
4.863226084265935834e-01 -4.623117873181704224e-02
5.000000000000001110e-01 -4.419676522149636883e-02
5.138032638995313484e-01 -4.211645399420043540e-02
5.277289252273172915e-01 -3.998932380178195356e-02
5.417734782725895926e-01 -3.781339766187424151e-02
5.559333873942259308e-01 -3.558575591489212403e-02
5.702050879108284676e-01 -3.330272912620393932e-02
5.845849869981135649e-01 -3.096017719707271423e-02
5.990694645933862805e-01 -2.855385872871752176e-02
6.136548743068714895e-01 -2.607989179803881299e-02
6.283375443396724824e-01 -2.353530383900710385e-02
6.431137784081281117e-01 -2.091866427979032980e-02
6.579798566743311206e-01 -1.823078897444759677e-02
6.729320366825783939e-01 -1.547550031523009170e-02
6.879665543015128781e-01 -1.266042125755032811e-02
7.030796246717250231e-01 -9.797775390007571264e-03
7.182674431585703845e-01 -6.905158707520561885e-03
7.335261863099650226e-01 -4.006241983232424093e-03
7.488520128189207758e-01 -1.131355686417829165e-03
7.642410644905727191e-01 1.682097624021773943e-03
7.796894672134594417e-01 4.389465456931918030e-03
7.951933319348093443e-01 6.938970874445372049e-03
8.107487556395898132e-01 9.272216473790817134e-03
8.263518223330695855e-01 1.132514790001650819e-02
8.419986040266501659e-01 1.302956309515134782e-02
8.576851617267149397e-01 1.431525778840204641e-02
8.734075464262507360e-01 1.511290098118901748e-02
8.891618000989889303e-01 1.535773620312731562e-02
9.049439566958173975e-01 1.499420493770355946e-02
9.207500431432115162e-01 1.398158767425781990e-02
9.365760803434354242e-01 1.230075538194791776e-02
9.524180841762578398e-01 9.962119682319300201e-03
9.682720665019324269e-01 7.014863498808384008e-03
9.841340361651920166e-01 3.557525384559747945e-03
9.999999999999998890e-01 -2.499999999999726291e-04
