9.999999999999998890e-01 2.500000000000965534e-04
9.841340361651920166e-01 1.393265902130733785e-02
9.682720665019324269e-01 2.718406534289453252e-02
9.524180841762578398e-01 3.979380315131317292e-02
9.365760803434354242e-01 5.163012102700757777e-02
9.207500431432115162e-01 6.262392033062283425e-02
9.049439566958173975e-01 7.275477102881990066e-02
8.891618000989889303e-01 8.203884417028857456e-02
8.734075464262507360e-01 9.051863716751441802e-02
8.576851617267149397e-01 9.825435823361969301e-02
8.419986040266501659e-01 1.053168296046698149e-01
8.263518223330695855e-01 1.117817653498289071e-01
8.107487556395898132e-01 1.177252784091744608e-01
7.951933319348093443e-01 1.232204727531554245e-01
7.796894672134594417e-01 1.283349799624945442e-01
7.642410644905727191e-01 1.331293048050490591e-01
7.488520128189207758e-01 1.376558512528716915e-01
7.335261863099650226e-01 1.419585085537528601e-01
7.182674431585703845e-01 1.460726861662210718e-01
7.030796246717250231e-01 1.500256963132870214e-01
6.879665543015128781e-01 1.538373933486870959e-01
6.729320366825783939e-01 1.575209898167450329e-01
6.579798566743311206e-01 1.610839797990786804e-01
6.431137784081281117e-01 1.645291106756862631e-01
6.283375443396724824e-01 1.678553546053269674e-01
6.136548743068714895e-01 1.710588406961920938e-01
5.990694645933862805e-01 1.741337178637599736e-01
5.845849869981135649e-01 1.770729266552406866e-01
5.702050879108284676e-01 1.798688657813734826e-01
5.559333873942259308e-01 1.825139456834237173e-01
5.417734782725895926e-01 1.850010271464212486e-01
5.277289252273172915e-01 1.873237477413324525e-01
5.138032638995313484e-01 1.894767427514264246e-01
5.000000000000001110e-01 1.914557702420580099e-01
4.863226084265935834e-01 1.932577521146267019e-01
4.727745323894976259e-01 1.948807444040400461e-01
4.593591825444023335e-01 1.963238508048254782e-01
4.460799361338897429e-01 1.975870935225009228e-01
4.329401361372292589e-01 1.986712551280641892e-01
4.199430904288018462e-01 1.995777042318548633e-01
4.070920709453594855e-01 2.003082165769315692e-01
3.943903128623333920e-01 2.008648016686348237e-01
3.818410137793947223e-01 2.012495433902017627e-01
3.694473329154774888e-01 2.014644612833580983e-01
3.572123903134606371e-01 2.015113973706031125e-01
3.451392660547150104e-01 2.013919316278247884e-01
3.332309994837083789e-01 2.011073275388649828e-01
3.214905884428678196e-01 2.006585076255693600e-01
3.099209885178879631e-01 2.000460574860930818e-01
2.985251122936787294e-01 1.992702557195974444e-01
2.873058286211370715e-01 1.983311261862907016e-01
2.762659618949298013e-01 1.972285083582693554e-01
2.654082913424666845e-01 1.959621410604441560e-01
2.547355503242452190e-01 1.945317546758066063e-01
2.442504256457417311e-01 1.929371668822575103e-01
2.339555568810219865e-01 1.911783771800496523e-01
2.238535357082431787e-01 1.892556558355609486e-01
2.139469052572124941e-01 1.871696233808134435e-01
2.042381594691679014e-01 1.849213174384209402e-01
1.947297424689413692e-01 1.825122443565611319e-01
1.854240479496642724e-01 1.799444139057370939e-01
1.763234185701672008e-01 1.772203560768025876e-01
1.674301453652287108e-01 1.743431197977725888e-01
1.587464671688187945e-01 1.713162541275503881e-01
1.502745700504856119e-01 1.681437731631858223e-01
1.420165867650229341e-01 1.648301064926341042e-01
1.339745962155614034e-01 1.613800375203309767e-01
1.261506229302150617e-01 1.577986323757450127e-01
1.185466365524179277e-01 1.540911623774794126e-01
1.111645513450765232e-01 1.502630231640654512e-01
1.040062257086641351e-01 1.463196536183281882e-01
9.707346171337882801e-02 1.422664576102490308e-01
9.036800464548166989e-02 1.381087313725155585e-01
8.389154256793041053e-02 1.338515990156410596e-01
7.764570589541863743e-02 1.294999583006209987e-01
7.163206698392743377e-02 1.250584383336700578e-01
6.585213973489323358e-02 1.205313703482662063e-01
6.030737921409157209e-02 1.159227722139491989e-01
5.499918128533154427e-02 1.112363467787092358e-01
4.992888225905456334e-02 1.064754936314956518e-01
4.509775855592612626e-02 1.016433333814523166e-01
4.050702638550263135e-02 9.674274310739443272e-02
3.615784144005795842e-02 9.177640124912993247e-02
3.205129860364375194e-02 8.674683990332630878e-02
2.818843167645834757e-02 8.165650225975652765e-02
2.457021311459295365e-02 7.650780277490983050e-02
2.119755378522125699e-02 7.130318763196291654e-02
1.807130273729329328e-02 6.604519307865114319e-02
1.519224698779197968e-02 6.073649936426082224e-02
1.256111132360571148e-02 5.537997820748529615e-02
1.017855811906731578e-02 4.997873200931996635e-02
8.045187169204659483e-03 4.453612336829707030e-02
6.161535538745877005e-03 3.905579384608808685e-02
4.528077426915411152e-03 3.354167135529229071e-02
3.145224048057615462e-03 2.799796598267187062e-02
2.013323528115562588e-03 2.242915450428815613e-02
1.132660816992037134e-03 1.683995427825830601e-02
5.034576168149174080e-04 1.123528760105544332e-02
1.258723261249317105e-04 5.620237970455691651e-03
0.000000000000000000e+00 0.000000000000000000e+00
1.258723261249317105e-04 -5.372491709419161508e-03
5.034576168149174080e-04 -1.073402498158967759e-02
1.132660816992037134e-03 -1.607366455250010956e-02
2.013323528115562588e-03 -2.138064607810589990e-02
3.145224048057615462e-03 -2.664445833177229647e-02
4.528077426915411152e-03 -3.185492152284374184e-02
6.161535538745877005e-03 -3.700226051970377517e-02
8.045187169204659483e-03 -4.207717182652309651e-02
1.017855811906731578e-02 -4.707088324556558262e-02
1.256111132360571148e-02 -5.197520525654615586e-02
1.519224698779197968e-02 -5.678257326109489855e-02
1.807130273729329328e-02 -6.148607997363306210e-02
2.119755378522125699e-02 -6.607949738946355955e-02
2.457021311459295365e-02 -7.055728792575613473e-02
2.818843167645834757e-02 -7.491460451016479505e-02
3.205129860364375194e-02 -7.914727958334930036e-02
3.615784144005795842e-02 -8.325180318349836850e-02
4.050702638550263135e-02 -8.722529049033873882e-02
4.509775855592612626e-02 -9.106543941979612644e-02
4.992888225905456334e-02 -9.477047907464333787e-02
5.499918128533154427e-02 -9.833911006683090927e-02
6.030737921409157209e-02 -1.017704379290004374e-01
6.585213973489323358e-02 -1.050639010208333918e-01
7.163206698392743377e-02 -1.082191945050281490e-01
7.764570589541863743e-02 -1.112361921123582453e-01
8.389154256793041053e-02 -1.141148675299824972e-01
9.036800464548166989e-02 -1.168552173266994426e-01
9.707346171337882801e-02 -1.194571873682726965e-01
1.040062257086641351e-01 -1.219206046709658958e-01
1.111645513450765232e-01 -1.242451165884380093e-01
1.185466365524179277e-01 -1.264301391235131133e-01
1.261506229302150617e-01 -1.284748160005320106e-01
1.339745962155614034e-01 -1.303779899257635211e-01
1.420165867650229341e-01 -1.321381872038873140e-01
1.502745700504856119e-01 -1.337536165705670854e-01
1.587464671688187945e-01 -1.352221827489526462e-01
1.674301453652287108e-01 -1.365415148475699336e-01
1.763234185701672008e-01 -1.377090092961263945e-01
1.854240479496642724e-01 -1.387218865735191653e-01
1.947297424689413692e-01 -1.395772605295250990e-01
2.042381594691679014e-01 -1.402722186503492230e-01
2.139469052572124941e-01 -1.408039111816163924e-01
2.238535357082431787e-01 -1.411696466145624940e-01
2.339555568810219865e-01 -1.413669906767329176e-01
2.442504256457417311e-01 -1.413938656622069356e-01
2.547355503242452190e-01 -1.412486467028203907e-01
2.654082913424666845e-01 -1.409302514349693725e-01
2.762659618949298013e-01 -1.404382194691629338e-01
2.873058286211370715e-01 -1.397727781327693652e-01
2.985251122936787294e-01 -1.389348911395351660e-01
3.099209885178879631e-01 -1.379262871490625209e-01
3.214905884428678196e-01 -1.367494656191414193e-01
3.332309994837083789e-01 -1.354076779238776451e-01
3.451392660547150104e-01 -1.339048824073678368e-01
3.572123903134606371e-01 -1.322456728586098584e-01
3.694473329154774888e-01 -1.304351808164123938e-01
3.818410137793947223e-01 -1.284789531268140383e-01
3.943903128623333920e-01 -1.263828072589145979e-01
4.070920709453594855e-01 -1.241526680125466381e-01
4.199430904288018462e-01 -1.217943903929881722e-01
4.329401361372292589e-01 -1.193135745500066291e-01
4.460799361338897429e-01 -1.167153797433061191e-01
4.593591825444023335e-01 -1.140043452631607362e-01
4.727745323894976259e-01 -1.111842270603775884e-01
4.863226084265935834e-01 -1.082578594787203946e-01
5.000000000000001110e-01 -1.052270518896435553e-01
5.138032638995313484e-01 -1.020925301578347044e-01
5.277289252273172915e-01 -9.885393267200061340e-02
5.417734782725895926e-01 -9.550987011621041300e-02
5.559333873942259308e-01 -9.205805719405761589e-02
5.702050879108284676e-01 -8.849552311674703520e-02
5.845849869981135649e-01 -8.481890579871205482e-02
5.990694645933862805e-01 -8.102483234941727785e-02
6.136548743068714895e-01 -7.711038559482477628e-02
6.283375443396724824e-01 -7.307365300324096535e-02
6.431137784081281117e-01 -6.891435053500355457e-02
6.579798566743311206e-01 -6.463450960212900609e-02
6.729320366825783939e-01 -6.023921054310600598e-02
6.879665543015128781e-01 -5.573734083261325939e-02
7.030796246717250231e-01 -5.114235071218449502e-02
7.182674431585703845e-01 -4.647297311501443623e-02
7.335261863099650226e-01 -4.175386874851743507e-02
7.488520128189207758e-01 -3.701615108694145118e-02
7.642410644905727191e-01 -3.229773992041604092e-02
7.796894672134594417e-01 -2.764348612455631501e-02
7.951933319348093443e-01 -2.310500458447590361e-02
8.107487556395898132e-01 -1.874014686564436788e-02
8.263518223330695855e-01 -1.461204041518766872e-02
8.419986040266501659e-01 -1.078761694955981780e-02
8.576851617267149397e-01 -7.335549389271840692e-03
8.734075464262507360e-01 -4.323514390030816328e-03
8.891618000989889303e-01 -1.814696341327263736e-03
9.049439566958173975e-01 1.365511978357284860e-04
9.207500431432115162e-01 1.489969144823962994e-03
9.365760803434354242e-01 2.225661090222777905e-03
9.524180841762578398e-01 2.351440816800419616e-03
9.682720665019324269e-01 1.911327470630889069e-03
9.841340361651920166e-01 9.952484561746985023e-04
9.999999999999998890e-01 -2.499999999999905726e-04
