9.999999999999998890e-01 2.500000000000632142e-04
9.841340361651920166e-01 9.174144342895797222e-03
9.682720665019324269e-01 1.770606932431262326e-02
9.524180841762578398e-01 2.565968471436751511e-02
9.365760803434354242e-01 3.291923116670409516e-02
9.207500431432115162e-01 3.942519987003999943e-02
9.049439566958173975e-01 4.516198531753405632e-02
8.891618000989889303e-01 5.014718366862935817e-02
8.734075464262507360e-01 5.442243724241677127e-02
8.576851617267149397e-01 5.804571646719468986e-02
8.419986040266501659e-01 6.108492399819756558e-02
8.263518223330695855e-01 6.361270155472818766e-02
8.107487556395898132e-01 6.570231814392606118e-02
7.951933319348093443e-01 6.742451853509784376e-02
7.796894672134594417e-01 6.884521291379606944e-02
7.642410644905727191e-01 7.002389235513790944e-02
7.488520128189207758e-01 7.101265988082548775e-02
7.335261863099650226e-01 7.185577317110460049e-02
7.182674431585703845e-01 7.258960226021661521e-02
7.030796246717250231e-01 7.324291352589269721e-02
6.879665543015128781e-01 7.383739977305076030e-02
6.729320366825783939e-01 7.438838500387344455e-02
6.579798566743311206e-01 7.490564137009553258e-02
6.431137784081281117e-01 7.539426464444350107e-02
6.283375443396724824e-01 7.585556317088984479e-02
6.136548743068714895e-01 7.628792352140492672e-02
5.990694645933862805e-01 7.668762388426976495e-02
5.845849869981135649e-01 7.704957344054218227e-02
5.702050879108284676e-01 7.736796257641649632e-02
5.559333873942259308e-01 7.763681467572293438e-02
5.417734782725895926e-01 7.785043540389213756e-02
5.277289252273172915e-01 7.800375981597974795e-02
5.138032638995313484e-01 7.809260129746335710e-02
5.000000000000001110e-01 7.811380929359854064e-02
4.863226084265935834e-01 7.806534503096544675e-02
4.727745323894976259e-01 7.794628602505768167e-02
4.593591825444023335e-01 7.775677115179663312e-02
4.460799361338897429e-01 7.749789849792908247e-02
4.329401361372292589e-01 7.717158816040355085e-02
4.199430904288018462e-01 7.678042170685238366e-02
4.070920709453594855e-01 7.632746920898675347e-02
3.943903128623333920e-01 7.581611368893745317e-02
3.818410137793947223e-01 7.524988154475639734e-02
3.694473329154774888e-01 7.463228611189387518e-02
3.572123903134606371e-01 7.396669003471280368e-02
3.451392660547150104e-01 7.325619062292444694e-02
3.332309994837083789e-01 7.250353090299194170e-02
3.214905884428678196e-01 7.171103768798953171e-02
3.099209885178879631e-01 7.088058671782218600e-02
2.985251122936787294e-01 7.001359379431026930e-02
2.873058286211370715e-01 6.911102987413124399e-02
2.762659618949298013e-01 6.817345730132937098e-02
2.654082913424666845e-01 6.720108376737811418e-02
2.547355503242452190e-01 6.619383018136230923e-02
2.442504256457417311e-01 6.515140841054625764e-02
2.339555568810219865e-01 6.407340480195224119e-02
2.238535357082431787e-01 6.295936550366749984e-02
2.139469052572124941e-01 6.180887985185753997e-02
2.042381594691679014e-01 6.062165845455876750e-02
1.947297424689413692e-01 5.939760306301320597e-02
1.854240479496642724e-01 5.813686585131654788e-02
1.763234185701672008e-01 5.683989630097296963e-02
1.674301453652287108e-01 5.550747448462255845e-02
1.587464671688187945e-01 5.414073013999000372e-02
1.502745700504856119e-01 5.274114750010346769e-02
1.420165867650229341e-01 5.131055638048340195e-02
1.339745962155614034e-01 4.985111050250859432e-02
1.261506229302150617e-01 4.836525444176240085e-02
1.185466365524179277e-01 4.685568092133193807e-02
1.111645513450765232e-01 4.532528041656515294e-02
1.040062257086641351e-01 4.377708519677273730e-02
9.707346171337882801e-02 4.221421000104789295e-02
9.036800464548166989e-02 4.063979153297635899e-02
8.389154256793041053e-02 3.905692886841110462e-02
7.764570589541863743e-02 3.746862670988738292e-02
7.163206698392743377e-02 3.587774320077243700e-02
6.585213973489323358e-02 3.428694374346538676e-02
6.030737921409157209e-02 3.269866196147810239e-02
5.499918128533154427e-02 3.111506861816591002e-02
4.992888225905456334e-02 2.953804896843417738e-02
4.509775855592612626e-02 2.796918868674099987e-02
4.050702638550263135e-02 2.640976819717721913e-02
3.615784144005795842e-02 2.486076494020867528e-02
3.205129860364375194e-02 2.332286285519868940e-02
2.818843167645834757e-02 2.179646814576641223e-02
2.457021311459295365e-02 2.028173023211523804e-02
2.119755378522125699e-02 1.877856668439322613e-02
1.807130273729329328e-02 1.728669087553658806e-02
1.519224698779197968e-02 1.580564109044344662e-02
1.256111132360571148e-02 1.433480987829319209e-02
1.017855811906731578e-02 1.287347253210308420e-02
8.045187169204659483e-03 1.142081371831094039e-02
6.161535538745877005e-03 9.975951452041685596e-03
4.528077426915411152e-03 8.537957812428411536e-03
3.145224048057615462e-03 7.105876007853464092e-03
2.013323528115562588e-03 5.678733623765262577e-03
1.132660816992037134e-03 4.255552106293429039e-03
5.034576168149174080e-04 2.835352743979210888e-03
1.258723261249317105e-04 1.417159598940042394e-03
0.000000000000000000e+00 0.000000000000000000e+00
1.258723261249317105e-04 -1.169413275389219464e-03
5.034576168149174080e-04 -2.334090001814096652e-03
1.132660816992037134e-03 -3.489262202224010460e-03
2.013323528115562588e-03 -4.630224970309422712e-03
3.145224048057615462e-03 -5.752368089199904298e-03
4.528077426915411152e-03 -6.851207681748374551e-03
6.161535538745877005e-03 -7.922417808104254694e-03
8.045187169204659483e-03 -8.961861851559678460e-03
1.017855811906731578e-02 -9.965623448146544022e-03
1.256111132360571148e-02 -1.093003662397555413e-02
1.519224698779197968e-02 -1.185171471217171847e-02
1.807130273729329328e-02 -1.272757753410619364e-02
2.119755378522125699e-02 -1.355487625317478885e-02
2.457021311459295365e-02 -1.433121524917201593e-02
2.818843167645834757e-02 -1.505457032250837740e-02
3.205129860364375194e-02 -1.572330252462484854e-02
3.615784144005795842e-02 -1.633616692762572889e-02
4.050702638550263135e-02 -1.689231569498603203e-02
4.509775855592612626e-02 -1.739129489758453606e-02
4.992888225905456334e-02 -1.783303463532819044e-02
5.499918128533154427e-02 -1.821783217291105331e-02
6.030737921409157209e-02 -1.854632797598409349e-02
6.585213973489323358e-02 -1.881947473696685136e-02
7.163206698392743377e-02 -1.903849970231095978e-02
7.764570589541863743e-02 -1.920486084839865756e-02
8.389154256793041053e-02 -1.932019769353231914e-02
9.036800464548166989e-02 -1.938627776991062521e-02
9.707346171337882801e-02 -1.940494000278255443e-02
1.040062257086641351e-01 -1.937803644453706120e-02
1.111645513450765232e-01 -1.930737397978894709e-02
1.185466365524179277e-01 -1.919465774442770042e-02
1.261506229302150617e-01 -1.904143807872816022e-02
1.339745962155614034e-01 -1.884906285471407705e-02
1.420165867650229341e-01 -1.861863697520528549e-02
1.502745700504856119e-01 -1.835099073232435152e-02
1.587464671688187945e-01 -1.804665853469732822e-02
1.674301453652287108e-01 -1.770586926544973766e-02
1.763234185701672008e-01 -1.732854922012848353e-02
1.854240479496642724e-01 -1.691433820019878215e-02
1.947297424689413692e-01 -1.646261891170726702e-02
2.042381594691679014e-01 -1.597255935056058132e-02
2.139469052572124941e-01 -1.544316735857259072e-02
2.238535357082431787e-01 -1.487335602312071618e-02
2.339555568810219865e-01 -1.426201808497660171e-02
2.442504256457417311e-01 -1.360810703220951233e-02
2.547355503242452190e-01 -1.291072211262994825e-02
2.654082913424666845e-01 -1.216919411318458447e-02
2.762659618949298013e-01 -1.138316845208126732e-02
2.873058286211370715e-01 -1.055268192751952772e-02
2.985251122936787294e-01 -9.678229383601816976e-03
3.099209885178879631e-01 -8.760816605032490517e-03
3.214905884428678196e-01 -7.801995950451954924e-03
3.332309994837083789e-01 -6.803881589028369821e-03
3.451392660547150104e-01 -5.769141721353361792e-03
3.572123903134606371e-01 -4.700965844067388558e-03
3.694473329154774888e-01 -3.603005952936656070e-03
3.818410137793947223e-01 -2.479291560514526073e-03
3.943903128623333920e-01 -1.334119515154928194e-03
4.070920709453594855e-01 -1.719208248470779769e-04
4.199430904288018462e-01 1.002892017353905225e-03
4.329401361372292589e-01 2.186092375260478230e-03
4.460799361338897429e-01 3.373815314119675644e-03
4.593591825444023335e-01 4.562734496919761129e-03
4.727745323894976259e-01 5.750231494636190259e-03
4.863226084265935834e-01 6.934547840640964932e-03
5.000000000000001110e-01 8.114909341082950089e-03
5.138032638995313484e-01 9.291611608602846906e-03
5.277289252273172915e-01 1.046605557717414717e-02
5.417734782725895926e-01 1.164072194108850197e-02
5.559333873942259308e-01 1.281907409855278894e-02
5.702050879108284676e-01 1.400538032330039817e-02
5.845849869981135649e-01 1.520444758347079019e-02
5.990694645933862805e-01 1.642126171565583964e-02
6.136548743068714895e-01 1.766053157407582522e-02
6.283375443396724824e-01 1.892613833006380822e-02
6.431137784081281117e-01 2.022049530267896328e-02
6.579798566743311206e-01 2.154382855072754094e-02
6.729320366825783939e-01 2.289339392798987391e-02
6.879665543015128781e-01 2.426265235907161533e-02
7.030796246717250231e-01 2.564043167804644016e-02
7.182674431585703845e-01 2.701011041340791244e-02
7.335261863099650226e-01 2.834886631050093087e-02
7.488520128189207758e-01 2.962704004858174311e-02
7.642410644905727191e-01 3.080767240878171803e-02
7.796894672134594417e-01 3.184628093997392273e-02
7.951933319348093443e-01 3.269094979516657534e-02
8.107487556395898132e-01 3.328281370133321510e-02
8.263518223330695855e-01 3.355702379874906521e-02
8.419986040266501659e-01 3.344428915096240434e-02
8.576851617267149397e-01 3.287309288604217672e-02
8.734075464262507360e-01 3.177268598284244128e-02
8.891618000989889303e-01 3.007696446175249505e-02
9.049439566958173975e-01 2.772933698030716557e-02
9.207500431432115162e-01 2.468868937996030952e-02
9.365760803434354242e-01 2.093655040236185039e-02
9.524180841762578398e-01 1.648555842799005050e-02
9.682720665019324269e-01 1.138932254266587785e-02
9.841340361651920166e-01 5.753762387353203271e-03
9.999999999999998890e-01 -2.499999999999572334e-04
