9.999999999999998890e-01 2.500000000000710204e-04
9.841340361651920166e-01 1.031256697073363281e-02
9.682720665019324269e-01 2.016205094477247287e-02
9.524180841762578398e-01 2.975193315526626289e-02
9.365760803434354242e-01 3.904527091101231417e-02
9.207500431432115162e-01 4.801389012865732442e-02
9.049439566958173975e-01 5.663755297378071651e-02
8.891618000989889303e-01 6.490311387155896228e-02
8.734075464262507360e-01 7.280367628049921880e-02
8.576851617267149397e-01 8.033776163358802291e-02
8.419986040266501659e-01 8.750850076276184275e-02
8.263518223330695855e-01 9.432285695782190171e-02
8.107487556395898132e-01 1.007908885926240006e-01
7.951933319348093443e-01 1.069250580019934366e-01
7.796894672134594417e-01 1.127395920339436253e-01
7.642410644905727191e-01 1.182498984539300940e-01
7.488520128189207758e-01 1.234720411601488710e-01
7.335261863099650226e-01 1.284222759987840023e-01
7.182674431585703845e-01 1.331166478612526016e-01
7.030796246717250231e-01 1.375706487155442248e-01
6.879665543015128781e-01 1.417989352822014992e-01
6.729320366825783939e-01 1.458151042216779270e-01
6.579798566743311206e-01 1.496315219607840530e-01
6.431137784081281117e-01 1.532592056565588723e-01
6.283375443396724824e-01 1.567077512787984350e-01
6.136548743068714895e-01 1.599853043881775683e-01
5.990694645933862805e-01 1.630985688939406153e-01
5.845849869981135649e-01 1.660528488901638067e-01
5.702050879108284676e-01 1.688521185875951902e-01
5.559333873942259308e-01 1.714991153725154149e-01
5.417734782725895926e-01 1.739954511271199489e-01
5.277289252273172915e-01 1.763417371287013535e-01
5.138032638995313484e-01 1.785377180976683298e-01
5.000000000000001110e-01 1.805824112768223966e-01
4.863226084265935834e-01 1.824742467855871852e-01
4.727745323894976259e-01 1.842112058921540063e-01
4.593591825444023335e-01 1.857909542729403451e-01
4.460799361338897429e-01 1.872109677717730680e-01
4.329401361372292589e-01 1.884686486207034495e-01
4.199430904288018462e-01 1.895614305308026548e-01
4.070920709453594855e-01 1.904868714959653542e-01
3.943903128623333920e-01 1.912427335677855111e-01
3.818410137793947223e-01 1.918270492481148337e-01
3.694473329154774888e-01 1.922381745021562449e-01
3.572123903134606371e-01 1.924748287141858083e-01
3.451392660547150104e-01 1.925361221866764283e-01
3.332309994837083789e-01 1.924215720192795076e-01
3.214905884428678196e-01 1.921311073954752868e-01
3.099209885178879631e-01 1.916650654514754082e-01
2.985251122936787294e-01 1.910241790048646804e-01
2.873058286211370715e-01 1.902095574811641376e-01
2.762659618949298013e-01 1.892226623974274657e-01
2.654082913424666845e-01 1.880652787463279185e-01
2.547355503242452190e-01 1.867394835756946980e-01
2.442504256457417311e-01 1.852476129813525885e-01
2.339555568810219865e-01 1.835922286299518646e-01
2.238535357082431787e-01 1.817760848080273162e-01
2.139469052572124941e-01 1.798020968586535318e-01
2.042381594691679014e-01 1.776733117225883785e-01
1.947297424689413692e-01 1.753928811514052222e-01
1.854240479496642724e-01 1.729640380102458463e-01
1.763234185701672008e-01 1.703900759415708233e-01
1.674301453652287108e-01 1.676743325223389869e-01
1.587464671688187945e-01 1.648201759186193605e-01
1.502745700504856119e-01 1.618309949264065684e-01
1.420165867650229341e-01 1.587101921875088140e-01
1.339745962155614034e-01 1.554611802863506975e-01
1.261506229302150617e-01 1.520873803683552294e-01
1.185466365524179277e-01 1.485922228736404338e-01
1.111645513450765232e-01 1.449791499509578974e-01
1.040062257086641351e-01 1.412516191054589421e-01
9.707346171337882801e-02 1.374131076389168427e-01
9.036800464548166989e-02 1.334671174609492472e-01
8.389154256793041053e-02 1.294171798827580822e-01
7.764570589541863743e-02 1.252668600488343886e-01
7.163206698392743377e-02 1.210197607146812071e-01
6.585213973489323358e-02 1.166795251374976028e-01
6.030737921409157209e-02 1.122498389094969684e-01
5.499918128533154427e-02 1.077344306277019242e-01
4.992888225905456334e-02 1.031370713573667997e-01
4.509775855592612626e-02 9.846157290647586380e-02
4.050702638550263135e-02 9.371178498413233748e-02
3.615784144005795842e-02 8.889159136443622322e-02
3.205129860364375194e-02 8.400490521827483348e-02
2.818843167645834757e-02 7.905566380730837117e-02
2.457021311459295365e-02 7.404782275662875890e-02
2.119755378522125699e-02 6.898535013478274136e-02
1.807130273729329328e-02 6.387222057209421266e-02
1.519224698779197968e-02 5.871240964086005959e-02
1.256111132360571148e-02 5.350988870468827152e-02
1.017855811906731578e-02 4.826862041995364644e-02
8.045187169204659483e-03 4.299255504124878391e-02
6.161535538745877005e-03 3.768562764620439487e-02
4.528077426915411152e-03 3.235175635466037286e-02
3.145224048057615462e-03 2.699484157454654087e-02
2.013323528115562588e-03 2.161876626360171791e-02
1.132660816992037134e-03 1.622739715392026646e-02
5.034576168149174080e-04 1.082458684681695919e-02
1.258723261249317105e-04 5.414176650115814192e-03
0.000000000000000000e+00 0.000000000000000000e+00
1.258723261249317105e-04 -5.255239305789386091e-03
5.034576168149174080e-04 -1.049857689464139300e-02
1.132660816992037134e-03 -1.571819073183776394e-02
2.013323528115562588e-03 -2.090254039393903487e-02
3.145224048057615462e-03 -2.604049888294316523e-02
4.528077426915411152e-03 -3.112147392932907222e-02
6.161535538745877005e-03 -3.613551575172131020e-02
8.045187169204659483e-03 -4.107340862766698658e-02
1.017855811906731578e-02 -4.592674409231695815e-02
1.256111132360571148e-02 -5.068797410642892493e-02
1.519224698779197968e-02 -5.535044310702041948e-02
1.807130273729329328e-02 -5.990839845672197433e-02
2.119755378522125699e-02 -6.435697942406089223e-02
2.457021311459295365e-02 -6.869218543865332482e-02
2.818843167645834757e-02 -7.291082495481257530e-02
3.205129860364375194e-02 -7.701044680711242874e-02
3.615784144005795842e-02 -8.098925643575549671e-02
4.050702638550263135e-02 -8.484601978345694684e-02
4.509775855592612626e-02 -8.857995800618230497e-02
4.992888225905456334e-02 -9.219063638699409591e-02
5.499918128533154427e-02 -9.567785098764626517e-02
6.030737921409157209e-02 -9.904151661147173047e-02
6.585213973489323358e-02 -1.022815595816774781e-01
7.163206698392743377e-02 -1.053978186626809005e-01
7.764570589541863743e-02 -1.083899571730667505e-01
8.389154256793041053e-02 -1.112573889646606834e-01
9.036800464548166989e-02 -1.139992204835858641e-01
9.707346171337882801e-02 -1.166142105991350014e-01
1.040062257086641351e-01 -1.191007493003304329e-01
1.111645513450765232e-01 -1.214568557355709399e-01
1.185466365524179277e-01 -1.236801954266557452e-01
1.261506229302150617e-01 -1.257681158445568548e-01
1.339745962155614034e-01 -1.277176989107988714e-01
1.420165867650229341e-01 -1.295258284052312470e-01
1.502745700504856119e-01 -1.311892697375857675e-01
1.587464671688187945e-01 -1.327047590943980782e-01
1.674301453652287108e-01 -1.340690986205817503e-01
1.763234185701672008e-01 -1.352792540497045337e-01
1.854240479496642724e-01 -1.363324510693972036e-01
1.947297424689413692e-01 -1.372262667056033114e-01
2.042381594691679014e-01 -1.379587121351514012e-01
2.139469052572124941e-01 -1.385283035901264670e-01
2.238535357082431787e-01 -1.389341183954451997e-01
2.339555568810219865e-01 -1.391758336745627933e-01
2.442504256457417311e-01 -1.392537458550735519e-01
2.547355503242452190e-01 -1.391687697900757525e-01
2.654082913424666845e-01 -1.389224170630892208e-01
2.762659618949298013e-01 -1.385167538415598976e-01
2.873058286211370715e-01 -1.379543394616135898e-01
2.985251122936787294e-01 -1.372381477379284176e-01
3.099209885178879631e-01 -1.363714737694251833e-01
3.214905884428678196e-01 -1.353578297256071705e-01
3.332309994837083789e-01 -1.342008337219389447e-01
3.451392660547150104e-01 -1.329040963990557600e-01
3.572123903134606371e-01 -1.314711101854371122e-01
3.694473329154774888e-01 -1.299051464250692844e-01
3.818410137793947223e-01 -1.282091655730101531e-01
3.943903128623333920e-01 -1.263857454897125143e-01
4.070920709453594855e-01 -1.244370324918156051e-01
4.199430904288018462e-01 -1.223647192411001228e-01
4.329401361372292589e-01 -1.201700527790159623e-01
4.460799361338897429e-01 -1.178538750528979051e-01
4.593591825444023335e-01 -1.154166971498205713e-01
4.727745323894976259e-01 -1.128588071800298576e-01
4.863226084265935834e-01 -1.101804103657597483e-01
5.000000000000001110e-01 -1.073817984311162960e-01
5.138032638995313484e-01 -1.044635438985605097e-01
5.277289252273172915e-01 -1.014267134264520698e-01
5.417734782725895926e-01 -9.827309292351611714e-02
5.559333873942259308e-01 -9.500541590653777124e-02
5.702050879108284676e-01 -9.162758548567950800e-02
5.845849869981135649e-01 -8.814487952681906990e-02
5.990694645933862805e-01 -8.456412801072053786e-02
6.136548743068714895e-01 -8.089385144087272994e-02
6.283375443396724824e-01 -7.714434939776747269e-02
6.431137784081281117e-01 -7.332772904405152059e-02
6.579798566743311206e-01 -6.945786459208323771e-02
6.729320366825783939e-01 -6.555028048401168039e-02
6.879665543015128781e-01 -6.162195332550634425e-02
7.030796246717250231e-01 -5.769103046714522953e-02
7.182674431585703845e-01 -5.377646653899762624e-02
7.335261863099650226e-01 -4.989758319718764351e-02
7.488520128189207758e-01 -4.607356180480881580e-02
7.642410644905727191e-01 -4.232288369707363357e-02
7.796894672134594417e-01 -3.866273801034024460e-02
7.951933319348093443e-01 -3.510842270977013874e-02
8.107487556395898132e-01 -3.167277033905680633e-02
8.263518223330695855e-01 -2.836563603198733255e-02
8.419986040266501659e-01 -2.519349135044995913e-02
8.576851617267149397e-01 -2.215917341599632148e-02
8.734075464262507360e-01 -1.926184444120101341e-02
8.891618000989889303e-01 -1.649722199373777898e-02
9.049439566958173975e-01 -1.385814498539008309e-02
9.207500431432115162e-01 -1.133554431197963085e-02
9.365760803434354242e-01 -8.919890119813438448e-03
9.524180841762578398e-01 -6.603189683648075410e-03
9.682720665019324269e-01 -4.381610699949174334e-03
9.841340361651920166e-01 -2.258804285909422980e-03
9.999999999999998890e-01 -2.500000000000135577e-04
