9.999999999999998890e-01 2.500000000001006192e-04
9.841340361651920166e-01 1.454506888914406694e-02
9.682720665019324269e-01 2.863503168094098938e-02
9.524180841762578398e-01 4.248561987892801595e-02
9.365760803434354242e-01 5.607496263564221844e-02
9.207500431432115162e-01 6.939061787986958163e-02
9.049439566958173975e-01 8.242706916421875529e-02
8.891618000989889303e-01 9.518364931304588994e-02
8.734075464262507360e-01 1.076628504563505867e-01
8.576851617267149397e-01 1.198689793906492496e-01
8.419986040266501659e-01 1.318071173397899754e-01
8.263518223330695855e-01 1.434823440168008224e-01
8.107487556395898132e-01 1.548991873264368713e-01
7.951933319348093443e-01 1.660612620080399726e-01
7.796894672134594417e-01 1.769710629089851772e-01
7.642410644905727191e-01 1.876298813099173679e-01
7.488520128189207758e-01 1.980378157055226462e-01
7.335261863099650226e-01 2.081938515934150247e-01
7.182674431585703845e-01 2.180959880581493648e-01
7.030796246717250231e-01 2.277413921825320042e-01
6.879665543015128781e-01 2.371265655061720878e-01
6.729320366825783939e-01 2.462475098210950286e-01
6.579798566743311206e-01 2.550998824938188747e-01
6.431137784081281117e-01 2.636791341887738116e-01
6.283375443396724824e-01 2.719806243042252603e-01
6.136548743068714895e-01 2.799997115926126101e-01
5.990694645933862805e-01 2.877318193047324613e-01
5.845849869981135649e-01 2.951724757619977879e-01
5.702050879108284676e-01 3.023173325214630891e-01
5.559333873942259308e-01 3.091621632599642067e-01
5.417734782725895926e-01 3.157028471786460511e-01
5.277289252273172915e-01 3.219353411350966976e-01
5.138032638995313484e-01 3.278556448698776160e-01
5.000000000000001110e-01 3.334597636339755033e-01
4.863226084265935834e-01 3.387436722731456684e-01
4.727745323894976259e-01 3.437032844158722789e-01
4.593591825444023335e-01 3.483344298765185809e-01
4.460799361338897429e-01 3.526328427571861490e-01
4.329401361372292589e-01 3.565941620433513148e-01
4.199430904288018462e-01 3.602139457706284298e-01
4.070920709453594855e-01 3.634876991221854259e-01
3.943903128623333920e-01 3.664109161249693991e-01
3.818410137793947223e-01 3.689791339714493801e-01
3.694473329154774888e-01 3.711879984220764483e-01
3.572123903134606371e-01 3.730333382583355673e-01
3.451392660547150104e-01 3.745112463694599825e-01
3.332309994837083789e-01 3.756181647759710973e-01
3.214905884428678196e-01 3.763509707245643598e-01
3.099209885178879631e-01 3.767070609321369057e-01
2.985251122936787294e-01 3.766844311089012631e-01
2.873058286211370715e-01 3.762817480453381491e-01
2.762659618949298013e-01 3.754984117959659917e-01
2.654082913424666845e-01 3.743346058229124473e-01
2.547355503242452190e-01 3.727913333603183332e-01
2.442504256457417311e-01 3.708704387114821754e-01
2.339555568810219865e-01 3.685746126780866661e-01
2.238535357082431787e-01 3.659073818280897950e-01
2.139469052572124941e-01 3.628730818191556740e-01
2.042381594691679014e-01 3.594768154915546909e-01
1.947297424689413692e-01 3.557243969129461614e-01
1.854240479496642724e-01 3.516222829833443586e-01
1.763234185701672008e-01 3.471774945795281231e-01
1.674301453652287108e-01 3.423975295238659289e-01
1.587464671688187945e-01 3.372902698948095912e-01
1.502745700504856119e-01 3.318638863494586810e-01
1.420165867650229341e-01 3.261267421992592452e-01
1.339745962155614034e-01 3.200872999673236574e-01
1.261506229302150617e-01 3.137540330616521156e-01
1.185466365524179277e-01 3.071353450266968710e-01
1.111645513450765232e-01 3.002394985923924620e-01
1.040062257086641351e-01 2.930745564330533015e-01
9.707346171337882801e-02 2.856483351882345700e-01
9.036800464548166989e-02 2.779683738948450222e-01
8.389154256793041053e-02 2.700419175467345667e-01
7.764570589541863743e-02 2.618759160474489756e-01
7.163206698392743377e-02 2.534770383670481575e-01
6.585213973489323358e-02 2.448517012678937121e-01
6.030737921409157209e-02 2.360061115398120746e-01
5.499918128533154427e-02 2.269463202939236424e-01
4.992888225905456334e-02 2.176782875175541088e-01
4.509775855592612626e-02 2.082079547994437341e-01
4.050702638550263135e-02 1.985413239028222532e-01
3.615784144005795842e-02 1.886845386999108920e-01
3.205129860364375194e-02 1.786439678891282301e-01
2.818843167645834757e-02 1.684262858978571586e-01
2.457021311459295365e-02 1.580385494290813819e-01
2.119755378522125699e-02 1.474882672375103232e-01
1.807130273729329328e-02 1.367834609160029358e-01
1.519224698779197968e-02 1.259327147303420380e-01
1.256111132360571148e-02 1.149452128521936400e-01
1.017855811906731578e-02 1.038307626974644265e-01
8.045187169204659483e-03 9.259980347007522317e-02
6.161535538745877005e-03 8.126339942833885055e-02
4.528077426915411152e-03 6.983321782094262242e-02
3.145224048057615462e-03 5.832149187006171326e-02
2.013323528115562588e-03 4.674096959832610421e-02
1.132660816992037134e-03 3.510484969271344957e-02
5.034576168149174080e-04 2.342670596095075899e-02
1.258723261249317105e-04 1.172040225470602319e-02
0.000000000000000000e+00 0.000000000000000000e+00
1.258723261249317105e-04 -1.155824908968701263e-02
5.034576168149174080e-04 -2.309626288929217397e-02
1.132660816992037134e-03 -3.459394548983935752e-02
2.013323528115562588e-03 -4.603160069556073986e-02
3.145224048057615462e-03 -5.739011968296400812e-02
4.528077426915411152e-03 -6.865115439473283565e-02
6.161535538745877005e-03 -7.979727253747094518e-02
8.045187169204659483e-03 -9.081209056459423057e-02
1.017855811906731578e-02 -1.016803816384270753e-01
1.256111132360571148e-02 -1.123881562615123564e-01
1.519224698779197968e-02 -1.229227140266547225e-01
1.807130273729329328e-02 -1.332726657367327983e-01
2.119755378522125699e-02 -1.434279259661865036e-01
2.457021311459295365e-02 -1.533796769528693593e-01
2.818843167645834757e-02 -1.631203054983823286e-01
3.205129860364375194e-02 -1.726433152944264193e-01
3.615784144005795842e-02 -1.819432177608207302e-01
4.050702638550263135e-02 -1.910154050582628937e-01
4.509775855592612626e-02 -1.998560094087948047e-01
4.992888225905456334e-02 -2.084617532053700817e-01
5.499918128533154427e-02 -2.168297946084550565e-01
6.030737921409157209e-02 -2.249575734054564957e-01
6.585213973489323358e-02 -2.328426618452182073e-01
7.163206698392743377e-02 -2.404826249561299312e-01
7.764570589541863743e-02 -2.478748945179975738e-01
8.389154256793041053e-02 -2.550166603940842158e-01
9.036800464548166989e-02 -2.619047823538435127e-01
9.707346171337882801e-02 -2.685357248454346979e-01
1.040062257086641351e-01 -2.749055164297676268e-01
1.111645513450765232e-01 -2.810097347867066553e-01
1.185466365524179277e-01 -2.868435173732084564e-01
1.261506229302150617e-01 -2.924015969778323565e-01
1.339745962155614034e-01 -2.976783606020413919e-01
1.420165867650229341e-01 -3.026679293315671093e-01
1.502745700504856119e-01 -3.073642561654165162e-01
1.587464671688187945e-01 -3.117612381687238088e-01
1.674301453652287108e-01 -3.158528388290016697e-01
1.763234185701672008e-01 -3.196332161407261507e-01
1.854240479496642724e-01 -3.230968517342157620e-01
1.947297424689413692e-01 -3.262386763108104382e-01
2.042381594691679014e-01 -3.290541867522128738e-01
2.139469052572124941e-01 -3.315395505373770479e-01
2.238535357082431787e-01 -3.336916935203578793e-01
2.339555568810219865e-01 -3.355083676868027553e-01
2.442504256457417311e-01 -3.369881962001005649e-01
2.547355503242452190e-01 -3.381306938507378512e-01
2.654082913424666845e-01 -3.389362619100823037e-01
2.762659618949298013e-01 -3.394061573348353678e-01
2.873058286211370715e-01 -3.395424372400402402e-01
2.985251122936787294e-01 -3.393478805238733798e-01
3.099209885178879631e-01 -3.388258894523175635e-01
3.214905884428678196e-01 -3.379803748617592474e-01
3.332309994837083789e-01 -3.368156293789342226e-01
3.451392660547150104e-01 -3.353361936586640724e-01
3.572123903134606371e-01 -3.335467210716860920e-01
3.694473329154774888e-01 -3.314518465127988534e-01
3.818410137793947223e-01 -3.290560650238392171e-01
3.943903128623333920e-01 -3.263636257229716731e-01
4.070920709453594855e-01 -3.233784460945917649e-01
4.199430904288018462e-01 -3.201040510235234060e-01
4.329401361372292589e-01 -3.165435400619753814e-01
4.460799361338897429e-01 -3.126995853151736116e-01
4.593591825444023335e-01 -3.085744610476288674e-01
4.727745323894976259e-01 -3.041701046811031151e-01
4.863226084265935834e-01 -2.994882073202259631e-01
5.000000000000001110e-01 -2.945303303529082650e-01
5.138032638995313484e-01 -2.892980430876505027e-01
5.277289252273172915e-01 -2.837930748720329799e-01
5.417734782725895926e-01 -2.780174737543391061e-01
5.559333873942259308e-01 -2.719737625749519827e-01
5.702050879108284676e-01 -2.656650824791957355e-01
5.845849869981135649e-01 -2.590953133018438770e-01
5.990694645933862805e-01 -2.522691601568605724e-01
6.136548743068714895e-01 -2.451921959412637353e-01
6.283375443396724824e-01 -2.378708503904991278e-01
6.431137784081281117e-01 -2.303123378573597724e-01
6.579798566743311206e-01 -2.225245181700845065e-01
6.729320366825783939e-01 -2.145156877883894475e-01
6.879665543015128781e-01 -2.062943020353932566e-01
7.030796246717250231e-01 -1.978686334394854085e-01
7.182674431585703845e-01 -1.892463761568196345e-01
7.335261863099650226e-01 -1.804342120275315986e-01
7.488520128189207758e-01 -1.714373599930106296e-01
7.642410644905727191e-01 -1.622591372938253229e-01
7.796894672134594417e-01 -1.529005679844780974e-01
7.951933319348093443e-01 -1.433600817286666274e-01
8.107487556395898132e-01 -1.336333534447140536e-01
8.263518223330695855e-01 -1.237133420050205296e-01
8.419986040266501659e-01 -1.135905936891346418e-01
8.576851617267149397e-01 -1.032538832664209177e-01
8.734075464262507360e-01 -9.269127224848010271e-02
8.891618000989889303e-01 -8.189166980162840281e-02
9.049439566958173975e-01 -7.084698683819919129e-02
9.207500431432115162e-01 -5.955497770232062033e-02
9.365760803434354242e-01 -4.802286642286898027e-02
9.524180841762578398e-01 -3.627185552096253568e-02
9.682720665019324269e-01 -2.434261463905362452e-02
9.841340361651920166e-01 -1.230184362520087525e-02
9.999999999999998890e-01 -2.500000000000840309e-04
