9.999999999999998890e-01 2.500000000001356931e-04
9.841340361651920166e-01 1.954900653840050198e-02
9.682720665019324269e-01 3.849828562799549603e-02
9.524180841762578398e-01 5.691489021676809923e-02
9.365760803434354242e-01 7.468249556564986180e-02
9.207500431432115162e-01 9.173729090838553257e-02
9.049439566958173975e-01 1.080557735762137095e-01
8.891618000989889303e-01 1.236443248905097214e-01
8.734075464262507360e-01 1.385304366840776902e-01
8.576851617267149397e-01 1.527554500485106825e-01
8.419986040266501659e-01 1.663686636260851559e-01
8.263518223330695855e-01 1.794226672433589798e-01
8.107487556395898132e-01 1.919697576675911399e-01
7.951933319348093443e-01 2.040592964843540302e-01
7.796894672134594417e-01 2.157358752598126095e-01
7.642410644905727191e-01 2.270381599710571685e-01
7.488520128189207758e-01 2.379982948675724297e-01
7.335261863099650226e-01 2.486417551747411026e-01
7.182674431585703845e-01 2.589875480827104615e-01
7.030796246717250231e-01 2.690486720101266105e-01
6.879665543015128781e-01 2.788327549376908299e-01
6.729320366825783939e-01 2.883428034365567161e-01
6.579798566743311206e-01 2.975780046589805994e-01
6.431137784081281117e-01 3.065345338256848517e-01
6.283375443396724824e-01 3.152063294744146815e-01
6.136548743068714895e-01 3.235858077923953746e-01
5.990694645933862805e-01 3.316644956343447470e-01
5.845849869981135649e-01 3.394335692468287147e-01
5.702050879108284676e-01 3.468842922248347449e-01
5.559333873942259308e-01 3.540083517882798847e-01
5.417734782725895926e-01 3.607980970790490849e-01
5.277289252273172915e-01 3.672466868588142308e-01
5.138032638995313484e-01 3.733481567693203718e-01
5.000000000000001110e-01 3.790974182517881097e-01
4.863226084265935834e-01 3.844902023764699139e-01
4.727745323894976259e-01 3.895229622844568751e-01
4.593591825444023335e-01 3.941927477774729849e-01
4.460799361338897429e-01 3.984970648993667597e-01
4.329401361372292589e-01 4.024337322302965481e-01
4.199430904288018462e-01 4.060007441568608266e-01
4.070920709453594855e-01 4.091961496826337918e-01
3.943903128623333920e-01 4.120179534939068522e-01
3.818410137793947223e-01 4.144640440793903591e-01
3.694473329154774888e-01 4.165321517973824550e-01
3.572123903134606371e-01 4.182198379580182590e-01
3.451392660547150104e-01 4.195245143005939537e-01
3.332309994837083789e-01 4.204434907452200276e-01
3.214905884428678196e-01 4.209740480220180436e-01
3.099209885178879631e-01 4.211135307567662744e-01
2.985251122936787294e-01 4.208594558356187898e-01
2.873058286211370715e-01 4.202096303893856355e-01
2.762659618949298013e-01 4.191622735263543786e-01
2.654082913424666845e-01 4.177161359895396053e-01
2.547355503242452190e-01 4.158706121996811889e-01
2.442504256457417311e-01 4.136258396428235673e-01
2.339555568810219865e-01 4.109827812392247148e-01
2.238535357082431787e-01 4.079432871530223603e-01
2.139469052572124941e-01 4.045101334312981023e-01
2.042381594691679014e-01 4.006870358574170510e-01
1.947297424689413692e-01 3.964786384273234487e-01
1.854240479496642724e-01 3.918904768705558372e-01
1.763234185701672008e-01 3.869289186042206841e-01
1.674301453652287108e-01 3.816010813954228698e-01
1.587464671688187945e-01 3.759147337872295602e-01
1.502745700504856119e-01 3.698781809915457353e-01
1.420165867650229341e-01 3.635001404509736189e-01
1.339745962155614034e-01 3.567896116081862856e-01
1.261506229302150617e-01 3.497557445887045646e-01
1.185466365524179277e-01 3.424077125001533939e-01
1.111645513450765232e-01 3.347545918825837186e-01
1.040062257086641351e-01 3.268052555200128273e-01
9.707346171337882801e-02 3.185682813574520766e-01
9.036800464548166989e-02 3.100518806789711035e-01
8.389154256793041053e-02 3.012638480128657648e-01
7.764570589541863743e-02 2.922115344644894419e-01
7.163206698392743377e-02 2.829018453623189377e-01
6.585213973489323358e-02 2.733412622659007196e-01
6.030737921409157209e-02 2.635358885530693640e-01
5.499918128533154427e-02 2.534915170051701416e-01
4.992888225905456334e-02 2.432137170682888982e-01
4.509775855592612626e-02 2.327079388088044154e-01
4.050702638550263135e-02 2.219796300230767183e-01
3.615784144005795842e-02 2.110343625205122198e-01
3.205129860364375194e-02 1.998779632893459557e-01
2.818843167645834757e-02 1.885166460838661462e-01
2.457021311459295365e-02 1.769571389445959153e-01
2.119755378522125699e-02 1.652068032788603924e-01
1.807130273729329328e-02 1.532737403834641687e-01
1.519224698779197968e-02 1.411668816750157873e-01
1.256111132360571148e-02 1.288960593939573740e-01
1.017855811906731578e-02 1.164720551493773071e-01
8.045187169204659483e-03 1.039066243540372608e-01
6.161535538745877005e-03 9.121249534125669411e-02
4.528077426915411152e-03 7.840334273418216038e-02
3.145224048057615462e-03 6.549373542946185234e-02
2.013323528115562588e-03 5.249906033697952779e-02
1.132660816992037134e-03 3.943542376128496285e-02
5.034576168149174080e-04 2.631953299591646700e-02
1.258723261249317105e-04 1.316856130810462218e-02
0.000000000000000000e+00 0.000000000000000000e+00
1.258723261249317105e-04 -1.301991357207794853e-02
5.034576168149174080e-04 -2.601877546456616078e-02
1.132660816992037134e-03 -3.897564998420451760e-02
2.013323528115562588e-03 -5.186995535524086681e-02
3.145224048057615462e-03 -6.468163092537652925e-02
4.528077426915411152e-03 -7.739129292999891163e-02
6.161535538745877005e-03 -8.998037544549707112e-02
8.045187169204659483e-03 -1.024312535295505561e-01
1.017855811906731578e-02 -1.147273459878712099e-01
1.256111132360571148e-02 -1.268531957120877240e-01
1.519224698779197968e-02 -1.387945260898254818e-01
1.807130273729329328e-02 -1.505382725816987732e-01
2.119755378522125699e-02 -1.620725891762632986e-01
2.457021311459295365e-02 -1.733868300575088228e-01
2.818843167645834757e-02 -1.844715074346867378e-01
3.205129860364375194e-02 -1.953182270756628480e-01
3.615784144005795842e-02 -2.059196036376413075e-01
4.050702638550263135e-02 -2.162691583889500280e-01
4.509775855592612626e-02 -2.263612023497852399e-01
4.992888225905456334e-02 -2.361907082370873490e-01
5.499918128533154427e-02 -2.457531748696441809e-01
6.030737921409157209e-02 -2.550444878666965898e-01
6.585213973489323358e-02 -2.640607805517207196e-01
7.163206698392743377e-02 -2.727982989499843081e-01
7.764570589541863743e-02 -2.812532746438440867e-01
8.389154256793041053e-02 -2.894218090259388920e-01
9.036800464548166989e-02 -2.972997721724046638e-01
9.707346171337882801e-02 -3.048827191533614589e-01
1.040062257086641351e-01 -3.121658261158295478e-01
1.111645513450765232e-01 -3.191438479266545669e-01
1.185466365524179277e-01 -3.258110985635052637e-01
1.261506229302150617e-01 -3.321614548055886740e-01
1.339745962155614034e-01 -3.381883831186277001e-01
1.420165867650229341e-01 -3.438849889678742278e-01
1.502745700504856119e-01 -3.492440871458530882e-01
1.587464671688187945e-01 -3.542582910855116562e-01
1.674301453652287108e-01 -3.589201185613518641e-01
1.763234185701672008e-01 -3.632221106769205066e-01
1.854240479496642724e-01 -3.671569606114439832e-01
1.947297424689413692e-01 -3.707176482643444460e-01
2.042381594691679014e-01 -3.738975767048565158e-01
2.139469052572124941e-01 -3.766907062134847162e-01
2.238535357082431787e-01 -3.790916816985543392e-01
2.339555568810219865e-01 -3.810959493876553417e-01
2.442504256457417311e-01 -3.826998589304405063e-01
2.547355503242452190e-01 -3.839007474029492162e-01
2.654082913424666845e-01 -3.846970021682917240e-01
2.762659618949298013e-01 -3.850881001149253358e-01
2.873058286211370715e-01 -3.850746214497973718e-01
2.985251122936787294e-01 -3.846582369545119562e-01
3.099209885178879631e-01 -3.838416684011127789e-01
3.214905884428678196e-01 -3.826286226507230603e-01
3.332309994837083789e-01 -3.810237008020470606e-01
3.451392660547150104e-01 -3.790322845952646680e-01
3.572123903134606371e-01 -3.766604030870326913e-01
3.694473329154774888e-01 -3.739145833707380184e-01
3.818410137793947223e-01 -3.708016897997631900e-01
3.943903128623333920e-01 -3.673287567580710289e-01
4.070920709453594855e-01 -3.635028204910687455e-01
4.199430904288018462e-01 -3.593307558415926861e-01
4.329401361372292589e-01 -3.548191239145734310e-01
4.460799361338897429e-01 -3.499740367060423241e-01
4.593591825444023335e-01 -3.448010445675943059e-01
4.727745323894976259e-01 -3.393050520299553674e-01
4.863226084265935834e-01 -3.334902669767336736e-01
5.000000000000001110e-01 -3.273601874438827330e-01
5.138032638995313484e-01 -3.209176294284741271e-01
5.277289252273172915e-01 -3.141647980331513934e-01
5.417734782725895926e-01 -3.071034030657083247e-01
5.559333873942259308e-01 -2.997348188764865085e-01
5.702050879108284676e-01 -2.920602867737536190e-01
5.845849869981135649e-01 -2.840811568366364837e-01
5.990694645933862805e-01 -2.757991643776800395e-01
6.136548743068714895e-01 -2.672167347265850257e-01
6.283375443396724824e-01 -2.583373084493156280e-01
6.431137784081281117e-01 -2.491656776202819112e-01
6.579798566743311206e-01 -2.397083223682587860e-01
6.729320366825783939e-01 -2.299737356577397918e-01
6.879665543015128781e-01 -2.199727231844543496e-01
7.030796246717250231e-01 -2.097186643931515382e-01
7.182674431585703845e-01 -1.992277200014689886e-01
7.335261863099650226e-01 -1.885189710665412799e-01
7.488520128189207758e-01 -1.776144745878089348e-01
7.642410644905727191e-01 -1.665392209224033082e-01
7.796894672134594417e-01 -1.553209789152648901e-01
7.951933319348093443e-01 -1.439900156256385955e-01
8.107487556395898132e-01 -1.325786788691123430e-01
8.263518223330695855e-01 -1.211208324874603337e-01
8.419986040266501659e-01 -1.096511362975641640e-01
8.576851617267149397e-01 -9.820416503873884151e-02
8.734075464262507360e-01 -8.681336331064985756e-02
8.891618000989889303e-01 -7.550983644031021569e-02
9.049439566958173975e-01 -6.432098039805048129e-02
9.207500431432115162e-01 -5.326895725404087040e-02
9.365760803434354242e-01 -4.236902617807129789e-02
9.524180841762578398e-01 -3.162774357973222039e-02
9.682720665019324269e-01 -2.104104960320000300e-02
9.841340361651920166e-01 -1.059226176624906285e-02
9.999999999999998890e-01 -2.500000000000720504e-04
