9.999999999999998890e-01 2.500000000001400299e-04
9.841340361651920166e-01 1.873897643295936027e-02
9.682720665019324269e-01 3.498828646049488567e-02
9.524180841762578398e-01 4.994080519775323523e-02
9.365760803434354242e-01 6.423371263441422785e-02
9.207500431432115162e-01 7.826780455924627067e-02
9.049439566958173975e-01 9.226626555014384723e-02
8.891618000989889303e-01 1.063237326550209166e-01
8.734075464262507360e-01 1.204465197544888205e-01
8.576851617267149397e-01 1.345848950343159767e-01
8.419986040266501659e-01 1.486583089810008529e-01
8.263518223330695855e-01 1.625744594945835175e-01
8.107487556395898132e-01 1.762430558661928492e-01
7.951933319348093443e-01 1.895851063607278120e-01
7.796894672134594417e-01 2.025385068950635303e-01
7.642410644905727191e-01 2.150606527398940815e-01
7.488520128189207758e-01 2.271287332070977827e-01
7.335261863099650226e-01 2.387383027676905356e-01
7.182674431585703845e-01 2.499006527468595751e-01
7.030796246717250231e-01 2.606394373205183079e-01
6.879665543015128781e-01 2.709869375177124118e-01
6.729320366825783939e-01 2.809802786892864890e-01
6.579798566743311206e-01 2.906578516442948623e-01
6.431137784081281117e-01 3.000561264149080865e-01
6.283375443396724824e-01 3.092069912395388198e-01
6.136548743068714895e-01 3.181356985201564957e-01
5.990694645933862805e-01 3.268594546985685301e-01
5.845849869981135649e-01 3.353866525157614409e-01
5.702050879108284676e-01 3.437167121071284526e-01
5.559333873942259308e-01 3.518404718254513064e-01
5.417734782725895926e-01 3.597410504092562467e-01
5.277289252273172915e-01 3.673950888340681842e-01
5.138032638995313484e-01 3.747742724937295211e-01
5.000000000000001110e-01 3.818470317604152897e-01
4.863226084265935834e-01 3.885803208927416930e-01
4.727745323894976259e-01 3.949413810736330799e-01
4.593591825444023335e-01 4.008994023994326139e-01
4.460799361338897429e-01 4.064270112274874225e-01
4.329401361372292589e-01 4.115015227396647268e-01
4.199430904288018462e-01 4.161059132289166018e-01
4.070920709453594855e-01 4.202294818316276714e-01
3.943903128623333920e-01 4.238681866211342908e-01
3.818410137793947223e-01 4.270246546145144428e-01
3.694473329154774888e-01 4.297078788576071395e-01
3.572123903134606371e-01 4.319326279463924223e-01
3.451392660547150104e-01 4.337186037974419262e-01
3.332309994837083789e-01 4.350893919568115664e-01
3.214905884428678196e-01 4.360712550762156359e-01
3.099209885178879631e-01 4.366918243069859984e-01
2.985251122936787294e-01 4.369787452607781231e-01
2.873058286211370715e-01 4.369583349261110805e-01
2.762659618949298013e-01 4.366543036401582256e-01
2.654082913424666845e-01 4.360865920802945439e-01
2.547355503242452190e-01 4.352703674914844556e-01
2.442504256457417311e-01 4.342152162731441334e-01
2.339555568810219865e-01 4.329245619099676423e-01
2.238535357082431787e-01 4.313953283603166322e-01
2.139469052572124941e-01 4.296178597357878104e-01
2.042381594691679014e-01 4.275760977369491567e-01
1.947297424689413692e-01 4.252480091621512748e-01
1.854240479496642724e-01 4.226062471681281130e-01
1.763234185701672008e-01 4.196190220948489702e-01
1.674301453652287108e-01 4.162511508010727224e-01
1.587464671688187945e-01 4.124652477805180739e-01
1.502745700504856119e-01 4.082230169878379167e-01
1.420165867650229341e-01 4.034866003993299866e-01
1.339745962155614034e-01 3.982199379193755440e-01
1.261506229302150617e-01 3.923900933269629521e-01
1.185466365524179277e-01 3.859685024989014113e-01
1.111645513450765232e-01 3.789321030660730560e-01
1.040062257086641351e-01 3.712643088357349130e-01
9.707346171337882801e-02 3.629557975912082735e-01
9.036800464548166989e-02 3.540050870758553736e-01
8.389154256793041053e-02 3.444188808734980345e-01
7.764570589541863743e-02 3.342121732882945007e-01
7.163206698392743377e-02 3.234081099696959338e-01
6.585213973489323358e-02 3.120376086859100728e-01
6.030737921409157209e-02 3.001387520896656724e-01
5.499918128533154427e-02 2.877559713210943726e-01
4.992888225905456334e-02 2.749390456490156676e-01
4.509775855592612626e-02 2.617419488808827022e-01
4.050702638550263135e-02 2.482215778172967846e-01
3.615784144005795842e-02 2.344364014646029837e-01
3.205129860364375194e-02 2.204450719579084117e-01
2.818843167645834757e-02 2.063050391325295108e-01
2.457021311459295365e-02 1.920712103969804130e-01
2.119755378522125699e-02 1.777946960251016173e-01
1.807130273729329328e-02 1.635216772547324338e-01
1.519224698779197968e-02 1.492924307455819610e-01
1.256111132360571148e-02 1.351405381308970477e-01
1.017855811906731578e-02 1.210923037448365935e-01
8.045187169204659483e-03 1.071663972917562269e-01
6.161535538745877005e-03 9.337373143438595924e-02
4.528077426915411152e-03 7.971757721700073462e-02
3.145224048057615462e-03 6.619391311567966729e-02
2.013323528115562588e-03 5.279199652964502304e-02
1.132660816992037134e-03 3.949513989948656711e-02
5.034576168149174080e-04 2.628166755265014254e-02
1.258723261249317105e-04 1.312602401051268623e-02
0.000000000000000000e+00 0.000000000000000000e+00
1.258723261249317105e-04 -9.829313677533781796e-03
5.034576168149174080e-04 -1.959515258947645833e-02
1.132660816992037134e-03 -2.923562453231087072e-02
2.013323528115562588e-03 -3.869208008859274101e-02
3.145224048057615462e-03 -4.791061487662137686e-02
4.528077426915411152e-03 -5.684343273841761107e-02
6.161535538745877005e-03 -6.545002992464594993e-02
8.045187169204659483e-03 -7.369816559411471180e-02
1.017855811906731578e-02 -8.156459023006225328e-02
1.256111132360571148e-02 -8.903551070462036032e-02
1.519224698779197968e-02 -9.610677849084675595e-02
1.807130273729329328e-02 -1.027837957035744876e-01
2.119755378522125699e-02 -1.090811420083519501e-01
2.457021311459295365e-02 -1.150219337279089482e-01
2.818843167645834757e-02 -1.206369344546474737e-01
3.205129860364375194e-02 -1.259634439098606673e-01
3.615784144005795842e-02 -1.310439984543164960e-01
4.050702638550263135e-02 -1.359249223497653869e-01
4.509775855592612626e-02 -1.406547734227074908e-01
4.992888225905456334e-02 -1.452827300480201700e-01
5.499918128533154427e-02 -1.498569682446413143e-01
6.030737921409157209e-02 -1.544230780918446899e-01
6.585213973489323358e-02 -1.590225676081580275e-01
7.163206698392743377e-02 -1.636914997042674680e-01
7.764570589541863743e-02 -1.684593038882223337e-01
8.389154256793041053e-02 -1.733477991698796628e-01
9.036800464548166989e-02 -1.783704582255319915e-01
9.707346171337882801e-02 -1.835319355230315141e-01
1.040062257086641351e-01 -1.888278739840578702e-01
1.111645513450765232e-01 -1.942449961112030499e-01
1.185466365524179277e-01 -1.997614765906468859e-01
1.261506229302150617e-01 -2.053475844663588956e-01
1.339745962155614034e-01 -2.109665743439260721e-01
1.420165867650229341e-01 -2.165757979932992350e-01
1.502745700504856119e-01 -2.221280004409543485e-01
1.587464671688187945e-01 -2.275727584153016958e-01
1.674301453652287108e-01 -2.328580140501728957e-01
1.763234185701672008e-01 -2.379316532418318253e-01
1.854240479496642724e-01 -2.427430761371864587e-01
1.947297424689413692e-01 -2.472447070014130999e-01
2.042381594691679014e-01 -2.513933922191212145e-01
2.139469052572124941e-01 -2.551516384189702613e-01
2.238535357082431787e-01 -2.584886476175843883e-01
2.339555568810219865e-01 -2.613811127406392987e-01
2.442504256457417311e-01 -2.638137447301726612e-01
2.547355503242452190e-01 -2.657795114706258954e-01
2.654082913424666845e-01 -2.672795786996248202e-01
2.762659618949298013e-01 -2.683229536114707381e-01
2.873058286211370715e-01 -2.689258426782328293e-01
2.985251122936787294e-01 -2.691107459484674003e-01
3.099209885178879631e-01 -2.689053203666842418e-01
3.214905884428678196e-01 -2.683410541146522554e-01
3.332309994837083789e-01 -2.674518022437606946e-01
3.451392660547150104e-01 -2.662722406012806298e-01
3.572123903134606371e-01 -2.648362999395600381e-01
3.694473329154774888e-01 -2.631756448662501136e-01
3.818410137793947223e-01 -2.613182627301450789e-01
3.943903128623333920e-01 -2.592872254899736828e-01
4.070920709453594855e-01 -2.570996830047654891e-01
4.199430904288018462e-01 -2.547661390173389107e-01
4.329401361372292589e-01 -2.522900514669960126e-01
4.460799361338897429e-01 -2.496677868442555015e-01
4.593591825444023335e-01 -2.468889443625785773e-01
4.727745323894976259e-01 -2.439370501345800579e-01
4.863226084265935834e-01 -2.407906047571840014e-01
5.000000000000001110e-01 -2.374244502690069092e-01
5.138032638995313484e-01 -2.338114049567635855e-01
5.277289252273172915e-01 -2.299240976333317976e-01
5.417734782725895926e-01 -2.257369175178706444e-01
5.559333873942259308e-01 -2.212279824843184639e-01
5.702050879108284676e-01 -2.163810179945179490e-01
5.845849869981135649e-01 -2.111870322824674906e-01
5.990694645933862805e-01 -2.056456710733089999e-01
6.136548743068714895e-01 -1.997661380299007028e-01
6.283375443396724824e-01 -1.935675758831302273e-01
6.431137784081281117e-01 -1.870788183958716211e-01
6.579798566743311206e-01 -1.803374454035625574e-01
6.729320366825783939e-01 -1.733881025070037885e-01
6.879665543015128781e-01 -1.662800837569812229e-01
7.030796246717250231e-01 -1.590642198910542648e-01
7.182674431585703845e-01 -1.517891662037015310e-01
7.335261863099650226e-01 -1.444972426004052235e-01
7.488520128189207758e-01 -1.372200432482195698e-01
7.642410644905727191e-01 -1.299741037236089303e-01
7.796894672134594417e-01 -1.227569886943319089e-01
7.951933319348093443e-01 -1.155442417676532940e-01
8.107487556395898132e-01 -1.082877198011426567e-01
8.263518223330695855e-01 -1.009159151226216022e-01
8.419986040266501659e-01 -9.333694898555926212e-02
8.576851617267149397e-01 -8.544499628484836240e-02
8.734075464262507360e-01 -7.713097303687142803e-02
8.891618000989889303e-01 -6.829838225055744061e-02
9.049439566958173975e-01 -5.888526838221820603e-02
9.207500431432115162e-01 -4.889327334954410298e-02
9.365760803434354242e-01 -3.842481586689322492e-02
9.524180841762578398e-01 -2.772942850040637647e-02
9.682720665019324269e-01 -1.726028127596127004e-02
9.841340361651920166e-01 -7.741895003337236243e-03
9.999999999999998890e-01 -2.500000000000420722e-04
