9.999999999999998890e-01 2.500000000000889640e-04
9.841340361651920166e-01 1.276185929015303741e-02
9.682720665019324269e-01 2.490760670952557945e-02
9.524180841762578398e-01 3.673974618718260643e-02
9.365760803434354242e-01 4.829476778308986612e-02
9.207500431432115162e-01 5.959657156983603349e-02
9.049439566958173975e-01 7.065940952918765838e-02
8.891618000989889303e-01 8.149037723601321170e-02
8.734075464262507360e-01 9.209148976670164521e-02
8.576851617267149397e-01 1.024613781142667684e-01
8.419986040266501659e-01 1.125966434664376070e-01
8.263518223330695855e-01 1.224929070630861594e-01
8.107487556395898132e-01 1.321455930590057504e-01
7.951933319348093443e-01 1.415504809462624913e-01
7.796894672134594417e-01 1.507040627097320784e-01
7.642410644905727191e-01 1.596037380748690504e-01
7.488520128189207758e-01 1.682478790338523544e-01
7.335261863099650226e-01 1.766357923800870311e-01
7.182674431585703845e-01 1.847676063148214753e-01
7.030796246717250231e-01 1.926441043836533140e-01
6.879665543015128781e-01 2.002665271212103471e-01
6.729320366825783939e-01 2.076363588907814417e-01
6.579798566743311206e-01 2.147551145580130771e-01
6.431137784081281117e-01 2.216241378837671416e-01
6.283375443396724824e-01 2.282444209040700167e-01
6.136548743068714895e-01 2.346164511211888404e-01
5.990694645933862805e-01 2.407400910887502465e-01
5.845849869981135649e-01 2.466144929580300904e-01
5.702050879108284676e-01 2.522380487779197766e-01
5.559333873942259308e-01 2.576083758169277482e-01
5.417734782725895926e-01 2.627223349051120427e-01
5.277289252273172915e-01 2.675760787745976588e-01
5.138032638995313484e-01 2.721651266017549586e-01
5.000000000000001110e-01 2.764844604101155956e-01
4.863226084265935834e-01 2.805286386647634633e-01
4.727745323894976259e-01 2.842919222571321791e-01
4.593591825444023335e-01 2.877684081223024215e-01
4.460799361338897429e-01 2.909521659256072423e-01
4.329401361372292589e-01 2.938373735771560025e-01
4.199430904288018462e-01 2.964184477568035936e-01
4.070920709453594855e-01 2.986901661333148383e-01
3.943903128623333920e-01 3.006477785159082372e-01
3.818410137793947223e-01 3.022871047611002115e-01
3.694473329154774888e-01 3.036046178515748317e-01
3.572123903134606371e-01 3.045975111474201191e-01
3.451392660547150104e-01 3.052637493665503188e-01
3.332309994837083789e-01 3.056021033660620834e-01
3.214905884428678196e-01 3.056121692578402382e-01
3.099209885178879631e-01 3.052943727908991600e-01
2.985251122936787294e-01 3.046499602633491732e-01
2.873058286211370715e-01 3.036809774848202581e-01
2.762659618949298013e-01 3.023902384944471833e-01
2.654082913424666845e-01 3.007812858512686760e-01
2.547355503242452190e-01 2.988583443563355146e-01
2.442504256457417311e-01 2.966262700440470135e-01
2.339555568810219865e-01 2.940904962008296097e-01
2.238535357082431787e-01 2.912569780400970920e-01
2.139469052572124941e-01 2.881321374922231615e-01
2.042381594691679014e-01 2.847228093663460302e-01
1.947297424689413692e-01 2.810361899168082322e-01
1.854240479496642724e-01 2.770797886104650054e-01
1.763234185701672008e-01 2.728613836511959434e-01
1.674301453652287108e-01 2.683889815834013537e-01
1.587464671688187945e-01 2.636707810748822878e-01
1.502745700504856119e-01 2.587151407781846379e-01
1.420165867650229341e-01 2.535305509939434487e-01
1.339745962155614034e-01 2.481256087144913802e-01
1.261506229302150617e-01 2.425089955141767895e-01
1.185466365524179277e-01 2.366894576763168556e-01
1.111645513450765232e-01 2.306757879060320759e-01
1.040062257086641351e-01 2.244768079726462695e-01
9.707346171337882801e-02 2.181013516529968777e-01
9.036800464548166989e-02 2.115582474049327033e-01
8.389154256793041053e-02 2.048563002846336689e-01
7.764570589541863743e-02 1.980042727275584113e-01
7.163206698392743377e-02 1.910108639356632720e-01
6.585213973489323358e-02 1.838846877474870634e-01
6.030737921409157209e-02 1.766342490070579307e-01
5.499918128533154427e-02 1.692679185866305391e-01
4.992888225905456334e-02 1.617939073515050341e-01
4.509775855592612626e-02 1.542202394774531971e-01
4.050702638550263135e-02 1.465547256379600705e-01
3.615784144005795842e-02 1.388049366656221861e-01
3.205129860364375194e-02 1.309781783563934709e-01
2.818843167645834757e-02 1.230814681246137632e-01
2.457021311459295365e-02 1.151215142294113869e-01
2.119755378522125699e-02 1.071046982786435370e-01
1.807130273729329328e-02 9.903706167542110361e-02
1.519224698779197968e-02 9.092429660577688866e-02
1.256111132360571148e-02 8.277174207632063963e-02
1.017855811906731578e-02 7.458438540069742273e-02
8.045187169204659483e-03 6.636686940687822056e-02
6.161535538745877005e-03 5.812350549788470461e-02
4.528077426915411152e-03 4.985829255093567058e-02
3.145224048057615462e-03 4.157494148900306441e-02
2.013323528115562588e-03 3.327690520913997863e-02
1.132660816992037134e-03 2.496741340854640584e-02
5.034576168149174080e-04 1.664951171669414726e-02
1.258723261249317105e-04 8.326104424173551288e-03
0.000000000000000000e+00 0.000000000000000000e+00
1.258723261249317105e-04 -7.839644925858729740e-03
5.034576168149174080e-04 -1.565818249536686871e-02
1.132660816992037134e-03 -2.343470079079964033e-02
2.013323528115562588e-03 -3.114879848940920251e-02
3.145224048057615462e-03 -3.878082491454890729e-02
4.528077426915411152e-03 -4.631210225809707925e-02
6.161535538745877005e-03 -5.372512481076474611e-02
8.045187169204659483e-03 -6.100373067638175523e-02
1.017855811906731578e-02 -6.813324221075654774e-02
1.256111132360571148e-02 -7.510057229339069107e-02
1.519224698779197968e-02 -8.189429448641036280e-02
1.807130273729329328e-02 -8.850467613241486120e-02
2.119755378522125699e-02 -9.492367446297357569e-02
2.457021311459295365e-02 -1.011448968028008238e-01
2.818843167645834757e-02 -1.071635269319890643e-01
3.205129860364375194e-02 -1.129762205817277099e-01
3.615784144005795842e-02 -1.185809738611118686e-01
4.050702638550263135e-02 -1.239769691198684548e-01
4.509775855592612626e-02 -1.291644033232640931e-01
4.992888225905456334e-02 -1.341443044340928648e-01
5.499918128533154427e-02 -1.389183415498540797e-01
6.030737921409157209e-02 -1.434886346231497856e-01
6.585213973489323358e-02 -1.478575694971631382e-01
7.163206698392743377e-02 -1.520276237181887036e-01
7.764570589541863743e-02 -1.560012081511576165e-01
8.389154256793041053e-02 -1.597805288345139629e-01
9.036800464548166989e-02 -1.633674727849904196e-01
9.707346171337882801e-02 -1.667635206224283018e-01
1.040062257086641351e-01 -1.699696879551411688e-01
1.111645513450765232e-01 -1.729864964758368040e-01
1.185466365524179277e-01 -1.758139746974606288e-01
1.261506229302150617e-01 -1.784516872395613962e-01
1.339745962155614034e-01 -1.808987905914506977e-01
1.420165867650229341e-01 -1.831541123605848753e-01
1.502745700504856119e-01 -1.852162501938248440e-01
1.587464671688187945e-01 -1.870836858637261457e-01
1.674301453652287108e-01 -1.887549094666270966e-01
1.763234185701672008e-01 -1.902285483047488623e-01
1.854240479496642724e-01 -1.915034948365794132e-01
1.947297424689413692e-01 -1.925790280887554606e-01
2.042381594691679014e-01 -1.934549231326907204e-01
2.139469052572124941e-01 -1.941315436382191895e-01
2.238535357082431787e-01 -1.946099131158704199e-01
2.339555568810219865e-01 -1.948917612339417238e-01
2.442504256457417311e-01 -1.949795425248622427e-01
2.547355503242452190e-01 -1.948764258501744506e-01
2.654082913424666845e-01 -1.945862541422174186e-01
2.762659618949298013e-01 -1.941134751462169905e-01
2.873058286211370715e-01 -1.934630451083262648e-01
2.985251122936787294e-01 -1.926403085501172951e-01
3.099209885178879631e-01 -1.916508583937198973e-01
3.214905884428678196e-01 -1.905003817099444885e-01
3.332309994837083789e-01 -1.891944972114576740e-01
3.451392660547150104e-01 -1.877385912644340404e-01
3.572123903134606371e-01 -1.861376596094304614e-01
3.694473329154774888e-01 -1.843961621355620362e-01
3.818410137793947223e-01 -1.825178979184863270e-01
3.943903128623333920e-01 -1.805059072975234435e-01
4.070920709453594855e-01 -1.783624070250749982e-01
4.199430904288018462e-01 -1.760887634771163834e-01
4.329401361372292589e-01 -1.736855075825516348e-01
4.460799361338897429e-01 -1.711523935384662853e-01
4.593591825444023335e-01 -1.684885015660326779e-01
4.727745323894976259e-01 -1.656923829774538115e-01
4.863226084265935834e-01 -1.627622437281001921e-01
5.000000000000001110e-01 -1.596961604900994924e-01
5.138032638995313484e-01 -1.564923211832018324e-01
5.277289252273172915e-01 -1.531492799223747037e-01
5.417734782725895926e-01 -1.496662145817326262e-01
5.559333873942259308e-01 -1.460431737273543973e-01
5.702050879108284676e-01 -1.422812986352383624e-01
5.845849869981135649e-01 -1.383830055822524163e-01
5.990694645933862805e-01 -1.343521136712589881e-01
6.136548743068714895e-01 -1.301939042143933356e-01
6.283375443396724824e-01 -1.259150992296520499e-01
6.431137784081281117e-01 -1.215237489728260567e-01
6.579798566743311206e-01 -1.170290216823610951e-01
6.729320366825783939e-01 -1.124408928949741648e-01
6.879665543015128781e-01 -1.077697368114670790e-01
7.030796246717250231e-01 -1.030258282502545392e-01
7.182674431585703845e-01 -9.821877069234803692e-02
7.335261863099650226e-01 -9.335687374263555716e-02
7.488520128189207758e-01 -8.844651192898485281e-02
7.642410644905727191e-01 -8.349150602704649704e-02
7.796894672134594417e-01 -7.849257790195986184e-02
7.951933319348093443e-01 -7.344694003952390027e-02
8.107487556395898132e-01 -6.834809131454915032e-02
8.263518223330695855e-01 -6.318590090520249947e-02
8.419986040266501659e-01 -5.794707237988705462e-02
8.576851617267149397e-01 -5.261608960965669102e-02
8.734075464262507360e-01 -4.717675503117955971e-02
8.891618000989889303e-01 -4.161443862835993712e-02
9.049439566958173975e-01 -3.591916253350514732e-02
9.207500431432115162e-01 -3.008965108796244486e-02
9.365760803434354242e-01 -2.413847926722850756e-02
9.524180841762578398e-01 -1.809845329519722129e-02
9.682720665019324269e-01 -1.203035578952814898e-02
9.841340361651920166e-01 -6.032183658598341651e-03
9.999999999999998890e-01 -2.500000000000392533e-04
