9.999999999999998890e-01 2.500000000001269653e-04
9.841340361651920166e-01 1.827403827876863604e-02
9.682720665019324269e-01 3.598706017935694723e-02
9.524180841762578398e-01 5.330308257969933183e-02
9.365760803434354242e-01 7.015762800858771353e-02
9.207500431432115162e-01 8.650450547803310852e-02
9.049439566958173975e-01 1.023128969763478502e-01
8.891618000989889303e-01 1.175647395783049054e-01
8.734075464262507360e-01 1.322523907637088714e-01
8.576851617267149397e-01 1.463765626220421279e-01
8.419986040266501659e-01 1.599445091387497742e-01
8.263518223330695855e-01 1.729684496834612284e-01
8.107487556395898132e-01 1.854642111230687118e-01
7.951933319348093443e-01 1.974500706308599252e-01
7.796894672134594417e-01 2.089457812220845145e-01
7.642410644905727191e-01 2.199717622800093919e-01
7.488520128189207758e-01 2.305484378073526797e-01
7.335261863099650226e-01 2.406957058085117118e-01
7.182674431585703845e-01 2.504325230412587366e-01
7.030796246717250231e-01 2.597765903367776352e-01
6.879665543015128781e-01 2.687441247399393052e-01
6.729320366825783939e-01 2.773497058356760858e-01
6.579798566743311206e-01 2.856061847728488257e-01
6.431137784081281117e-01 2.935246456476903743e-01
6.283375443396724824e-01 3.011144100414438474e-01
6.136548743068714895e-01 3.083830766011558255e-01
5.990694645933862805e-01 3.153365885921004530e-01
5.845849869981135649e-01 3.219793233216795558e-01
5.702050879108284676e-01 3.283141982278712234e-01
5.559333873942259308e-01 3.343427892335369411e-01
5.417734782725895926e-01 3.400654576872819690e-01
5.277289252273172915e-01 3.454814828409547012e-01
5.138032638995313484e-01 3.505891973546134133e-01
5.000000000000001110e-01 3.553861237753556113e-01
4.863226084265935834e-01 3.598691103121368640e-01
4.727745323894976259e-01 3.640344645313773886e-01
4.593591825444023335e-01 3.678780838357380567e-01
4.460799361338897429e-01 3.713955817696497075e-01
4.329401361372292589e-01 3.745824093292222656e-01
4.199430904288018462e-01 3.774339705503672038e-01
4.070920709453594855e-01 3.799457317165404469e-01
3.943903128623333920e-01 3.821133235752376955e-01
3.818410137793947223e-01 3.839326359883811213e-01
3.694473329154774888e-01 3.853999044733487644e-01
3.572123903134606371e-01 3.865117881249237608e-01
3.451392660547150104e-01 3.872654384490888391e-01
3.332309994837083789e-01 3.876585586914234050e-01
3.214905884428678196e-01 3.876894533086612804e-01
3.099209885178879631e-01 3.873570673133939768e-01
2.985251122936787294e-01 3.866610153193639210e-01
2.873058286211370715e-01 3.856016002276578258e-01
2.762659618949298013e-01 3.841798216207159000e-01
2.654082913424666845e-01 3.823973740688954570e-01
2.547355503242452190e-01 3.802566357001178621e-01
2.442504256457417311e-01 3.777606475330537172e-01
2.339555568810219865e-01 3.749130842241500949e-01
2.238535357082431787e-01 3.717182170241077332e-01
2.139469052572124941e-01 3.681808698756926512e-01
2.042381594691679014e-01 3.643063697075940577e-01
1.947297424689413692e-01 3.601004920843411394e-01
1.854240479496642724e-01 3.555694034563160466e-01
1.763234185701672008e-01 3.507196013135370216e-01
1.674301453652287108e-01 3.455578535795932882e-01
1.587464671688187945e-01 3.400911385861495329e-01
1.502745700504856119e-01 3.343265869428106440e-01
1.420165867650229341e-01 3.282714265617162619e-01
1.339745962155614034e-01 3.219329320117216287e-01
1.261506229302150617e-01 3.153183792649397188e-01
1.185466365524179277e-01 3.084350067610832080e-01
1.111645513450765232e-01 3.012899835555015726e-01
1.040062257086641351e-01 2.938903851387273392e-01
9.707346171337882801e-02 2.862431773229605625e-01
9.036800464548166989e-02 2.783552083888767847e-01
8.389154256793041053e-02 2.702332094793946093e-01
7.764570589541863743e-02 2.618838030206990797e-01
7.163206698392743377e-02 2.533135187500376029e-01
6.585213973489323358e-02 2.445288167396282297e-01
6.030737921409157209e-02 2.355361166312154308e-01
5.499918128533154427e-02 2.263418321408257883e-01
4.992888225905456334e-02 2.169524097620290359e-01
4.509775855592612626e-02 2.073743704918301622e-01
4.050702638550263135e-02 1.976143533288614029e-01
3.615784144005795842e-02 1.876791592507305317e-01
3.205129860364375194e-02 1.775757943672597594e-01
2.818843167645834757e-02 1.673115109692412672e-01
2.457021311459295365e-02 1.568938452476211498e-01
2.119755378522125699e-02 1.463306505443278949e-01
1.807130273729329328e-02 1.356301251110762496e-01
1.519224698779197968e-02 1.248008334935002545e-01
1.256111132360571148e-02 1.138517208212963261e-01
1.017855811906731578e-02 1.027921194665525478e-01
8.045187169204659483e-03 9.163174772748351737e-02
6.161535538745877005e-03 8.038070039844005810e-02
4.528077426915411152e-03 6.904943129411528213e-02
3.145224048057615462e-03 5.764872800112565837e-02
2.013323528115562588e-03 4.618967932830308348e-02
1.132660816992037134e-03 3.468363611315796596e-02
5.034576168149174080e-04 2.314216621127495460e-02
1.258723261249317105e-04 1.157700464360755278e-02
0.000000000000000000e+00 0.000000000000000000e+00
1.258723261249317105e-04 -1.137833295699713400e-02
5.034576168149174080e-04 -2.273465375888805706e-02
1.132660816992037134e-03 -3.404712806788822571e-02
2.013323528115562588e-03 -4.529439696873622384e-02
3.145224048057615462e-03 -5.645579961017451603e-02
4.528077426915411152e-03 -6.751157823306355721e-02
6.161535538745877005e-03 -7.844306049914205603e-02
8.045187169204659483e-03 -8.923281467871364836e-02
1.017855811906731578e-02 -9.986477402585247631e-02
1.256111132360571148e-02 -1.103243275441751908e-01
1.519224698779197968e-02 -1.205983752999155306e-01
1.807130273729329328e-02 -1.306753474446335217e-01
2.119755378522125699e-02 -1.405451871386526053e-01
2.457021311459295365e-02 -1.501992985885452769e-01
2.818843167645834757e-02 -1.596304623981796844e-01
3.205129860364375194e-02 -1.688327213542929472e-01
3.615784144005795842e-02 -1.778012405973092014e-01
4.050702638550263135e-02 -1.865321468416540063e-01
4.509775855592612626e-02 -1.950223518858254790e-01
4.992888225905456334e-02 -2.032693660734380681e-01
5.499918128533154427e-02 -2.112711076192238246e-01
6.030737921409157209e-02 -2.190257137901493734e-01
6.585213973489323358e-02 -2.265313598280859209e-01
7.163206698392743377e-02 -2.337860912187159912e-01
7.764570589541863743e-02 -2.407876744587515438e-01
8.389154256793041053e-02 -2.475334708622659308e-01
9.036800464548166989e-02 -2.540203371941071597e-01
9.707346171337882801e-02 -2.602445560454344498e-01
1.040062257086641351e-01 -2.662017978987721301e-01
1.111645513450765232e-01 -2.718871157961704199e-01
1.185466365524179277e-01 -2.772949724551367345e-01
1.261506229302150617e-01 -2.824192986055629184e-01
1.339745962155614034e-01 -2.872535802802327343e-01
1.420165867650229341e-01 -2.917909718146886600e-01
1.502745700504856119e-01 -2.960244304310543639e-01
1.587464671688187945e-01 -2.999468675244527094e-01
1.674301453652287108e-01 -3.035513111663983854e-01
1.763234185701672008e-01 -3.068310739094550210e-01
1.854240479496642724e-01 -3.097799197392523962e-01
1.947297424689413692e-01 -3.123922239859447392e-01
2.042381594691679014e-01 -3.146631201836804781e-01
2.139469052572124941e-01 -3.165886282536012342e-01
2.238535357082431787e-01 -3.181657589767145633e-01
2.339555568810219865e-01 -3.193925905044551761e-01
2.442504256457417311e-01 -3.202683136071888259e-01
2.547355503242452190e-01 -3.207932434584944148e-01
2.654082913424666845e-01 -3.209687969643267302e-01
2.762659618949298013e-01 -3.207974359347549598e-01
2.873058286211370715e-01 -3.202825777214273195e-01
2.985251122936787294e-01 -3.194284762627893071e-01
3.099209885178879631e-01 -3.182400777459863384e-01
3.214905884428678196e-01 -3.167228562633488953e-01
3.332309994837083789e-01 -3.148826358671184544e-01
3.451392660547150104e-01 -3.127254062654840627e-01
3.572123903134606371e-01 -3.102571400164483295e-01
3.694473329154774888e-01 -3.074836194288420033e-01
3.818410137793947223e-01 -3.044102814435440951e-01
3.943903128623333920e-01 -3.010420885217236497e-01
4.070920709453594855e-01 -2.973834329984414437e-01
4.199430904288018462e-01 -2.934380814665462078e-01
4.329401361372292589e-01 -2.892091645451670967e-01
4.460799361338897429e-01 -2.846992158777847393e-01
4.593591825444023335e-01 -2.799102624266370243e-01
4.727745323894976259e-01 -2.748439661240018594e-01
4.863226084265935834e-01 -2.695018147585707124e-01
5.000000000000001110e-01 -2.638853576788881550e-01
5.138032638995313484e-01 -2.579964795573820302e-01
5.277289252273172915e-01 -2.518377031578122871e-01
5.417734782725895926e-01 -2.454125098729037779e-01
5.559333873942259308e-01 -2.387256648394074920e-01
5.702050879108284676e-01 -2.317835317899908931e-01
5.845849869981135649e-01 -2.245943615611994404e-01
5.990694645933862805e-01 -2.171685374388847289e-01
6.136548743068714895e-01 -2.095187603776136887e-01
6.283375443396724824e-01 -2.016601576627859438e-01
6.431137784081281117e-01 -1.936102998684336440e-01
6.579798566743311206e-01 -1.853891130631146744e-01
6.729320366825783939e-01 -1.770186761797270802e-01
6.879665543015128781e-01 -1.685228973245680439e-01
7.030796246717250231e-01 -1.599270675696373989e-01
7.182674431585703845e-01 -1.512572964423135602e-01
7.335261863099650226e-01 -1.425398398678078826e-01
7.488520128189207758e-01 -1.338003386781914938e-01
7.642410644905727191e-01 -1.250629938985934886e-01
7.796894672134594417e-01 -1.163497137526777331e-01
7.951933319348093443e-01 -1.076792765671225061e-01
8.107487556395898132e-01 -9.906656334564338529e-02
8.263518223330695855e-01 -9.052192355114371813e-02
8.419986040266501659e-01 -8.205074738246559418e-02
8.576851617267149397e-01 -7.365332734349162858e-02
8.734075464262507360e-01 -6.532510094425028613e-02
8.891618000989889303e-01 -5.705737470050939453e-02
9.049439566958173975e-01 -4.883863695523335546e-02
9.207500431432115162e-01 -4.065657317249327801e-02
9.365760803434354242e-01 -3.250090199192402080e-02
9.524180841762578398e-01 -2.436715322428556138e-02
9.682720665019324269e-01 -1.626150987060981379e-02
9.841340361651920166e-01 -8.206834928527237394e-03
9.999999999999998890e-01 -2.500000000000551369e-04
