9.999999999999998890e-01 2.500000000000194666e-04
9.841340361651920166e-01 2.991553162505409830e-03
9.682720665019324269e-01 5.645331066246383339e-03
9.524180841762578398e-01 8.199769944504867528e-03
9.365760803434354242e-01 1.064408753605739638e-02
9.207500431432115162e-01 1.296880785156307586e-02
9.049439566958173975e-01 1.516613199256150110e-02
8.891618000989889303e-01 1.723017283809505015e-02
8.734075464262507360e-01 1.915707151860228039e-02
8.576851617267149397e-01 2.094501338671335769e-02
8.419986040266501659e-01 2.259416070143077312e-02
8.263518223330695855e-01 2.410651849982133402e-02
8.107487556395898132e-01 2.548574917435776632e-02
7.951933319348093443e-01 2.673695014095191919e-02
7.796894672134594417e-01 2.786640770926581204e-02
7.642410644905727191e-01 2.888133888939763139e-02
7.488520128189207758e-01 2.978963142279045587e-02
7.335261863099650226e-01 3.059959084387377237e-02
7.182674431585703845e-01 3.131970189408218169e-02
7.030796246717250231e-01 3.195841015053203782e-02
6.879665543015128781e-01 3.252392832390527816e-02
6.729320366825783939e-01 3.302407034695351712e-02
6.579798566743311206e-01 3.346611513606725929e-02
6.431137784081281117e-01 3.385670077962658897e-02
6.283375443396724824e-01 3.420174890085898173e-02
6.136548743068714895e-01 3.450641806863266603e-02
5.990694645933862805e-01 3.477508439249538813e-02
5.845849869981135649e-01 3.501134684049857920e-02
5.702050879108284676e-01 3.521805435897408521e-02
5.559333873942259308e-01 3.539735154863815625e-02
5.417734782725895926e-01 3.555073945479098746e-02
5.277289252273172915e-01 3.567914795231492964e-02
5.138032638995313484e-01 3.578301623810364179e-02
5.000000000000001110e-01 3.586237807239728986e-02
4.863226084265935834e-01 3.591694862301297170e-02
4.727745323894976259e-01 3.594621004861842800e-02
4.593591825444023335e-01 3.594949329455644771e-02
4.460799361338897429e-01 3.592605395277832792e-02
4.329401361372292589e-01 3.587514044194469592e-02
4.199430904288018462e-01 3.579605318103368933e-02
4.070920709453594855e-01 3.568819384703329767e-02
3.943903128623333920e-01 3.555110421274842308e-02
3.818410137793947223e-01 3.538449444396105786e-02
3.694473329154774888e-01 3.518826108712370254e-02
3.572123903134606371e-01 3.496249529197057587e-02
3.451392660547150104e-01 3.470748208205363949e-02
3.332309994837083789e-01 3.442369170606000839e-02
3.214905884428678196e-01 3.411176427129694599e-02
3.099209885178879631e-01 3.377248897699043628e-02
2.985251122936787294e-01 3.340677932959260077e-02
2.873058286211370715e-01 3.301564573709436790e-02
2.762659618949298013e-01 3.260016684760365380e-02
2.654082913424666845e-01 3.216146092348839275e-02
2.547355503242452190e-01 3.170065843141003231e-02
2.442504256457417311e-01 3.121887688652562678e-02
2.339555568810219865e-01 3.071719882246192607e-02
2.238535357082431787e-01 3.019665357412554957e-02
2.139469052572124941e-01 2.965820336488376660e-02
2.042381594691679014e-01 2.910273398992220192e-02
1.947297424689413692e-01 2.853105019019014366e-02
1.854240479496642724e-01 2.794387562238532380e-02
1.763234185701672008e-01 2.734185715543662257e-02
1.674301453652287108e-01 2.672557306774941271e-02
1.587464671688187945e-01 2.609554458611641065e-02
1.502745700504856119e-01 2.545225009982949801e-02
1.420165867650229341e-01 2.479614130439100270e-02
1.339745962155614034e-01 2.412766047961501306e-02
1.261506229302150617e-01 2.344725808717918261e-02
1.185466365524179277e-01 2.275540988228222372e-02
1.111645513450765232e-01 2.205263277156056800e-02
1.040062257086641351e-01 2.133949871261655445e-02
9.707346171337882801e-02 2.061664603651163288e-02
9.036800464548166989e-02 1.988478767989070375e-02
8.389154256793041053e-02 1.914471593407682942e-02
7.764570589541863743e-02 1.839730345020881841e-02
7.163206698392743377e-02 1.764350037778942074e-02
6.585213973489323358e-02 1.688432765429256910e-02
6.030737921409157209e-02 1.612086660123446952e-02
5.499918128533154427e-02 1.535424511302191548e-02
4.992888225905456334e-02 1.458562084493991370e-02
4.509775855592612626e-02 1.381616191223180440e-02
4.050702638550263135e-02 1.304702570027073232e-02
3.615784144005795842e-02 1.227933645382491522e-02
3.205129860364375194e-02 1.151416235952474124e-02
2.818843167645834757e-02 1.075249285868429446e-02
2.457021311459295365e-02 9.995216927155783915e-03
2.119755378522125699e-02 9.243103035153814664e-03
1.807130273729329328e-02 8.496781453918961571e-03
1.519224698779197968e-02 7.756729509290878101e-03
1.256111132360571148e-02 7.023260296920155049e-03
1.017855811906731578e-02 6.296515272682760844e-03
8.045187169204659483e-03 5.576461018029429083e-03
6.161535538745877005e-03 4.862890357010631048e-03
4.528077426915411152e-03 4.155427873310526057e-03
3.145224048057615462e-03 3.453539745683402874e-03
2.013323528115562588e-03 2.756547692607099528e-03
1.132660816992037134e-03 2.063646695562381273e-03
5.034576168149174080e-04 1.373926058718208604e-03
1.258723261249317105e-04 6.863932642549260867e-04
0.000000000000000000e+00 0.000000000000000000e+00
1.258723261249317105e-04 -6.069245919626258413e-04
5.034576168149174080e-04 -1.210921082395535059e-03
1.132660816992037134e-03 -1.809043484225586907e-03
2.013323528115562588e-03 -2.398434757483810121e-03
3.145224048057615462e-03 -2.976368399672721203e-03
4.528077426915411152e-03 -3.540286660608290854e-03
6.161535538745877005e-03 -4.087834409998635128e-03
8.045187169204659483e-03 -4.616887811825859216e-03
1.017855811906731578e-02 -5.125577109892611588e-03
1.256111132360571148e-02 -5.612302999327557773e-03
1.519224698779197968e-02 -6.075746244464021867e-03
1.807130273729329328e-02 -6.514870398902470813e-03
2.119755378522125699e-02 -6.928917683029554506e-03
2.457021311459295365e-02 -7.317398271928860637e-03
2.818843167645834757e-02 -7.680073436643785299e-03
3.205129860364375194e-02 -8.016933158485662486e-03
3.615784144005795842e-02 -8.328168994217245366e-03
4.050702638550263135e-02 -8.614143104683634478e-03
4.509775855592612626e-02 -8.875354466657731783e-03
4.992888225905456334e-02 -9.112403363936382589e-03
5.499918128533154427e-02 -9.325955296567135788e-03
6.030737921409157209e-02 -9.516705454966460642e-03
6.585213973489323358e-02 -9.685344878091112220e-03
7.163206698392743377e-02 -9.832529352275586748e-03
7.764570589541863743e-02 -9.958852011433878826e-03
8.389154256793041053e-02 -1.006482047264491489e-02
9.036800464548166989e-02 -1.015083918726777772e-02
9.707346171337882801e-02 -1.021719751111101714e-02
1.040062257086641351e-01 -1.026406380302419437e-02
1.111645513450765232e-01 -1.029148565543368254e-02
1.185466365524179277e-01 -1.029939614912766740e-02
1.261506229302150617e-01 -1.028762581462644259e-02
1.339745962155614034e-01 -1.025591978048757263e-02
1.420165867650229341e-01 -1.020395940154416974e-02
1.502745700504856119e-01 -1.013138749373382157e-02
1.587464671688187945e-01 -1.003783616274778710e-02
1.674301453652287108e-01 -9.922956106455379371e-03
1.763234185701672008e-01 -9.786446200340711762e-03
1.854240479496642724e-01 -9.628082144438884077e-03
1.947297424689413692e-01 -9.447742961756783880e-03
2.042381594691679014e-01 -9.245434192954314276e-03
2.139469052572124941e-01 -9.021306729875999686e-03
2.238535357082431787e-01 -8.775670369732859952e-03
2.339555568810219865e-01 -8.509001349349992055e-03
2.442504256457417311e-01 -8.221943330590973653e-03
2.547355503242452190e-01 -7.915301548258164149e-03
2.654082913424666845e-01 -7.590030093702371597e-03
2.762659618949298013e-01 -7.247212583299076846e-03
2.873058286211370715e-01 -6.888036742270923704e-03
2.985251122936787294e-01 -6.513763711846091292e-03
3.099209885178879631e-01 -6.125693151842618971e-03
3.214905884428678196e-01 -5.725125451742680768e-03
3.332309994837083789e-01 -5.313322571605248040e-03
3.451392660547150104e-01 -4.891469200641976843e-03
3.572123903134606371e-01 -4.460636037569073314e-03
3.694473329154774888e-01 -4.021747055591324074e-03
3.818410137793947223e-01 -3.575552610023710436e-03
3.943903128623333920e-01 -3.122610173624028405e-03
4.070920709453594855e-01 -2.663274341010718558e-03
4.199430904288018462e-01 -2.197697528385000442e-03
4.329401361372292589e-01 -1.725842509641628379e-03
4.460799361338897429e-01 -1.247507578588237997e-03
4.593591825444023335e-01 -7.623647154954873691e-04
4.727745323894976259e-01 -2.700106730130006879e-04
4.863226084265935834e-01 2.299696076414559846e-04
5.000000000000001110e-01 7.379283714427383291e-04
5.138032638995313484e-01 1.254070881666576476e-03
5.277289252273172915e-01 1.778363917220444597e-03
5.417734782725895926e-01 2.310439662616580164e-03
5.559333873942259308e-01 2.849498196244001740e-03
5.702050879108284676e-01 3.394212199407531470e-03
5.845849869981135649e-01 3.942637843576371655e-03
5.990694645933862805e-01 4.492136046200167696e-03
6.136548743068714895e-01 5.039308396789098261e-03
6.283375443396724824e-01 5.579952026435568146e-03
6.431137784081281117e-01 6.109037509078634604e-03
6.579798566743311206e-01 6.620713527398678841e-03
6.729320366825783939e-01 7.108341498948935779e-03
6.879665543015128781e-01 7.564562630998115239e-03
7.030796246717250231e-01 7.981398951404237302e-03
7.182674431585703845e-01 8.350388747712990736e-03
7.335261863099650226e-01 8.662755542198684669e-03
7.488520128189207758e-01 8.909608246213297431e-03
7.642410644905727191e-01 9.082168487492820255e-03
7.796894672134594417e-01 9.172019308648167793e-03
7.951933319348093443e-01 9.171367518742475772e-03
8.107487556395898132e-01 9.073309972471004653e-03
8.263518223330695855e-01 8.872091987686648099e-03
8.419986040266501659e-01 8.563344031026546427e-03
8.576851617267149397e-01 8.144280746433330345e-03
8.734075464262507360e-01 7.613844419185718942e-03
8.891618000989889303e-01 6.972773108280771320e-03
9.049439566958173975e-01 6.223571994381001810e-03
9.207500431432115162e-01 5.370365032062558545e-03
9.365760803434354242e-01 4.418602817134266274e-03
9.524180841762578398e-01 3.374601735062775915e-03
9.682720665019324269e-01 2.244888996077776255e-03
9.841340361651920166e-01 1.035328134632403172e-03
9.999999999999998890e-01 -2.499999999999907353e-04
