9.999999999999998890e-01 2.500000000002745252e-04
9.841340361651920166e-01 3.476019292763613683e-02
9.682720665019324269e-01 6.119448501768278564e-02
9.524180841762578398e-01 8.134158227907635486e-02
9.365760803434354242e-01 9.666465945237702473e-02
9.207500431432115162e-01 1.083468997356047264e-01
9.049439566958173975e-01 1.173327572981520961e-01
8.891618000989889303e-01 1.243650577607899599e-01
8.734075464262507360e-01 1.300180903673849586e-01
8.576851617267149397e-01 1.347268778183412230e-01
8.419986040266501659e-01 1.388128358319381528e-01
8.263518223330695855e-01 1.425060546805668460e-01
8.107487556395898132e-01 1.459644495155620614e-01
7.951933319348093443e-01 1.492900356063767697e-01
7.796894672134594417e-01 1.525425890847339483e-01
7.642410644905727191e-01 1.557509538473118293e-01
7.488520128189207758e-01 1.589222514041663814e-01
7.335261863099650226e-01 1.620492431547669032e-01
7.182674431585703845e-01 1.651160843276620604e-01
7.030796246717250231e-01 1.681026961310700119e-01
6.879665543015128781e-01 1.709879680187729734e-01
6.729320366825783939e-01 1.737519858508360104e-01
6.579798566743311206e-01 1.763774645710530498e-01
6.431137784081281117e-01 1.788505462531237988e-01
6.283375443396724824e-01 1.811611063723918835e-01
6.136548743068714895e-01 1.833026932892815875e-01
5.990694645933862805e-01 1.852722084940896519e-01
5.845849869981135649e-01 1.870694184283162032e-01
5.702050879108284676e-01 1.886963728902305293e-01
5.559333873942259308e-01 1.901567903338936827e-01
5.417734782725895926e-01 1.914554569212617297e-01
5.277289252273172915e-01 1.925976740853941882e-01
5.138032638995313484e-01 1.935887786697149116e-01
5.000000000000001110e-01 1.944337504483464041e-01
4.863226084265935834e-01 1.951369139975802913e-01
4.727745323894976259e-01 1.957017354412091403e-01
4.593591825444023335e-01 1.961307094698912235e-01
4.460799361338897429e-01 1.964253281527177930e-01
4.329401361372292589e-01 1.965861203160821358e-01
4.199430904288018462e-01 1.966127485458949442e-01
4.070920709453594855e-01 1.965041500499179750e-01
3.943903128623333920e-01 1.962587075677610926e-01
3.818410137793947223e-01 1.958744371052611455e-01
3.694473329154774888e-01 1.953491803672668115e-01
3.572123903134606371e-01 1.946807912423730857e-01
3.451392660547150104e-01 1.938673074358979731e-01
3.332309994837083789e-01 1.929071002434973314e-01
3.214905884428678196e-01 1.917989974082693061e-01
3.099209885178879631e-01 1.905423759222429902e-01
2.985251122936787294e-01 1.891372234451023926e-01
2.873058286211370715e-01 1.875841686588792523e-01
2.762659618949298013e-01 1.858844823108655175e-01
2.654082913424666845e-01 1.840400518854098388e-01
2.547355503242452190e-01 1.820533337687280651e-01
2.442504256457417311e-01 1.799272874216335250e-01
2.339555568810219865e-01 1.776652964563890102e-01
2.238535357082431787e-01 1.752710816385900094e-01
2.139469052572124941e-01 1.727486107242330593e-01
2.042381594691679014e-01 1.701020097236982387e-01
1.947297424689413692e-01 1.673354796911712405e-01
1.854240479496642724e-01 1.644532225064254394e-01
1.763234185701672008e-01 1.614593783841602459e-01
1.674301453652287108e-01 1.583579770529839059e-01
1.587464671688187945e-01 1.551529037294110680e-01
1.502745700504856119e-01 1.518478802075314826e-01
1.420165867650229341e-01 1.484464606246532481e-01
1.339745962155614034e-01 1.449520407754772977e-01
1.261506229302150617e-01 1.413678792556455899e-01
1.185466365524179277e-01 1.376971282379583217e-01
1.111645513450765232e-01 1.339428713337512677e-01
1.040062257086641351e-01 1.301081657747810982e-01
9.707346171337882801e-02 1.261960860688789154e-01
9.036800464548166989e-02 1.222097663317397859e-01
8.389154256793041053e-02 1.181524386688621864e-01
7.764570589541863743e-02 1.140274652629434948e-01
7.163206698392743377e-02 1.098383621965401125e-01
6.585213973489323358e-02 1.055888134883075785e-01
6.030737921409157209e-02 1.012826743224667786e-01
5.499918128533154427e-02 9.692396298302248525e-02
4.992888225905456334e-02 9.251684154413720995e-02
4.509775855592612626e-02 8.806558589393427561e-02
4.050702638550263135e-02 8.357454616017674642e-02
3.615784144005795842e-02 7.904809904407091026e-02
3.205129860364375194e-02 7.449059393676218943e-02
2.818843167645834757e-02 6.990629497894847166e-02
2.457021311459295365e-02 6.529932141786097544e-02
2.119755378522125699e-02 6.067358871180626029e-02
1.807130273729329328e-02 5.603275282845259636e-02
1.519224698779197968e-02 5.138016008079761970e-02
1.256111132360571148e-02 4.671880464959102253e-02
1.017855811906731578e-02 4.205129566159875737e-02
8.045187169204659483e-03 3.737983534112448297e-02
6.161535538745877005e-03 3.270620934182420780e-02
4.528077426915411152e-03 2.803178991315447358e-02
3.145224048057615462e-03 2.335755207828487182e-02
2.013323528115562588e-03 1.868410251612857148e-02
1.132660816992037134e-03 1.401172036759255370e-02
5.034576168149174080e-04 9.340408742863889890e-03
1.258723261249317105e-04 4.669955309002287239e-03
0.000000000000000000e+00 0.000000000000000000e+00
1.258723261249317105e-04 -4.382891960995818383e-03
5.034576168149174080e-04 -8.752010662894117374e-03
1.132660816992037134e-03 -1.309371260431111891e-02
2.013323528115562588e-03 -1.739473427594091445e-02
3.145224048057615462e-03 -2.164236880948967184e-02
4.528077426915411152e-03 -2.582462708161948825e-02
6.161535538745877005e-03 -2.993037887617920959e-02
8.045187169204659483e-03 -3.394947034783636630e-02
1.017855811906731578e-02 -3.787281479000141615e-02
1.256111132360571148e-02 -4.169245456484344664e-02
1.519224698779197968e-02 -4.540159297525137722e-02
1.807130273729329328e-02 -4.899459581749084774e-02
2.119755378522125699e-02 -5.246696331747206093e-02
2.457021311459295365e-02 -5.581527409102378379e-02
2.818843167645834757e-02 -5.903710364818406942e-02
3.205129860364375194e-02 -6.213092075379400558e-02
3.615784144005795842e-02 -6.509596563487229925e-02
4.050702638550263135e-02 -6.793211456621467415e-02
4.509775855592612626e-02 -7.063973575068059618e-02
4.992888225905456334e-02 -7.321954162604926708e-02
5.499918128533154427e-02 -7.567244276810181081e-02
6.030737921409157209e-02 -7.799940841760488741e-02
6.585213973489323358e-02 -8.020133834113674087e-02
7.163206698392743377e-02 -8.227895025227296988e-02
7.764570589541863743e-02 -8.423268638647016249e-02
8.389154256793041053e-02 -8.606264206138285189e-02
9.036800464548166989e-02 -8.776851819050354719e-02
9.707346171337882801e-02 -8.934959878212626883e-02
1.040062257086641351e-01 -9.080475348102666489e-02
1.111645513450765232e-01 -9.213246423228696469e-02
1.185466365524179277e-01 -9.333087420164130898e-02
1.261506229302150617e-01 -9.439785621049345821e-02
1.339745962155614034e-01 -9.533109717070052669e-02
1.420165867650229341e-01 -9.612819436581818144e-02
1.502745700504856119e-01 -9.678675894920486800e-02
1.587464671688187945e-01 -9.730452173747916600e-02
1.674301453652287108e-01 -9.767943628643703524e-02
1.763234185701672008e-01 -9.790977435480849311e-02
1.854240479496642724e-01 -9.799420919068574376e-02
1.947297424689413692e-01 -9.793188260955097701e-02
2.042381594691679014e-01 -9.772245255685226006e-02
2.139469052572124941e-01 -9.736611873917076776e-02
2.238535357082431787e-01 -9.686362493563256681e-02
2.339555568810219865e-01 -9.621623772771073502e-02
2.442504256457417311e-01 -9.542570256718332922e-02
2.547355503242452190e-01 -9.449417929009777672e-02
2.654082913424666845e-01 -9.342416032702437201e-02
2.762659618949298013e-01 -9.221837590278103569e-02
2.873058286211370715e-01 -9.087969140839367854e-02
2.985251122936787294e-01 -8.941100281267450045e-02
3.099209885178879631e-01 -8.781513641301856576e-02
3.214905884428678196e-01 -8.609475936381887073e-02
3.332309994837083789e-01 -8.425230723377706565e-02
3.451392660547150104e-01 -8.228993430844733226e-02
3.572123903134606371e-01 -8.020949146221909021e-02
3.694473329154774888e-01 -7.801253517948286698e-02
3.818410137793947223e-01 -7.570036972849364387e-02
3.943903128623333920e-01 -7.327412262081073324e-02
4.070920709453594855e-01 -7.073485137907772891e-02
4.199430904288018462e-01 -6.808367735907173979e-02
4.329401361372292589e-01 -6.532194001885543999e-02
4.460799361338897429e-01 -6.245136270592589744e-02
4.593591825444023335e-01 -5.947421886568409616e-02
4.727745323894976259e-01 -5.639348569852588311e-02
4.863226084265935834e-01 -5.321297085725111564e-02
5.000000000000001110e-01 -4.993739693897430304e-02
5.138032638995313484e-01 -4.657242844943760424e-02
5.277289252273172915e-01 -4.312462676730751537e-02
5.417734782725895926e-01 -3.960132057380225112e-02
5.559333873942259308e-01 -3.601038239369350885e-02
5.702050879108284676e-01 -3.235990646011470406e-02
5.845849869981135649e-01 -2.865778919324288646e-02
5.990694645933862805e-01 -2.491122127505979167e-02
6.136548743068714895e-01 -2.112610968485789317e-02
6.283375443396724824e-01 -1.730645917636461709e-02
6.431137784081281117e-01 -1.345375553362990369e-02
6.579798566743311206e-01 -9.566407504067309456e-03
6.729320366825783939e-01 -5.639320492920080370e-03
6.879665543015128781e-01 -1.663692785224060071e-03
7.030796246717250231e-01 2.372855940515641599e-03
7.182674431585703845e-01 6.485693960182387433e-03
7.335261863099650226e-01 1.069197398477090416e-02
7.488520128189207758e-01 1.500864470160606992e-02
7.642410644905727191e-01 1.944948388689615032e-02
7.796894672134594417e-01 2.402093854767481038e-02
7.951933319348093443e-01 2.871653734402249830e-02
8.107487556395898132e-01 3.350962170197724355e-02
8.263518223330695855e-01 3.834412510797229751e-02
8.419986040266501659e-01 4.312311565693816712e-02
8.576851617267149397e-01 4.769480560552605275e-02
8.734075464262507360e-01 5.183572406405953514e-02
8.891618000989889303e-01 5.523074564777245149e-02
9.049439566958173975e-01 5.744966948757000702e-02
9.207500431432115162e-01 5.792005003494399284e-02
9.365760803434354242e-01 5.589599410851423672e-02
9.524180841762578398e-01 5.042265809385822195e-02
9.682720665019324269e-01 4.029620553324901600e-02
9.841340361651920166e-01 2.401901886112239870e-02
9.999999999999998890e-01 -2.499999999997972594e-04
