9.999999999999998890e-01 2.500000000001387831e-04
9.841340361651920166e-01 2.001239100811428445e-02
9.682720665019324269e-01 3.954738995352623243e-02
9.524180841762578398e-01 5.875642126855201708e-02
9.365760803434354242e-01 7.757149952517058966e-02
9.207500431432115162e-01 9.594884615133221495e-02
9.049439566958173975e-01 1.138634049744166737e-01
8.891618000989889303e-01 1.313041911928946592e-01
8.734075464262507360e-01 1.482704044773839602e-01
8.576851617267149397e-01 1.647682345751777522e-01
8.419986040266501659e-01 1.808082869192001452e-01
8.263518223330695855e-01 1.964035561901243676e-01
8.107487556395898132e-01 2.115678774049047084e-01
7.951933319348093443e-01 2.263147867544202108e-01
7.796894672134594417e-01 2.406567279309820007e-01
7.642410644905727191e-01 2.546045439154990819e-01
7.488520128189207758e-01 2.681671989780192167e-01
7.335261863099650226e-01 2.813516808323905938e-01
7.182674431585703845e-01 2.941630383308275198e-01
7.030796246717250231e-01 3.066045156510463499e-01
6.879665543015128781e-01 3.186777494918719977e-01
6.729320366825783939e-01 3.303830012396349880e-01
6.579798566743311206e-01 3.417194012974774098e-01
6.431137784081281117e-01 3.526851876974169686e-01
6.283375443396724824e-01 3.632779256699836257e-01
6.136548743068714895e-01 3.734946989727392364e-01
5.990694645933862805e-01 3.833322674362166227e-01
5.845849869981135649e-01 3.927871883473721959e-01
5.702050879108284676e-01 4.018559019439685298e-01
5.559333873942259308e-01 4.105347834386842698e-01
5.417734782725895926e-01 4.188201656412668950e-01
5.277289252273172915e-01 4.267083374232796822e-01
5.138032638995313484e-01 4.341955240046341258e-01
5.000000000000001110e-01 4.412778553734182374e-01
4.863226084265935834e-01 4.479513291258823138e-01
4.727745323894976259e-01 4.542117736816246865e-01
4.593591825444023335e-01 4.600548172427416649e-01
4.460799361338897429e-01 4.654758670791028785e-01
4.329401361372292589e-01 4.704701027890154097e-01
4.199430904288018462e-01 4.750324861580486058e-01
4.070920709453594855e-01 4.791577891687601731e-01
3.943903128623333920e-01 4.828406406468965240e-01
3.818410137793947223e-01 4.860755910071640207e-01
3.694473329154774888e-01 4.888571936203795487e-01
3.572123903134606371e-01 4.911801004943628368e-01
3.451392660547150104e-01 4.930391692676723836e-01
3.332309994837083789e-01 4.944295779762087895e-01
3.214905884428678196e-01 4.953469436792172220e-01
3.099209885178879631e-01 4.957874408284906331e-01
2.985251122936787294e-01 4.957479152316905391e-01
2.873058286211370715e-01 4.952259895911624299e-01
2.762659618949298013e-01 4.942201568818624380e-01
2.654082913424666845e-01 4.927298582500856394e-01
2.547355503242452190e-01 4.907555426489454420e-01
2.442504256457417311e-01 4.882987060545030955e-01
2.339555568810219865e-01 4.853619088034971663e-01
2.238535357082431787e-01 4.819487703339856433e-01
2.139469052572124941e-01 4.780639413677022498e-01
2.042381594691679014e-01 4.737130543217302203e-01
1.947297424689413692e-01 4.689026534525920775e-01
1.854240479496642724e-01 4.636401068952334947e-01
1.763234185701672008e-01 4.579335033422706758e-01
1.674301453652287108e-01 4.517915365978854014e-01
1.587464671688187945e-01 4.452233816218409412e-01
1.502745700504856119e-01 4.382385659418873147e-01
1.420165867650229341e-01 4.308468404508158378e-01
1.339745962155614034e-01 4.230580536150566617e-01
1.261506229302150617e-01 4.148820330062910622e-01
1.185466365524179277e-01 4.063284778312087342e-01
1.111645513450765232e-01 3.974068657858653153e-01
1.040062257086641351e-01 3.881263771119155548e-01
9.707346171337882801e-02 3.784958381969026897e-01
9.036800464548166989e-02 3.685236864566637238e-01
8.389154256793041053e-02 3.582179575834286145e-01
7.764570589541863743e-02 3.475862955582528779e-01
7.163206698392743377e-02 3.366359851314948415e-01
6.585213973489323358e-02 3.253740057907106853e-01
6.030737921409157209e-02 3.138071055815423449e-01
5.499918128533154427e-02 3.019418925428376532e-01
4.992888225905456334e-02 2.897849409796272035e-01
4.509775855592612626e-02 2.773429093418909308e-01
4.050702638550263135e-02 2.646226661159892246e-01
3.615784144005795842e-02 2.516314198791681500e-01
3.205129860364375194e-02 2.383768495224983242e-01
2.818843167645834757e-02 2.248672306177135483e-01
2.457021311459295365e-02 2.111115539890371096e-01
2.119755378522125699e-02 1.971196327494116052e-01
1.807130273729329328e-02 1.829021943655689264e-01
1.519224698779197968e-02 1.684709547191831913e-01
1.256111132360571148e-02 1.538386716202901350e-01
1.017855811906731578e-02 1.390191757902874692e-01
8.045187169204659483e-03 1.240273779492248318e-01
6.161535538745877005e-03 1.088792512983646071e-01
4.528077426915411152e-03 9.359178936567752460e-02
3.145224048057615462e-03 7.818293986019224373e-02
2.013323528115562588e-03 6.267151584191493763e-02
1.132660816992037134e-03 4.707708613912318929e-02
5.034576168149174080e-04 3.141984751679905569e-02
1.258723261249317105e-04 1.572048160298087152e-02
0.000000000000000000e+00 0.000000000000000000e+00
1.258723261249317105e-04 -1.564101294919769194e-02
5.034576168149174080e-04 -3.125684257676383804e-02
1.132660816992037134e-03 -4.682248298041844642e-02
2.013323528115562588e-03 -6.231340297368621883e-02
3.145224048057615462e-03 -7.770576859268775449e-02
4.528077426915411152e-03 -9.297664823997467409e-02
6.161535538745877005e-03 -1.081041954433788199e-01
8.045187169204659483e-03 -1.230678048363929716e-01
1.017855811906731578e-02 -1.378482377184608032e-01
1.256111132360571148e-02 -1.524277144075720236e-01
1.519224698779197968e-02 -1.667899715296776719e-01
1.807130273729329328e-02 -1.809202833732096727e-01
2.119755378522125699e-02 -1.948054474446464512e-01
2.457021311459295365e-02 -2.084337353638203716e-01
2.818843167645834757e-02 -2.217948112069522137e-01
3.205129860364375194e-02 -2.348796203133536320e-01
3.615784144005795842e-02 -2.476802523921773636e-01
4.050702638550263135e-02 -2.601897834746130789e-01
4.509775855592612626e-02 -2.724021018337320355e-01
4.992888225905456334e-02 -2.843117234215362110e-01
5.499918128533154427e-02 -2.959136026376864570e-01
6.030737921409157209e-02 -3.072029443383563763e-01
6.585213973489323358e-02 -3.181750229131228846e-01
7.163206698392743377e-02 -3.288250140041008018e-01
7.764570589541863743e-02 -3.391478440211446177e-01
8.389154256793041053e-02 -3.491380620311564376e-01
9.036800464548166989e-02 -3.587897378843858953e-01
9.707346171337882801e-02 -3.680963896063181862e-01
1.040062257086641351e-01 -3.770509421543498663e-01
1.111645513450765232e-01 -3.856457186410494065e-01
1.185466365524179277e-01 -3.938724640899602392e-01
1.261506229302150617e-01 -4.017224007467207203e-01
1.339745962155614034e-01 -4.091863129496036144e-01
1.420165867650229341e-01 -4.162546586010841265e-01
1.502745700504856119e-01 -4.229177034062635565e-01
1.587464671688187945e-01 -4.291656732834535637e-01
1.674301453652287108e-01 -4.349889197325724766e-01
1.763234185701672008e-01 -4.403780924901177785e-01
1.854240479496642724e-01 -4.453243135227833993e-01
1.947297424689413692e-01 -4.498193463276070614e-01
2.042381594691679014e-01 -4.538557546215616356e-01
2.139469052572124941e-01 -4.574270448184417082e-01
2.238535357082431787e-01 -4.605277872002793149e-01
2.339555568810219865e-01 -4.631537113825830998e-01
2.442504256457417311e-01 -4.653017725295988671e-01
2.547355503242452190e-01 -4.669701857738676187e-01
2.654082913424666845e-01 -4.681584274046273753e-01
2.762659618949298013e-01 -4.688672025784164088e-01
2.873058286211370715e-01 -4.690983805350966707e-01
2.985251122936787294e-01 -4.688548995330371061e-01
3.099209885178879631e-01 -4.681406449062021080e-01
3.214905884428678196e-01 -4.669603047505936910e-01
3.332309994837083789e-01 -4.653192087257680964e-01
3.451392660547150104e-01 -4.632231562688688964e-01
3.572123903134606371e-01 -4.606782411269317867e-01
3.694473329154774888e-01 -4.576906794859383343e-01
3.818410137793947223e-01 -4.542666490859067485e-01
3.943903128623333920e-01 -4.504121465409363090e-01
4.070920709453594855e-01 -4.461328696204352462e-01
4.199430904288018462e-01 -4.414341304905885499e-01
4.329401361372292589e-01 -4.363208048710484621e-01
4.460799361338897429e-01 -4.307973207485949474e-01
4.593591825444023335e-01 -4.248676887353564635e-01
4.727745323894976259e-01 -4.185355744027646763e-01
4.863226084265935834e-01 -4.118044110126082291e-01
5.000000000000001110e-01 -4.046775490617925963e-01
5.138032638995313484e-01 -3.971584370249770513e-01
5.277289252273172915e-01 -3.892508256939970490e-01
5.417734782725895926e-01 -3.809589866560550986e-01
5.559333873942259308e-01 -3.722879338097502266e-01
5.702050879108284676e-01 -3.632436354775889775e-01
5.845849869981135649e-01 -3.538332037246529893e-01
5.990694645933862805e-01 -3.440650470230255387e-01
6.136548743068714895e-01 -3.339489724937209081e-01
6.283375443396724824e-01 -3.234962246890860649e-01
6.431137784081281117e-01 -3.127194493168260481e-01
6.579798566743311206e-01 -3.016325725083429110e-01
6.729320366825783939e-01 -2.902505892415349620e-01
6.879665543015128781e-01 -2.785892583680317225e-01
7.030796246717250231e-01 -2.666647063753266877e-01
7.182674431585703845e-01 -2.544929475237406313e-01
7.335261863099650226e-01 -2.420893343034217771e-01
7.488520128189207758e-01 -2.294679592019012448e-01
7.642410644905727191e-01 -2.166410364789007614e-01
7.796894672134594417e-01 -2.036183009092800700e-01
7.951933319348093443e-01 -1.904064691508990936e-01
8.107487556395898132e-01 -1.770088183725228304e-01
8.263518223330695855e-01 -1.634249458669210786e-01
8.419986040266501659e-01 -1.496507823852077090e-01
8.576851617267149397e-01 -1.356789406517976693e-01
8.734075464262507360e-01 -1.214994887317124850e-01
8.891618000989889303e-01 -1.071012453882682763e-01
9.049439566958173975e-01 -9.247370104632623988e-02
9.207500431432115162e-01 -7.760967321730136148e-02
9.365760803434354242e-01 -6.250880900059836709e-02
9.524180841762578398e-01 -4.718204931101425276e-02
9.682720665019324269e-01 -3.165716956213150690e-02
9.841340361651920166e-01 -1.598550944652491271e-02
9.999999999999998890e-01 -2.500000000001100517e-04
