9.999999999999998890e-01 2.500000000001173701e-04
9.841340361651920166e-01 1.695809722076205284e-02
9.682720665019324269e-01 3.340151673848717334e-02
9.524180841762578398e-01 4.943864637285201591e-02
9.365760803434354242e-01 6.497901979595162303e-02
9.207500431432115162e-01 7.997235109086960059e-02
9.049439566958173975e-01 9.439907534326059946e-02
8.891618000989889303e-01 1.082622960111376403e-01
8.734075464262507360e-01 1.215810319521768990e-01
8.576851617267149397e-01 1.343846516676197311e-01
8.419986040266501659e-01 1.467083793834169647e-01
8.263518223330695855e-01 1.585897568438019434e-01
8.107487556395898132e-01 1.700659459311399113e-01
7.951933319348093443e-01 1.811717602248579528e-01
7.796894672134594417e-01 1.919383181376164704e-01
7.642410644905727191e-01 2.023922160794796032e-01
7.488520128189207758e-01 2.125551269607881266e-01
7.335261863099650226e-01 2.224437370154041527e-01
7.182674431585703845e-01 2.320699421791035111e-01
7.030796246717250231e-01 2.414412338752438270e-01
6.879665543015128781e-01 2.505612128375593328e-01
6.729320366825783939e-01 2.594301783508424775e-01
6.579798566743311206e-01 2.680457488458881099e-01
6.431137784081281117e-01 2.764034779973651990e-01
6.283375443396724824e-01 2.844974382156549297e-01
6.136548743068714895e-01 2.923207505917272409e-01
5.990694645933862805e-01 2.998660468656940137e-01
5.845849869981135649e-01 3.071258547846471010e-01
5.702050879108284676e-01 3.140929032549795719e-01
5.559333873942259308e-01 3.207603479600640295e-01
5.417734782725895926e-01 3.271219216062815627e-01
5.277289252273172915e-01 3.331720156965002344e-01
5.138032638995313484e-01 3.389057027430683600e-01
5.000000000000001110e-01 3.443187091683134748e-01
4.863226084265935834e-01 3.494073498565714586e-01
4.727745323894976259e-01 3.541684354838392501e-01
4.593591825444023335e-01 3.585991634316759158e-01
4.460799361338897429e-01 3.626970023676358568e-01
4.329401361372292589e-01 3.664595795240526144e-01
4.199430904288018462e-01 3.698845784091463473e-01
4.070920709453594855e-01 3.729696532160673983e-01
3.943903128623333920e-01 3.757123646298541342e-01
3.818410137793947223e-01 3.781101401375068227e-01
3.694473329154774888e-01 3.801602603841951478e-01
3.572123903134606371e-01 3.818598716433359574e-01
3.451392660547150104e-01 3.832060231260014382e-01
3.332309994837083789e-01 3.841957266832500273e-01
3.214905884428678196e-01 3.848260354818930917e-01
3.099209885178879631e-01 3.850941374793012129e-01
2.985251122936787294e-01 3.849974589966704830e-01
2.873058286211370715e-01 3.845337733948592240e-01
2.762659618949298013e-01 3.837013097867975620e-01
2.654082913424666845e-01 3.824988568628518437e-01
2.547355503242452190e-01 3.809258572415045174e-01
2.442504256457417311e-01 3.789824882632669145e-01
2.339555568810219865e-01 3.766697257927081877e-01
2.238535357082431787e-01 3.739893883507971473e-01
2.139469052572124941e-01 3.709441597344159680e-01
2.042381594691679014e-01 3.675375891582562948e-01
1.947297424689413692e-01 3.637740688429719760e-01
1.854240479496642724e-01 3.596587898404172701e-01
1.763234185701672008e-01 3.551976777022504139e-01
1.674301453652287108e-01 3.503973103353760221e-01
1.587464671688187945e-01 3.452648210235927384e-01
1.502745700504856119e-01 3.398077901105929777e-01
1.420165867650229341e-01 3.340341292209540458e-01
1.339745962155614034e-01 3.279519621336712265e-01
1.261506229302150617e-01 3.215695065127434638e-01
1.185466365524179277e-01 3.148949606419176317e-01
1.111645513450765232e-01 3.079363991111669363e-01
1.040062257086641351e-01 3.007016810704934984e-01
9.707346171337882801e-02 2.931983742158071893e-01
9.036800464548166989e-02 2.854336971189598282e-01
8.389154256793041053e-02 2.774144818793228828e-01
7.764570589541863743e-02 2.691471583795500000e-01
7.163206698392743377e-02 2.606377606966921445e-01
6.585213973489323358e-02 2.518919554756772761e-01
6.030737921409157209e-02 2.429150913392643940e-01
5.499918128533154427e-02 2.337122677101105828e-01
4.992888225905456334e-02 2.242884207782748496e-01
4.509775855592612626e-02 2.146484237809428153e-01
4.050702638550263135e-02 2.047971982874138286e-01
3.615784144005795842e-02 1.947398328154109626e-01
3.205129860364375194e-02 1.844817048550081440e-01
2.818843167645834757e-02 1.740286022507708807e-01
2.457021311459295365e-02 1.633868398940114264e-01
2.119755378522125699e-02 1.525633678044739372e-01
1.807130273729329328e-02 1.415658669295815075e-01
1.519224698779197968e-02 1.304028293512829451e-01
1.256111132360571148e-02 1.190836200539026057e-01
1.017855811906731578e-02 1.076185179566211680e-01
8.045187169204659483e-03 9.601873453423703797e-02
6.161535538745877005e-03 8.429640902062540686e-02
4.528077426915411152e-03 7.246457989036557412e-02
3.145224048057615462e-03 6.053713302416312975e-02
2.013323528115562588e-03 4.852872766146929667e-02
1.132660816992037134e-03 3.645470190825339518e-02
5.034576168149174080e-04 2.433096017928002008e-02
1.258723261249317105e-04 1.217384549427639323e-02
0.000000000000000000e+00 0.000000000000000000e+00
1.258723261249317105e-04 -1.207474701996469509e-02
5.034576168149174080e-04 -2.413045519056013222e-02
1.132660816992037134e-03 -3.614818610374328361e-02
2.013323528115562588e-03 -4.810932440026489260e-02
3.145224048057615462e-03 -5.999573009240140309e-02
4.528077426915411152e-03 -7.178988010042741674e-02
6.161535538745877005e-03 -8.347499584211044710e-02
8.045187169204659483e-03 -9.503515407276165450e-02
1.017855811906731578e-02 -1.064553786036073757e-01
1.256111132360571148e-02 -1.177217110174101911e-01
1.519224698779197968e-02 -1.288212590397410373e-01
1.807130273729329328e-02 -1.397422217981010573e-01
2.119755378522125699e-02 -1.504738917944727083e-01
2.457021311459295365e-02 -1.610066340143655739e-01
2.818843167645834757e-02 -1.713318431815255283e-01
3.205129860364375194e-02 -1.814418807268548539e-01
3.615784144005795842e-02 -1.913299935580840549e-01
4.050702638550263135e-02 -2.009902171796341674e-01
4.509775855592612626e-02 -2.104172661076261774e-01
4.992888225905456334e-02 -2.196064148424538565e-01
5.499918128533154427e-02 -2.285533728920936536e-01
6.030737921409157209e-02 -2.372541574768911588e-01
6.585213973489323358e-02 -2.457049675868701877e-01
7.163206698392743377e-02 -2.539020630040674242e-01
7.764570589541863743e-02 -2.618416517460360748e-01
8.389154256793041053e-02 -2.695197891360476272e-01
9.036800464548166989e-02 -2.769322913667579544e-01
9.707346171337882801e-02 -2.840746660056819861e-01
1.040062257086641351e-01 -2.909420614034051167e-01
1.111645513450765232e-01 -2.975292364216661767e-01
1.185466365524179277e-01 -3.038305513125685864e-01
1.261506229302150617e-01 -3.098399799677480915e-01
1.339745962155614034e-01 -3.155511431338479111e-01
1.420165867650229341e-01 -3.209573615751061815e-01
1.502745700504856119e-01 -3.260517275722761288e-01
1.587464671688187945e-01 -3.308271925961760451e-01
1.674301453652287108e-01 -3.352766684997300906e-01
1.763234185701672008e-01 -3.393931391490354610e-01
1.854240479496642724e-01 -3.431697790747189614e-01
1.947297424689413692e-01 -3.466000754805498851e-01
2.042381594691679014e-01 -3.496779498055286872e-01
2.139469052572124941e-01 -3.523978750043788577e-01
2.238535357082431787e-01 -3.547549847926331767e-01
2.339555568810219865e-01 -3.567451712963719546e-01
2.442504256457417311e-01 -3.583651678501269533e-01
2.547355503242452190e-01 -3.596126140934218229e-01
2.654082913424666845e-01 -3.604861010177431435e-01
2.762659618949298013e-01 -3.609851941994774993e-01
2.873058286211370715e-01 -3.611104341058953837e-01
2.985251122936787294e-01 -3.608633130637117215e-01
3.099209885178879631e-01 -3.602462292142323275e-01
3.214905884428678196e-01 -3.592624185252222824e-01
3.332309994837083789e-01 -3.579158666660150478e-01
3.451392660547150104e-01 -3.562112032570990960e-01
3.572123903134606371e-01 -3.541535816566382944e-01
3.694473329154774888e-01 -3.517485480229088357e-01
3.818410137793947223e-01 -3.490019038734900048e-01
3.943903128623333920e-01 -3.459195667310772104e-01
4.070920709453594855e-01 -3.425074336861932411e-01
4.199430904288018462e-01 -3.387712528059325101e-01
4.329401361372292589e-01 -3.347165072656497209e-01
4.460799361338897429e-01 -3.303483168713725604e-01
4.593591825444023335e-01 -3.256713612730015028e-01
4.727745323894976259e-01 -3.206898286446966950e-01
4.863226084265935834e-01 -3.154073929363921946e-01
5.000000000000001110e-01 -3.098272219908164149e-01
5.138032638995313484e-01 -3.039520178899446923e-01
5.277289252273172915e-01 -2.977840898639735334e-01
5.417734782725895926e-01 -2.913254589893011781e-01
5.559333873942259308e-01 -2.845779927478417903e-01
5.702050879108284676e-01 -2.775435663497490824e-01
5.845849869981135649e-01 -2.702242465692636375e-01
5.990694645933862805e-01 -2.626224927448378987e-01
6.136548743068714895e-01 -2.547413685869643341e-01
6.283375443396724824e-01 -2.465847575575669248e-01
6.431137784081281117e-01 -2.381575738701610379e-01
6.579798566743311206e-01 -2.294659606454934331e-01
6.729320366825783939e-01 -2.205174664758449976e-01
6.879665543015128781e-01 -2.113211916320678618e-01
7.030796246717250231e-01 -2.018878954158908612e-01
7.182674431585703845e-01 -1.922300567361093226e-01
7.335261863099650226e-01 -1.823618808850467621e-01
7.488520128189207758e-01 -1.722992467185771315e-01
7.642410644905727191e-01 -1.620595899991975897e-01
7.796894672134594417e-01 -1.516617205395172918e-01
7.951933319348093443e-01 -1.411255729673874526e-01
8.107487556395898132e-01 -1.304718933996704411e-01
8.263518223330695855e-01 -1.197218670269462326e-01
8.419986040266501659e-01 -1.088966945356148880e-01
8.576851617267149397e-01 -9.801712837831670633e-02
8.734075464262507360e-01 -8.710298309231105651e-02
8.891618000989889303e-01 -7.617263709564849050e-02
9.049439566958173975e-01 -6.524254659386093114e-02
9.207500431432115162e-01 -5.432679533180857084e-02
9.365760803434354242e-01 -4.343670684876765886e-02
9.524180841762578398e-01 -3.258054855987521647e-02
9.682720665019324269e-01 -2.176335931262016188e-02
9.841340361651920166e-01 -1.098693397262765978e-02
9.999999999999998890e-01 -2.500000000000749778e-04
