9.999999999999998890e-01 2.500000000001045223e-04
9.841340361651920166e-01 1.505775360473924837e-02
9.682720665019324269e-01 2.958642411432327660e-02
9.524180841762578398e-01 4.382289585367671325e-02
9.365760803434354242e-01 5.776177559893548585e-02
9.207500431432115162e-01 7.140298429261829338e-02
9.049439566958173975e-01 8.474980370386753226e-02
8.891618000989889303e-01 9.780733271945316054e-02
8.734075464262507360e-01 1.105813070973138690e-01
8.576851617267149397e-01 1.230772365571074223e-01
8.419986040266501659e-01 1.352998139366463626e-01
8.263518223330695855e-01 1.472525527170540083e-01
8.107487556395898132e-01 1.589376114156108855e-01
7.951933319348093443e-01 1.703557660631246085e-01
7.796894672134594417e-01 1.815064951206386556e-01
7.642410644905727191e-01 1.923881446475787793e-01
7.488520128189207758e-01 2.029981452117075591e-01
7.335261863099650226e-01 2.133332558363633946e-01
7.182674431585703845e-01 2.233898141237999346e-01
7.030796246717250231e-01 2.331639754932679220e-01
6.879665543015128781e-01 2.426519281548621398e-01
6.729320366825783939e-01 2.518500739399177069e-01
6.579798566743311206e-01 2.607551683699578238e-01
6.431137784081281117e-01 2.693644163227179034e-01
6.283375443396724824e-01 2.776755223093140823e-01
6.136548743068714895e-01 2.856866966848088940e-01
5.990694645933862805e-01 2.933966210585858270e-01
5.845849869981135649e-01 3.008043777436918420e-01
5.702050879108284676e-01 3.079093492870441096e-01
5.559333873942259308e-01 3.147110949646249600e-01
5.417734782725895926e-01 3.212092116242773465e-01
5.277289252273172915e-01 3.274031864366432898e-01
5.138032638995313484e-01 3.332922490007507177e-01
5.000000000000001110e-01 3.388752298777501504e-01
4.863226084265935834e-01 3.441504320306743581e-01
4.727745323894976259e-01 3.491155208684839639e-01
4.593591825444023335e-01 3.537674376689944888e-01
4.460799361338897429e-01 3.581023401277022011e-01
4.329401361372292589e-01 3.621155726875762704e-01
4.199430904288018462e-01 3.658016681864952879e-01
4.070920709453594855e-01 3.691543812498483401e-01
3.943903128623333920e-01 3.721667527885247906e-01
3.818410137793947223e-01 3.748312039661822470e-01
3.694473329154774888e-01 3.771396570993526542e-01
3.572123903134606371e-01 3.790836801703451608e-01
3.451392660547150104e-01 3.806546509821254198e-01
3.332309994837083789e-01 3.818439364778938305e-01
3.214905884428678196e-01 3.826430823927036706e-01
3.099209885178879631e-01 3.830440082024526016e-01
2.985251122936787294e-01 3.830392022848936318e-01
2.873058286211370715e-01 3.826219123019228285e-01
2.762659618949298013e-01 3.817863260426563876e-01
2.654082913424666845e-01 3.805277383199684449e-01
2.547355503242452190e-01 3.788426999737634637e-01
2.442504256457417311e-01 3.767291455848407189e-01
2.339555568810219865e-01 3.741864971247142457e-01
2.238535357082431787e-01 3.712157414392148191e-01
2.139469052572124941e-01 3.678194801667632463e-01
2.042381594691679014e-01 3.640019514056739847e-01
1.947297424689413692e-01 3.597690231492377544e-01
1.854240479496642724e-01 3.551281591842939678e-01
1.763234185701672008e-01 3.500883587818267584e-01
1.674301453652287108e-01 3.446600720819710806e-01
1.587464671688187945e-01 3.388550935782141393e-01
1.502745700504856119e-01 3.326864365264246004e-01
1.420165867650229341e-01 3.261681914362256074e-01
1.339745962155614034e-01 3.193153720404518503e-01
1.261506229302150617e-01 3.121437522809614173e-01
1.185466365524179277e-01 3.046696978965964253e-01
1.111645513450765232e-01 2.969099961547591593e-01
1.040062257086641351e-01 2.888816871373858230e-01
9.707346171337882801e-02 2.806018997826799644e-01
9.036800464548166989e-02 2.720876956051336837e-01
8.389154256793041053e-02 2.633559226790180285e-01
7.764570589541863743e-02 2.544230820865897025e-01
7.163206698392743377e-02 2.453052086144468236e-01
6.585213973489323358e-02 2.360177670428635910e-01
6.030737921409157209e-02 2.265755649265734917e-01
5.499918128533154427e-02 2.169926823240800884e-01
4.992888225905456334e-02 2.072824185081441617e-01
4.509775855592612626e-02 1.974572552935938141e-01
4.050702638550263135e-02 1.875288362597422875e-01
3.615784144005795842e-02 1.775079608316789403e-01
3.205129860364375194e-02 1.674045919239840752e-01
2.818843167645834757e-02 1.572278756467360705e-01
2.457021311459295365e-02 1.469861714297831246e-01
2.119755378522125699e-02 1.366870908380566629e-01
1.807130273729329328e-02 1.263375433271848869e-01
1.519224698779197968e-02 1.159437872220788479e-01
1.256111132360571148e-02 1.055114842870463893e-01
1.017855811906731578e-02 9.504575638845740027e-02
8.045187169204659483e-03 8.455124292285841336e-02
6.161535538745877005e-03 7.403215788656282437e-02
4.528077426915411152e-03 6.349234568818322433e-02
3.145224048057615462e-03 5.293533504402670592e-02
2.013323528115562588e-03 4.236439053815210798e-02
1.132660816992037134e-03 3.178256166491465196e-02
5.034576168149174080e-04 2.119272939301836134e-02
1.258723261249317105e-04 1.059765048825660194e-02
0.000000000000000000e+00 0.000000000000000000e+00
1.258723261249317105e-04 -9.771177342005474969e-03
5.034576168149174080e-04 -1.951489988944224777e-02
1.132660816992037134e-03 -2.920395501627113047e-02
2.013323528115562588e-03 -3.881173443563476488e-02
3.145224048057615462e-03 -4.831252179896791676e-02
4.528077426915411152e-03 -5.768176318065282998e-02
6.161535538745877005e-03 -6.689631536578513615e-02
8.045187169204659483e-03 -7.593466737187401505e-02
1.017855811906731578e-02 -8.477713125216160273e-02
1.256111132360571148e-02 -9.340599893320480906e-02
1.519224698779197968e-02 -1.018056626147166299e-01
1.807130273729329328e-02 -1.099626970859077651e-01
2.119755378522125699e-02 -1.178659031690893894e-01
2.457021311459295365e-02 -1.255063123666256553e-01
2.818843167645834757e-02 -1.328771536399738495e-01
3.205129860364375194e-02 -1.399737840683689949e-01
3.615784144005795842e-02 -1.467935858995464138e-01
4.050702638550263135e-02 -1.533358331970717803e-01
4.509775855592612626e-02 -1.596015318916760850e-01
4.992888225905456334e-02 -1.655932375431753700e-01
5.499918128533154427e-02 -1.713148555036234644e-01
6.030737921409157209e-02 -1.767714284328857910e-01
6.585213973489323358e-02 -1.819689162497808432e-01
7.163206698392743377e-02 -1.869139736036674881e-01
7.764570589541863743e-02 -1.916137298247701237e-01
8.389154256793041053e-02 -1.960755760619358468e-01
9.036800464548166989e-02 -2.003069639525658086e-01
9.707346171337882801e-02 -2.043152197028702266e-01
1.040062257086641351e-01 -2.081073769018472464e-01
1.111645513450765232e-01 -2.116900307663149849e-01
1.185466365524179277e-01 -2.150692158357049855e-01
1.261506229302150617e-01 -2.182503084242589375e-01
1.339745962155614034e-01 -2.212379544157347944e-01
1.420165867650229341e-01 -2.240360222728812745e-01
1.502745700504856119e-01 -2.266475804515884762e-01
1.587464671688187945e-01 -2.290748977775720896e-01
1.674301453652287108e-01 -2.313194647799302617e-01
1.763234185701672008e-01 -2.333820334970473365e-01
1.854240479496642724e-01 -2.352626728895842179e-01
1.947297424689413692e-01 -2.369608367231205437e-01
2.042381594691679014e-01 -2.384754406264097126e-01
2.139469052572124941e-01 -2.398049449934955835e-01
2.238535357082431787e-01 -2.409474404786034196e-01
2.339555568810219865e-01 -2.419007330273242606e-01
2.442504256457417311e-01 -2.426624256879017227e-01
2.547355503242452190e-01 -2.432299948404318402e-01
2.654082913424666845e-01 -2.436008589541782954e-01
2.762659618949298013e-01 -2.437724385156395945e-01
2.873058286211370715e-01 -2.437422063416415929e-01
2.985251122936787294e-01 -2.435077280798525756e-01
3.099209885178879631e-01 -2.430666932797466984e-01
3.214905884428678196e-01 -2.424169379657459822e-01
3.332309994837083789e-01 -2.415564601369138420e-01
3.451392660547150104e-01 -2.404834300311479434e-01
3.572123903134606371e-01 -2.391961973052995072e-01
3.694473329154774888e-01 -2.376932974777665464e-01
3.818410137793947223e-01 -2.359734600422078998e-01
3.943903128623333920e-01 -2.340356205796906564e-01
4.070920709453594855e-01 -2.318789389664221157e-01
4.199430904288018462e-01 -2.295028253952410557e-01
4.329401361372292589e-01 -2.269069754072705614e-01
4.460799361338897429e-01 -2.240914144777231276e-01
4.593591825444023335e-01 -2.210565519353374919e-01
4.727745323894976259e-01 -2.178032431431358440e-01
4.863226084265935834e-01 -2.143328579600501105e-01
5.000000000000001110e-01 -2.106473525750932885e-01
5.138032638995313484e-01 -2.067493408999075133e-01
5.277289252273172915e-01 -2.026421608678122821e-01
5.417734782725895926e-01 -1.983299302674913778e-01
5.559333873942259308e-01 -1.938175861890907847e-01
5.702050879108284676e-01 -1.891109018328064884e-01
5.845849869981135649e-01 -1.842164743778033076e-01
5.990694645933862805e-01 -1.791416778836128210e-01
6.136548743068714895e-01 -1.738945758448517676e-01
6.283375443396724824e-01 -1.684837890861943244e-01
6.431137784081281117e-01 -1.629183162046270728e-01
6.579798566743311206e-01 -1.572073057687314590e-01
6.729320366825783939e-01 -1.513597819892039398e-01
6.879665543015128781e-01 -1.453843285892890413e-01
7.030796246717250231e-01 -1.392887391243443629e-01
7.182674431585703845e-01 -1.330796460092285305e-01
7.335261863099650226e-01 -1.267621449792995514e-01
7.488520128189207758e-01 -1.203394365894678020e-01
7.642410644905727191e-01 -1.138125115847631597e-01
7.796894672134594417e-01 -1.071799124787997798e-01
7.951933319348093443e-01 -1.004376093619738369e-01
8.107487556395898132e-01 -9.357903372339232417e-02
8.263518223330695855e-01 -8.659531979014235825e-02
8.419986040266501659e-01 -7.947580843308191256e-02
8.576851617267149397e-01 -7.220887391779293174e-02
8.734075464262507360e-01 -6.478313854195308363e-02
8.891618000989889303e-01 -5.718914433904627448e-02
9.049439566958173975e-01 -4.942155438208076235e-02
9.207500431432115162e-01 -4.148195862785596794e-02
9.365760803434354242e-01 -3.338236054235155237e-02
9.524180841762578398e-01 -2.514942078629651273e-02
9.682720665019324269e-01 -1.682953287076343826e-02
9.841340361651920166e-01 -8.494802781602936101e-03
9.999999999999998890e-01 -2.500000000000570342e-04
