9.999999999999998890e-01 2.500000000000618047e-04
9.841340361651920166e-01 9.031205333728344054e-03
9.682720665019324269e-01 1.767509393684932317e-02
9.524180841762578398e-01 2.613922689844502475e-02
9.365760803434354242e-01 3.439252406715527510e-02
9.207500431432115162e-01 4.241333757465251542e-02
9.049439566958173975e-01 5.018774497679485969e-02
8.891618000989889303e-01 5.770805029994340030e-02
8.734075464262507360e-01 6.497147996361291034e-02
8.576851617267149397e-01 7.197905958938081994e-02
8.419986040266501659e-01 7.873465707800281210e-02
8.263518223330695855e-01 8.524417701663264402e-02
8.107487556395898132e-01 9.151489143771833479e-02
7.951933319348093443e-01 9.755489216024383625e-02
7.796894672134594417e-01 1.033726503707413785e-01
7.642410644905727191e-01 1.089766697134257889e-01
7.488520128189207758e-01 1.143752199232577066e-01
7.335261863099650226e-01 1.195761389205987901e-01
7.182674431585703845e-01 1.245866922602548721e-01
7.030796246717250231e-01 1.294134798615213799e-01
6.879665543015128781e-01 1.340623810116838288e-01
6.729320366825783939e-01 1.385385297079368139e-01
6.579798566743311206e-01 1.428463134590848005e-01
6.431137784081281117e-01 1.469893896887269902e-01
6.283375443396724824e-01 1.509707148488781681e-01
6.136548743068714895e-01 1.547925822531545925e-01
5.990694645933862805e-01 1.584566654608205727e-01
5.845849869981135649e-01 1.619640647791734944e-01
5.702050879108284676e-01 1.653153550968790575e-01
5.559333873942259308e-01 1.685106338125865189e-01
5.417734782725895926e-01 1.715495680816258584e-01
5.277289252273172915e-01 1.744314409712420522e-01
5.138032638995313484e-01 1.771551963960985021e-01
5.000000000000001110e-01 1.797194829068285427e-01
4.863226084265935834e-01 1.821226965327708558e-01
4.727745323894976259e-01 1.843630229443204427e-01
4.593591825444023335e-01 1.864384792099472721e-01
4.460799361338897429e-01 1.883469553877151481e-01
4.329401361372292589e-01 1.900862561210790724e-01
4.199430904288018462e-01 1.916541423137110012e-01
4.070920709453594855e-01 1.930483728476014849e-01
3.943903128623333920e-01 1.942667461915950633e-01
3.818410137793947223e-01 1.953071416319343556e-01
3.694473329154774888e-01 1.961675597494430823e-01
3.572123903134606371e-01 1.968461616757221089e-01
3.451392660547150104e-01 1.973413065880464667e-01
3.332309994837083789e-01 1.976515868532013609e-01
3.214905884428678196e-01 1.977758602066953808e-01
3.099209885178879631e-01 1.977132783568577579e-01
2.985251122936787294e-01 1.974633114333055051e-01
2.873058286211370715e-01 1.970257677551041087e-01
2.762659618949298013e-01 1.964008084736227622e-01
2.654082913424666845e-01 1.955889567457152201e-01
2.547355503242452190e-01 1.945911012108391680e-01
2.442504256457417311e-01 1.934084936769025764e-01
2.339555568810219865e-01 1.920427410594339190e-01
2.238535357082431787e-01 1.904957917623278651e-01
2.139469052572124941e-01 1.887699168310507380e-01
2.042381594691679014e-01 1.868676863460427551e-01
1.947297424689413692e-01 1.847919416505844070e-01
1.854240479496642724e-01 1.825457641194567215e-01
1.763234185701672008e-01 1.801324412686648446e-01
1.674301453652287108e-01 1.775554310792387402e-01
1.587464671688187945e-01 1.748183254573132117e-01
1.502745700504856119e-01 1.719248137766713758e-01
1.420165867650229341e-01 1.688786474478409239e-01
1.339745962155614034e-01 1.656836064296028088e-01
1.261506229302150617e-01 1.623434685450874659e-01
1.185466365524179277e-01 1.588619823869575343e-01
1.111645513450765232e-01 1.552428444966484355e-01
1.040062257086641351e-01 1.514896813840235501e-01
9.707346171337882801e-02 1.476060368194135886e-01
9.036800464548166989e-02 1.435953646835869679e-01
8.389154256793041053e-02 1.394610275068175198e-01
7.764570589541863743e-02 1.352063006701619274e-01
7.163206698392743377e-02 1.308343820846940009e-01
6.585213973489323358e-02 1.263484070121178304e-01
6.030737921409157209e-02 1.217514675470636326e-01
5.499918128533154427e-02 1.170466361513857606e-01
4.992888225905456334e-02 1.122369925174663413e-01
4.509775855592612626e-02 1.073256529439549772e-01
4.050702638550263135e-02 1.023158013360602886e-01
3.615784144005795842e-02 9.721072089537936833e-02
3.205129860364375194e-02 9.201382554252657275e-02
2.818843167645834757e-02 8.672869012008543876e-02
2.457021311459295365e-02 8.135907845347919998e-02
2.119755378522125699e-02 7.590896840241768972e-02
1.807130273729329328e-02 7.038257311408735450e-02
1.519224698779197968e-02 6.478435778908671339e-02
1.256111132360571148e-02 5.911905138954688665e-02
1.017855811906731578e-02 5.339165285271859490e-02
8.045187169204659483e-03 4.760743151894365061e-02
6.161535538745877005e-03 4.177192163644952855e-02
4.528077426915411152e-03 3.589091096267595787e-02
3.145224048057615462e-03 2.997042363868166956e-02
2.013323528115562588e-03 2.401669766534546280e-02
1.132660816992037134e-03 1.803615745355689748e-02
5.034576168149174080e-04 1.203538205152521190e-02
1.258723261249317105e-04 6.021069767245971170e-03
0.000000000000000000e+00 0.000000000000000000e+00
1.258723261249317105e-04 -5.941601106516597973e-03
5.034576168149174080e-04 -1.187237709788228728e-02
1.132660816992037134e-03 -1.778155427514126544e-02
2.013323528115562588e-03 -2.365858477211303310e-02
3.145224048057615462e-03 -2.949325234191148629e-02
4.528077426915411152e-03 -3.527576980465668699e-02
6.161535538745877005e-03 -4.099686574744089429e-02
8.045187169204659483e-03 -4.664785837180750183e-02
1.017855811906731578e-02 -5.222071474775530353e-02
1.256111132360571148e-02 -5.770809414627593725e-02
1.519224698779197968e-02 -6.310337457293883900e-02
1.807130273729329328e-02 -6.840066210017974047e-02
2.119755378522125699e-02 -7.359478308219036258e-02
2.457021311459295365e-02 -7.868125981964610438e-02
2.818843167645834757e-02 -8.365627070804755594e-02
3.205129860364375194e-02 -8.851659633965119900e-02
3.615784144005795842e-02 -9.325955342211002252e-02
4.050702638550263135e-02 -9.788291871546449252e-02
4.509775855592612626e-02 -1.023848454629536220e-01
4.992888225905456334e-02 -1.067637749919638779e-01
5.499918128533154427e-02 -1.110183462830772044e-01
6.030737921409157209e-02 -1.151473063436105060e-01
6.585213973489323358e-02 -1.191494241756536898e-01
7.163206698392743377e-02 -1.230234109982380891e-01
7.764570589541863743e-02 -1.267678491722147305e-01
8.389154256793041053e-02 -1.303811319903870891e-01
9.036800464548166989e-02 -1.338614161424013516e-01
9.707346171337882801e-02 -1.372065882539139636e-01
1.040062257086641351e-01 -1.404142464445043981e-01
1.111645513450765232e-01 -1.434816973620827163e-01
1.185466365524179277e-01 -1.464059686477149624e-01
1.261506229302150617e-01 -1.491838362791649553e-01
1.339745962155614034e-01 -1.518118657496717039e-01
1.420165867650229341e-01 -1.542864655760817494e-01
1.502745700504856119e-01 -1.566039512123746369e-01
1.587464671688187945e-01 -1.587606170848081255e-01
1.674301453652287108e-01 -1.607528141758180762e-01
1.763234185701672008e-01 -1.625770303760664393e-01
1.854240479496642724e-01 -1.642299707060076441e-01
1.947297424689413692e-01 -1.657086344858910432e-01
2.042381594691679014e-01 -1.670103866092808587e-01
2.139469052572124941e-01 -1.681330202500368187e-01
2.238535357082431787e-01 -1.690748086032554109e-01
2.339555568810219865e-01 -1.698345436208357206e-01
2.442504256457417311e-01 -1.704115601429729565e-01
2.547355503242452190e-01 -1.708057443359993488e-01
2.654082913424666845e-01 -1.710175259099494527e-01
2.762659618949298013e-01 -1.710478541890783077e-01
2.873058286211370715e-01 -1.708981587264614410e-01
2.985251122936787294e-01 -1.705702957694808786e-01
3.099209885178879631e-01 -1.700664824752952664e-01
3.214905884428678196e-01 -1.693892213228465060e-01
3.332309994837083789e-01 -1.685412176494689163e-01
3.451392660547150104e-01 -1.675252936355918765e-01
3.572123903134606371e-01 -1.663443023519119157e-01
3.694473329154774888e-01 -1.650010456535619396e-01
3.818410137793947223e-01 -1.634981997419957256e-01
3.943903128623333920e-01 -1.618382521077998126e-01
4.070920709453594855e-01 -1.600234533107553481e-01
4.199430904288018462e-01 -1.580557866459889882e-01
4.329401361372292589e-01 -1.559369581906159541e-01
4.460799361338897429e-01 -1.536684090326042307e-01
4.593591825444023335e-01 -1.512513506666328389e-01
4.727745323894976259e-01 -1.486868236196406678e-01
4.863226084265935834e-01 -1.459757783658449937e-01
5.000000000000001110e-01 -1.431191765363331314e-01
5.138032638995313484e-01 -1.401181093554186297e-01
5.277289252273172915e-01 -1.369739291821641947e-01
5.417734782725895926e-01 -1.336883890413742837e-01
5.559333873942259308e-01 -1.302637841368537996e-01
5.702050879108284676e-01 -1.267030885951781205e-01
5.845849869981135649e-01 -1.230100801353827544e-01
5.990694645933862805e-01 -1.191894450429081542e-01
6.136548743068714895e-01 -1.152468557870017785e-01
6.283375443396724824e-01 -1.111890138986455917e-01
6.431137784081281117e-01 -1.070236513556743208e-01
6.579798566743311206e-01 -1.027594847322412103e-01
6.729320366825783939e-01 -9.840611778358225592e-02
6.879665543015128781e-01 -9.397388996866833100e-02
7.030796246717250231e-01 -8.947367066844462424e-02
7.182674431585703845e-01 -8.491660153176837367e-02
7.335261863099650226e-01 -8.031379246010733608e-02
7.488520128189207758e-01 -7.567598019965859901e-02
7.642410644905727191e-01 -7.101316230832979692e-02
7.796894672134594417e-01 -6.633422335581909413e-02
7.951933319348093443e-01 -6.164657453700413126e-02
8.107487556395898132e-01 -5.695583235980716114e-02
8.263518223330695855e-01 -5.226556662566195915e-02
8.419986040266501659e-01 -4.757715246069479237e-02
8.576851617267149397e-01 -4.288976557689007374e-02
8.734075464262507360e-01 -3.820056413539694301e-02
8.891618000989889303e-01 -3.350510443332060245e-02
9.049439566958173975e-01 -2.879804102118595568e-02
9.207500431432115162e-01 -2.407416465892996821e-02
9.365760803434354242e-01 -1.932983361190960050e-02
9.524180841762578398e-01 -1.456485505545180442e-02
9.682720665019324269e-01 -9.784873682104176448e-03
9.841340361651920166e-01 -5.004323882413150119e-03
9.999999999999998890e-01 -2.500000000000330734e-04
