9.999999999999998890e-01 2.500000000001250137e-04
9.841340361651920166e-01 1.802244415633535990e-02
9.682720665019324269e-01 3.556125851181828057e-02
9.524180841762578398e-01 5.281439789713460869e-02
9.365760803434354242e-01 6.974830474766204047e-02
9.207500431432115162e-01 8.634352890469330910e-02
9.049439566958173975e-01 1.025910282204849228e-01
8.891618000989889303e-01 1.184890940464232018e-01
8.734075464262507360e-01 1.340408433710667813e-01
8.576851617267149397e-01 1.492522182976835921e-01
8.419986040266501659e-01 1.641304336052285817e-01
8.263518223330695855e-01 1.786828142079796844e-01
8.107487556395898132e-01 1.929159662948266851e-01
7.951933319348093443e-01 2.068352286619305758e-01
7.796894672134594417e-01 2.204443541220459657e-01
7.642410644905727191e-01 2.337453747501502810e-01
7.488520128189207758e-01 2.467386089803964011e-01
7.335261863099650226e-01 2.594227730805996890e-01
7.182674431585703845e-01 2.717951641806904961e-01
7.030796246717250231e-01 2.838518867121944123e-01
6.879665543015128781e-01 2.955880987277557104e-01
6.729320366825783939e-01 3.069982590246682630e-01
6.579798566743311206e-01 3.180763602175413762e-01
6.431137784081281117e-01 3.288161368280437258e-01
6.283375443396724824e-01 3.392112410320698435e-01
6.136548743068714895e-01 3.492553818870887117e-01
5.990694645933862805e-01 3.589424266277245756e-01
5.845849869981135649e-01 3.682664649504605037e-01
5.702050879108284676e-01 3.772218391047407748e-01
5.559333873942259308e-01 3.858031440740685714e-01
5.417734782725895926e-01 3.940052031827865897e-01
5.277289252273172915e-01 4.018230251262248642e-01
5.138032638995313484e-01 4.092517487250369457e-01
5.000000000000001110e-01 4.162865816858509760e-01
4.863226084265935834e-01 4.229227393513592115e-01
4.727745323894976259e-01 4.291553888882792545e-01
4.593591825444023335e-01 4.349796036377797659e-01
4.460799361338897429e-01 4.403903314869584973e-01
4.329401361372292589e-01 4.453823801582848518e-01
4.199430904288018462e-01 4.499504213012307519e-01
4.070920709453594855e-01 4.540890142486424530e-01
3.943903128623333920e-01 4.577926493081770909e-01
3.818410137793947223e-01 4.610558095304933546e-01
3.694473329154774888e-01 4.638730490601732925e-01
3.572123903134606371e-01 4.662390854565763298e-01
3.451392660547150104e-01 4.681489027885125664e-01
3.332309994837083789e-01 4.695978618716636910e-01
3.214905884428678196e-01 4.705818137383001587e-01
3.099209885178879631e-01 4.710972123069463446e-01
2.985251122936787294e-01 4.711412222518960857e-01
2.873058286211370715e-01 4.707118182509066329e-01
2.762659618949298013e-01 4.698078721017802661e-01
2.654082913424666845e-01 4.684292246290659434e-01
2.547355503242452190e-01 4.665767398319843884e-01
2.442504256457417311e-01 4.642523393328689685e-01
2.339555568810219865e-01 4.614590158493044880e-01
2.238535357082431787e-01 4.582008251093517837e-01
2.139469052572124941e-01 4.544828563342349637e-01
2.042381594691679014e-01 4.503111821037162343e-01
1.947297424689413692e-01 4.456927890743622722e-01
1.854240479496642724e-01 4.406354916201187244e-01
1.763234185701672008e-01 4.351478309904044384e-01
1.674301453652287108e-01 4.292389630184578198e-01
1.587464671688187945e-01 4.229185377500657705e-01
1.502745700504856119e-01 4.161965745915651715e-01
1.420165867650229341e-01 4.090833366910398561e-01
1.339745962155614034e-01 4.015892082663585216e-01
1.261506229302150617e-01 3.937245784799487947e-01
1.185466365524179277e-01 3.854997352381135944e-01
1.111645513450765232e-01 3.769247719704839628e-01
1.040062257086641351e-01 3.680095100338068859e-01
9.707346171337882801e-02 3.587634388970560306e-01
9.036800464548166989e-02 3.491956757171277848e-01
8.389154256793041053e-02 3.393149453229338253e-01
7.764570589541863743e-02 3.291295810083412210e-01
7.163206698392743377e-02 3.186475459093725537e-01
6.585213973489323358e-02 3.078764741266291072e-01
6.030737921409157209e-02 2.968237301676731055e-01
5.499918128533154427e-02 2.854964847427910457e-01
4.992888225905456334e-02 2.739018044663100171e-01
4.509775855592612626e-02 2.620467526077807086e-01
4.050702638550263135e-02 2.499384977139312569e-01
3.615784144005795842e-02 2.375844266920050796e-01
3.205129860364375194e-02 2.249922588137537871e-01
2.818843167645834757e-02 2.121701570701282902e-01
2.457021311459295365e-02 1.991268333797414358e-01
2.119755378522125699e-02 1.858716443268662866e-01
1.807130273729329328e-02 1.724146743716459262e-01
1.519224698779197968e-02 1.587668038283731597e-01
1.256111132360571148e-02 1.449397593368135506e-01
1.017855811906731578e-02 1.309461450442243324e-01
8.045187169204659483e-03 1.167994532579228195e-01
6.161535538745877005e-03 1.025140539046295457e-01
4.528077426915411152e-03 8.810516272710525176e-02
3.145224048057615462e-03 7.358878874424351624e-02
2.013323528115562588e-03 5.898166208104028974e-02
1.132660816992037134e-03 4.430114382372432602e-02
5.034576168149174080e-04 2.956512005749927646e-02
1.258723261249317105e-04 1.479188268594663382e-02
0.000000000000000000e+00 0.000000000000000000e+00
1.258723261249317105e-04 -1.462972951027163328e-02
5.034576168149174080e-04 -2.923467696496162213e-02
1.132660816992037134e-03 -4.379023959059717697e-02
2.013323528115562588e-03 -5.827229313988023518e-02
3.145224048057615462e-03 -7.265741651217728914e-02
4.528077426915411152e-03 -8.692309925119535985e-02
6.161535538745877005e-03 -1.010479269613748232e-01
8.045187169204659483e-03 -1.150117402995358140e-01
1.017855811906731578e-02 -1.287957639339663840e-01
1.256111132360571148e-02 -1.423827026987518340e-01
1.519224698779197968e-02 -1.557568030831642525e-01
1.807130273729329328e-02 -1.689038791585143195e-01
2.119755378522125699e-02 -1.818113030308516342e-01
2.457021311459295365e-02 -1.944679608891654310e-01
2.818843167645834757e-02 -2.068641766673689486e-01
3.205129860364375194e-02 -2.189916062271609065e-01
3.615784144005795842e-02 -2.308431057722743485e-01
4.050702638550263135e-02 -2.424125788993828079e-01
4.509775855592612626e-02 -2.536948072567555834e-01
4.992888225905456334e-02 -2.646852702019204528e-01
5.499918128533154427e-02 -2.753799591114928780e-01
6.030737921409157209e-02 -2.857751920917832589e-01
6.585213973489323358e-02 -2.958674347644266733e-01
7.163206698392743377e-02 -3.056531325585281622e-01
7.764570589541863743e-02 -3.151285595361335568e-01
8.389154256793041053e-02 -3.242896882223404442e-01
9.036800464548166989e-02 -3.331320842208095323e-01
9.707346171337882801e-02 -3.416508285896416863e-01
1.040062257086641351e-01 -3.498404700550301061e-01
1.111645513450765232e-01 -3.576950081772694578e-01
1.185466365524179277e-01 -3.652079075843709943e-01
1.261506229302150617e-01 -3.723721423829747246e-01
1.339745962155614034e-01 -3.791802688753776462e-01
1.420165867650229341e-01 -3.856245237859903252e-01
1.502745700504856119e-01 -3.916969443598974920e-01
1.587464671688187945e-01 -3.973895059679369846e-01
1.674301453652287108e-01 -4.026942722613776060e-01
1.763234185701672008e-01 -4.076035524857689607e-01
1.854240479496642724e-01 -4.121100603043052479e-01
1.947297424689413692e-01 -4.162070684075564464e-01
2.042381594691679014e-01 -4.198885533045655372e-01
2.139469052572124941e-01 -4.231493250002125173e-01
2.238535357082431787e-01 -4.259851367593818772e-01
2.339555568810219865e-01 -4.283927708278522095e-01
2.442504256457417311e-01 -4.303700968049724018e-01
2.547355503242452190e-01 -4.319161003205608806e-01
2.654082913424666845e-01 -4.330308807294536710e-01
2.762659618949298013e-01 -4.337156176686480791e-01
2.873058286211370715e-01 -4.339725074874265509e-01
2.985251122936787294e-01 -4.338046717208808301e-01
3.099209885178879631e-01 -4.332160408910959437e-01
3.214905884428678196e-01 -4.322112179466451320e-01
3.332309994837083789e-01 -4.307953265497542206e-01
3.451392660547150104e-01 -4.289738501533194026e-01
3.572123903134606371e-01 -4.267524683423588039e-01
3.694473329154774888e-01 -4.241368972165330820e-01
3.818410137793947223e-01 -4.211327406383006400e-01
3.943903128623333920e-01 -4.177453589483269836e-01
4.070920709453594855e-01 -4.139797612474213073e-01
4.199430904288018462e-01 -4.098405265629150862e-01
4.329401361372292589e-01 -4.053317581671337932e-01
4.460799361338897429e-01 -4.004570740165466769e-01
4.593591825444023335e-01 -3.952196347627854878e-01
4.727745323894976259e-01 -3.896222090916067748e-01
4.863226084265935834e-01 -3.836672743235919891e-01
5.000000000000001110e-01 -3.773571483206998312e-01
5.138032638995313484e-01 -3.706941468539042273e-01
5.277289252273172915e-01 -3.636807587743581260e-01
5.417734782725895926e-01 -3.563198296749694460e-01
5.559333873942259308e-01 -3.486147433160156628e-01
5.702050879108284676e-01 -3.405695890047591989e-01
5.845849869981135649e-01 -3.321893024521394566e-01
5.990694645933862805e-01 -3.234797674645042975e-01
6.136548743068714895e-01 -3.144478662452453444e-01
6.283375443396724824e-01 -3.051014671532578104e-01
6.431137784081281117e-01 -2.954493405558489827e-01
6.579798566743311206e-01 -2.855009959744782555e-01
6.729320366825783939e-01 -2.752664370894972179e-01
6.879665543015128781e-01 -2.647558353651874308e-01
7.030796246717250231e-01 -2.539791280805200335e-01
7.182674431585703845e-01 -2.429455523854646970e-01
7.335261863099650226e-01 -2.316631336067573044e-01
7.488520128189207758e-01 -2.201381533373806543e-01
7.642410644905727191e-01 -2.083746307736204506e-01
7.796894672134594417e-01 -1.963738592017144347e-01
7.951933319348093443e-01 -1.841340483486834101e-01
8.107487556395898132e-01 -1.716501323420966951e-01
8.263518223330695855e-01 -1.589138120931832820e-01
8.419986040266501659e-01 -1.459139098292343839e-01
8.576851617267149397e-01 -1.326371220399764905e-01
8.734075464262507360e-01 -1.190692650396048130e-01
8.891618000989889303e-01 -1.051971144417383902e-01
9.049439566958173975e-01 -9.101094585192587294e-02
9.207500431432115162e-01 -7.650788875199951433e-02
9.365760803434354242e-01 -6.169620863482035145e-02
9.524180841762578398e-01 -4.660063370576929265e-02
9.682720665019324269e-01 -3.126884166940221976e-02
9.841340361651920166e-01 -1.577921905368530331e-02
9.999999999999998890e-01 -2.500000000001084254e-04
