9.999999999999998890e-01 2.500000000000575221e-04
9.841340361651920166e-01 8.366299370791056497e-03
9.682720665019324269e-01 1.628091634454230732e-02
9.524180841762578398e-01 2.400599926161438649e-02
9.365760803434354242e-01 3.155230265173442766e-02
9.207500431432115162e-01 3.892897998850138735e-02
9.049439566958173975e-01 4.614348339346013156e-02
8.891618000989889303e-01 5.320155381821640994e-02
8.734075464262507360e-01 6.010728557760887381e-02
8.576851617267149397e-01 6.686324971266170702e-02
8.419986040266501659e-01 7.347066149653197487e-02
8.263518223330695855e-01 7.992957842584215433e-02
8.107487556395898132e-01 8.623911622850784220e-02
7.951933319348093443e-01 9.239767173195603811e-02
7.796894672134594417e-01 9.840314283728816835e-02
7.642410644905727191e-01 1.042531373012012125e-01
7.488520128189207758e-01 1.099451635055064547e-01
7.335261863099650226e-01 1.154767978630381053e-01
7.182674431585703845e-01 1.208458249401609119e-01
7.030796246717250231e-01 1.260503477443059295e-01
6.879665543015128781e-01 1.310888669073788093e-01
6.729320366825783939e-01 1.359603286732223582e-01
6.579798566743311206e-01 1.406641426537322825e-01
6.431137784081281117e-01 1.452001712414520973e-01
6.283375443396724824e-01 1.495686933477776703e-01
6.136548743068714895e-01 1.537703457700458076e-01
5.990694645933862805e-01 1.578060459759347556e-01
5.845849869981135649e-01 1.616769004310981694e-01
5.702050879108284676e-01 1.653841027901350735e-01
5.559333873942259308e-01 1.689288263288765968e-01
5.417734782725895926e-01 1.723121149269824237e-01
5.277289252273172915e-01 1.755347767254419322e-01
5.138032638995313484e-01 1.785972842969288932e-01
5.000000000000001110e-01 1.814996847925435530e-01
4.863226084265935834e-01 1.842415230816899785e-01
4.727745323894976259e-01 1.868217803986509107e-01
4.593591825444023335e-01 1.892388304659914644e-01
4.460799361338897429e-01 1.914904144972245370e-01
4.329401361372292589e-01 1.935736359047275368e-01
4.199430904288018462e-01 1.954849749683906790e-01
4.070920709453594855e-01 1.972203231695733583e-01
3.943903128623333920e-01 1.987750363759860361e-01
3.818410137793947223e-01 2.001440055869825874e-01
3.694473329154774888e-01 2.013217435246840714e-01
3.572123903134606371e-01 2.023024849918527712e-01
3.451392660547150104e-01 2.030802986182024261e-01
3.332309994837083789e-01 2.036492073867322283e-01
3.214905884428678196e-01 2.040033151727630445e-01
3.099209885178879631e-01 2.041369364409595932e-01
2.985251122936787294e-01 2.040447262283624774e-01
2.873058286211370715e-01 2.037218075914600801e-01
2.762659618949298013e-01 2.031638938082913626e-01
2.654082913424666845e-01 2.023674027970073508e-01
2.547355503242452190e-01 2.013295614336746142e-01
2.442504256457417311e-01 2.000484977170447487e-01
2.339555568810219865e-01 1.985233190285451421e-01
2.238535357082431787e-01 1.967541750635184716e-01
2.139469052572124941e-01 1.947423043561755385e-01
2.042381594691679014e-01 1.924900636772877704e-01
1.947297424689413692e-01 1.900009399420087841e-01
1.854240479496642724e-01 1.872795446174269629e-01
1.763234185701672008e-01 1.843315909581228207e-01
1.674301453652287108e-01 1.811638547164553525e-01
1.587464671688187945e-01 1.777841192666209380e-01
1.502745700504856119e-01 1.742011063427541251e-01
1.420165867650229341e-01 1.704243938174468953e-01
1.339745962155614034e-01 1.664643221350548263e-01
1.261506229302150617e-01 1.623318911620562077e-01
1.185466365524179277e-01 1.580386493235743373e-01
1.111645513450765232e-01 1.535965769609866916e-01
1.040062257086641351e-01 1.490179658712728894e-01
9.707346171337882801e-02 1.443152969761982152e-01
9.036800464548166989e-02 1.395011180211514490e-01
8.389154256793041053e-02 1.345879231226664585e-01
7.764570589541863743e-02 1.295880358741073879e-01
7.163206698392743377e-02 1.245134975848599806e-01
6.585213973489323358e-02 1.193759620740908606e-01
6.030737921409157209e-02 1.141865982703293148e-01
5.499918128533154427e-02 1.089560016874387277e-01
4.992888225905456334e-02 1.036941156605336450e-01
4.509775855592612626e-02 9.841016303642598217e-02
4.050702638550263135e-02 9.311258882631284761e-02
3.615784144005795842e-02 8.780901414733968680e-02
3.205129860364375194e-02 8.250620160758662114e-02
2.818843167645834757e-02 7.721003212867370846e-02
2.457021311459295365e-02 7.192549305369703994e-02
2.119755378522125699e-02 6.665667725719943981e-02
1.807130273729329328e-02 6.140679285934452780e-02
1.519224698779197968e-02 5.617818304886380149e-02
1.256111132360571148e-02 5.097235543858476270e-02
1.017855811906731578e-02 4.579002031285484692e-02
8.045187169204659483e-03 4.063113707693194465e-02
6.161535538745877005e-03 3.549496818304244405e-02
4.528077426915411152e-03 3.038013978461977238e-02
3.145224048057615462e-03 2.528470835737063604e-02
2.013323528115562588e-03 2.020623252121023922e-02
1.132660816992037134e-03 1.514184929874685774e-02
5.034576168149174080e-04 1.008835405183087890e-02
1.258723261249317105e-04 5.042283345824655205e-03
0.000000000000000000e+00 0.000000000000000000e+00
1.258723261249317105e-04 -4.333877686993430761e-03
5.034576168149174080e-04 -8.650214271450178127e-03
1.132660816992037134e-03 -1.293161472929807952e-02
2.013323528115562588e-03 -1.716109833775296412e-02
3.145224048057615462e-03 -2.132229655530541029e-02
4.528077426915411152e-03 -2.539963999224758781e-02
6.161535538745877005e-03 -2.937853120415899466e-02
8.045187169204659483e-03 -3.324550034555887740e-02
1.017855811906731578e-02 -3.698834108795986259e-02
1.256111132360571148e-02 -4.059622462704677581e-02
1.519224698779197968e-02 -4.405979006762147238e-02
1.807130273729329328e-02 -4.737120997123503430e-02
2.119755378522125699e-02 -5.052423036832966868e-02
2.457021311459295365e-02 -5.351418506200077835e-02
2.818843167645834757e-02 -5.633798457185100472e-02
3.205129860364375194e-02 -5.899408057168582797e-02
3.615784144005795842e-02 -6.148240715233801307e-02
4.050702638550263135e-02 -6.380430067982478803e-02
4.509775855592612626e-02 -6.596240040951208139e-02
4.992888225905456334e-02 -6.796053235045347585e-02
5.499918128533154427e-02 -6.980357914357537830e-02
6.030737921409157209e-02 -7.149733891755699622e-02
6.585213973489323358e-02 -7.304837621359147604e-02
7.163206698392743377e-02 -7.446386812308525283e-02
7.764570589541863743e-02 -7.575144876107309244e-02
8.389154256793041053e-02 -7.691905510491392484e-02
9.036800464548166989e-02 -7.797477706675551290e-02
9.707346171337882801e-02 -7.892671444511263623e-02
1.040062257086641351e-01 -7.978284312305024273e-02
1.111645513450765232e-01 -8.055089255661682102e-02
1.185466365524179277e-01 -8.123823623716806830e-02
1.261506229302150617e-01 -8.185179642572375236e-02
1.339745962155614034e-01 -8.239796405771837584e-02
1.420165867650229341e-01 -8.288253431387168635e-02
1.502745700504856119e-01 -8.331065795873968116e-02
1.587464671688187945e-01 -8.368680817371113023e-02
1.674301453652287108e-01 -8.401476226593698748e-02
1.763234185701672008e-01 -8.429759732803177030e-02
1.854240479496642724e-01 -8.453769866315592740e-02
1.947297424689413692e-01 -8.473677958251814302e-02
2.042381594691679014e-01 -8.489591103190986809e-02
2.139469052572124941e-01 -8.501555941319148546e-02
2.238535357082431787e-01 -8.509563093628137731e-02
2.339555568810219865e-01 -8.513552086571327115e-02
2.442504256457417311e-01 -8.513416610977080079e-02
2.547355503242452190e-01 -8.509009973419290329e-02
2.654082913424666845e-01 -8.500150615930124331e-02
2.762659618949298013e-01 -8.486627601036890456e-02
2.873058286211370715e-01 -8.468205982604530557e-02
2.985251122936787294e-01 -8.444632007756552872e-02
3.099209885178879631e-01 -8.415638120052752746e-02
3.214905884428678196e-01 -8.380947757915015173e-02
3.332309994837083789e-01 -8.340279963820347586e-02
3.451392660547150104e-01 -8.293353837884462343e-02
3.572123903134606371e-01 -8.239892883102242771e-02
3.694473329154774888e-01 -8.179629297795855403e-02
3.818410137793947223e-01 -8.112308273034762873e-02
3.943903128623333920e-01 -8.037692348440307610e-02
4.070920709453594855e-01 -7.955565868633852900e-02
4.199430904288018462e-01 -7.865739564674778528e-02
4.329401361372292589e-01 -7.768055260512908566e-02
4.460799361338897429e-01 -7.662390674415836544e-02
4.593591825444023335e-01 -7.548664250518981322e-02
4.727745323894976259e-01 -7.426839917400039626e-02
4.863226084265935834e-01 -7.296931630526375112e-02
5.000000000000001110e-01 -7.159007515478676975e-02
5.138032638995313484e-01 -7.013193391190954140e-02
5.277289252273172915e-01 -6.859675419454973333e-02
5.417734782725895926e-01 -6.698701601175405251e-02
5.559333873942259308e-01 -6.530581823996195467e-02
5.702050879108284676e-01 -6.355686162659317240e-02
5.845849869981135649e-01 -6.174441145484444587e-02
5.990694645933862805e-01 -5.987323730245309311e-02
6.136548743068714895e-01 -5.794852782850638817e-02
6.283375443396724824e-01 -5.597577924726605814e-02
6.431137784081281117e-01 -5.396065711400226811e-02
6.579798566743311206e-01 -5.190883226816987717e-02
6.729320366825783939e-01 -4.982579326191211716e-02
6.879665543015128781e-01 -4.771663934895044312e-02
7.030796246717250231e-01 -4.558586011594745191e-02
7.182674431585703845e-01 -4.343711009383553062e-02
7.335261863099650226e-01 -4.127298917123124744e-02
7.488520128189207758e-01 -3.909484231887251637e-02
7.642410644905727191e-01 -3.690259498793262843e-02
7.796894672134594417e-01 -3.469464352293126497e-02
7.951933319348093443e-01 -3.246782298073173229e-02
8.107487556395898132e-01 -3.021747781218192194e-02
8.263518223330695855e-01 -2.793766387669305643e-02
8.419986040266501659e-01 -2.562151315050711919e-02
8.576851617267149397e-01 -2.326179517921617840e-02
8.734075464262507360e-01 -2.085171173255156649e-02
8.891618000989889303e-01 -1.838596315974687714e-02
9.049439566958173975e-01 -1.586212653037408216e-02
9.207500431432115162e-01 -1.328238669176922196e-02
9.365760803434354242e-01 -1.065566179479294183e-02
9.524180841762578398e-01 -8.000164552730166037e-03
9.682720665019324269e-01 -5.346439426671132158e-03
9.841340361651920166e-01 -2.740914004668813190e-03
9.999999999999998890e-01 -2.500000000000168103e-04
