9.999999999999998890e-01 2.500000000000754657e-04
9.841340361651920166e-01 1.092857595386339045e-02
9.682720665019324269e-01 2.138445197568829281e-02
9.524180841762578398e-01 3.161667783947123139e-02
9.365760803434354242e-01 4.162739683316905859e-02
9.207500431432115162e-01 5.142059859122742604e-02
9.049439566958173975e-01 6.100113735890015654e-02
8.891618000989889303e-01 7.037398668999986229e-02
8.734075464262507360e-01 7.954370132143664951e-02
8.576851617267149397e-01 8.851405725490565923e-02
8.419986040266501659e-01 9.728784185337337187e-02
8.263518223330695855e-01 1.058667669683503315e-01
8.107487556395898132e-01 1.142514796911181935e-01
7.951933319348093443e-01 1.224416472032808789e-01
7.796894672134594417e-01 1.304360943249696370e-01
7.642410644905727191e-01 1.382329746592850794e-01
7.488520128189207758e-01 1.458299586474605392e-01
7.335261863099650226e-01 1.532244243220245439e-01
7.182674431585703845e-01 1.604136390198662165e-01
7.030796246717250231e-01 1.673949227430446829e-01
6.879665543015128781e-01 1.741657861869890522e-01
6.729320366825783939e-01 1.807240386536530519e-01
6.579798566743311206e-01 1.870678630973963696e-01
6.431137784081281117e-01 1.931958573863202244e-01
6.283375443396724824e-01 1.991070424802183214e-01
6.136548743068714895e-01 2.048008396132592612e-01
5.990694645933862805e-01 2.102770197161837606e-01
5.845849869981135649e-01 2.155356292162121379e-01
5.702050879108284676e-01 2.205768970156188891e-01
5.559333873942259308e-01 2.254011278796627660e-01
5.417734782725895926e-01 2.300085876734835888e-01
5.277289252273172915e-01 2.343993858918498041e-01
5.138032638995313484e-01 2.385733607447771132e-01
5.000000000000001110e-01 2.425299717182573533e-01
4.863226084265935834e-01 2.462682040468459344e-01
4.727745323894976259e-01 2.497864889392467092e-01
4.593591825444023335e-01 2.530826427155576930e-01
4.460799361338897429e-01 2.561538272718202336e-01
4.329401361372292589e-01 2.589965335097418331e-01
4.199430904288018462e-01 2.616065885816116210e-01
4.070920709453594855e-01 2.639791870256321671e-01
3.943903128623333920e-01 2.661089451262506067e-01
3.818410137793947223e-01 2.679899771463285507e-01
3.694473329154774888e-01 2.696159914592480833e-01
3.572123903134606371e-01 2.709804040725352636e-01
3.451392660547150104e-01 2.720764665905528457e-01
3.332309994837083789e-01 2.728974053194658245e-01
3.214905884428678196e-01 2.734365679771813551e-01
3.099209885178879631e-01 2.736875743355480228e-01
2.985251122936787294e-01 2.736444670901743148e-01
2.873058286211370715e-01 2.733018593206407165e-01
2.762659618949298013e-01 2.726550750641097420e-01
2.654082913424666845e-01 2.717002797698390704e-01
2.547355503242452190e-01 2.704345977205964147e-01
2.442504256457417311e-01 2.688562138878224927e-01
2.339555568810219865e-01 2.669644581179510534e-01
2.238535357082431787e-01 2.647598700142902439e-01
2.139469052572124941e-01 2.622442433687783847e-01
2.042381594691679014e-01 2.594206494972773891e-01
1.947297424689413692e-01 2.562934393278522016e-01
1.854240479496642724e-01 2.528682245714044541e-01
1.763234185701672008e-01 2.491518387567953630e-01
1.674301453652287108e-01 2.451522793281621371e-01
1.587464671688187945e-01 2.408786323719053768e-01
1.502745700504856119e-01 2.363409818577680288e-01
1.420165867650229341e-01 2.315503055372218899e-01
1.339745962155614034e-01 2.265183598394375220e-01
1.261506229302150617e-01 2.212575562386067396e-01
1.185466365524179277e-01 2.157808316362074541e-01
1.111645513450765232e-01 2.101015153094814292e-01
1.040062257086641351e-01 2.042331949259892920e-01
9.707346171337882801e-02 1.981895840180574742e-01
9.036800464548166989e-02 1.919843931558543604e-01
8.389154256793041053e-02 1.856312068603539478e-01
7.764570589541863743e-02 1.791433680649568705e-01
7.163206698392743377e-02 1.725338716749710843e-01
6.585213973489323358e-02 1.658152684957324985e-01
6.030737921409157209e-02 1.589995805111879545e-01
5.499918128533154427e-02 1.520982282033857269e-01
4.992888225905456334e-02 1.451219703173090847e-01
4.509775855592612626e-02 1.380808562020212904e-01
4.050702638550263135e-02 1.309841906046111670e-01
3.615784144005795842e-02 1.238405105635045772e-01
3.205129860364375194e-02 1.166575738468477452e-01
2.818843167645834757e-02 1.094423582133442346e-01
2.457021311459295365e-02 1.022010706394056861e-01
2.119755378522125699e-02 9.493916555889717057e-02
1.807130273729329328e-02 8.766137110007676814e-02
1.519224698779197968e-02 8.037172227742070407e-02
1.256111132360571148e-02 7.307360010171665143e-02
1.017855811906731578e-02 6.576977560701426084e-02
8.045187169204659483e-03 5.846245785385462829e-02
6.161535538745877005e-03 5.115334505014020733e-02
4.528077426915411152e-03 4.384367802901374678e-02
3.145224048057615462e-03 3.653429543191379081e-02
2.013323528115562588e-03 2.922569005904790754e-02
1.132660816992037134e-03 2.191806596353985948e-02
5.034576168149174080e-04 1.461139597424708850e-02
1.258723261249317105e-04 7.305479430944108662e-03
0.000000000000000000e+00 0.000000000000000000e+00
1.258723261249317105e-04 -6.597073833762143701e-03
5.034576168149174080e-04 -1.317325631493933454e-02
1.132660816992037134e-03 -1.970783157021609860e-02
2.013323528115562588e-03 -2.618055610040630199e-02
3.145224048057615462e-03 -3.257188389523131555e-02
4.528077426915411152e-03 -3.886317853299658953e-02
6.161535538745877005e-03 -4.503690838786222200e-02
8.045187169204659483e-03 -5.107682144787394768e-02
1.017855811906731578e-02 -5.696809670450649066e-02
1.256111132360571148e-02 -6.269746959786604013e-02
1.519224698779197968e-02 -6.825332957799287725e-02
1.807130273729329328e-02 -7.362578845766450109e-02
2.119755378522125699e-02 -7.880671887066699466e-02
2.457021311459295365e-02 -8.378976279598521204e-02
2.818843167645834757e-02 -8.857031074703421158e-02
3.205129860364375194e-02 -9.314545284040941231e-02
3.615784144005795842e-02 -9.751390353587000015e-02
4.050702638550263135e-02 -1.016759023646406912e-01
4.509775855592612626e-02 -1.056330934242782488e-01
4.992888225905456334e-02 -1.093883868046957586e-01
5.499918128533154427e-02 -1.129458054128717193e-01
6.030737921409157209e-02 -1.163103208769080549e-01
6.585213973489323358e-02 -1.194876823294695883e-01
7.163206698392743377e-02 -1.224842418947319489e-01
7.764570589541863743e-02 -1.253067806328405087e-01
8.389154256793041053e-02 -1.279623385350627807e-01
9.036800464548166989e-02 -1.304580519172444664e-01
9.707346171337882801e-02 -1.328010012370343662e-01
1.040062257086641351e-01 -1.349980719718042455e-01
1.111645513450765232e-01 -1.370558307511881291e-01
1.185466365524179277e-01 -1.389804184540202603e-01
1.261506229302150617e-01 -1.407774614685241565e-01
1.339745962155614034e-01 -1.424520017918810000e-01
1.420165867650229341e-01 -1.440084461259814874e-01
1.502745700504856119e-01 -1.454505336252030212e-01
1.587464671688187945e-01 -1.467813214837597191e-01
1.674301453652287108e-01 -1.480031871277621980e-01
1.763234185701672008e-01 -1.491178454123439634e-01
1.854240479496642724e-01 -1.501263789269557392e-01
1.947297424689413692e-01 -1.510292792899571024e-01
2.042381594691679014e-01 -1.518264971722746992e-01
2.139469052572124941e-01 -1.525174987318916320e-01
2.238535357082431787e-01 -1.531013261662864944e-01
2.339555568810219865e-01 -1.535766601959022981e-01
2.442504256457417311e-01 -1.539418824727952495e-01
2.547355503242452190e-01 -1.541951361566905321e-01
2.654082913424666845e-01 -1.543343832052367082e-01
2.762659618949298013e-01 -1.543574572736448325e-01
2.873058286211370715e-01 -1.542621114966823970e-01
2.985251122936787294e-01 -1.540460608173731816e-01
3.099209885178879631e-01 -1.537070189150410715e-01
3.214905884428678196e-01 -1.532427301534900477e-01
3.332309994837083789e-01 -1.526509973013044918e-01
3.451392660547150104e-01 -1.519297060544282651e-01
3.572123903134606371e-01 -1.510768476016787487e-01
3.694473329154774888e-01 -1.500905406039650114e-01
3.818410137793947223e-01 -1.489690539975214445e-01
3.943903128623333920e-01 -1.477108319732848840e-01
4.070920709453594855e-01 -1.463145223249873728e-01
4.199430904288018462e-01 -1.447790090978122168e-01
4.329401361372292589e-01 -1.431034501119954616e-01
4.460799361338897429e-01 -1.412873194903143115e-01
4.593591825444023335e-01 -1.393304547982626707e-01
4.727745323894976259e-01 -1.372331078285723982e-01
4.863226084265935834e-01 -1.349959974495958115e-01
5.000000000000001110e-01 -1.326203623159291911e-01
5.138032638995313484e-01 -1.301080106391312163e-01
5.277289252273172915e-01 -1.274613636691264984e-01
5.417734782725895926e-01 -1.246834890779395660e-01
5.559333873942259308e-01 -1.217781201034191935e-01
5.702050879108284676e-01 -1.187496561389781297e-01
5.845849869981135649e-01 -1.156031404832209009e-01
5.990694645933862805e-01 -1.123442112265028436e-01
6.136548743068714895e-01 -1.089790217834173264e-01
6.283375443396724824e-01 -1.055141284108849498e-01
6.431137784081281117e-01 -1.019563432062151748e-01
6.579798566743311206e-01 -9.831255257776361223e-02
6.729320366825783939e-01 -9.458950303531916959e-02
6.879665543015128781e-01 -9.079355836301093718e-02
7.030796246717250231e-01 -8.693043481047922627e-02
7.182674431585703845e-01 -8.300492385498027537e-02
7.335261863099650226e-01 -7.902061532453709403e-02
7.488520128189207758e-01 -7.497963719620490131e-02
7.642410644905727191e-01 -7.088243214917080981e-02
7.796894672134594417e-01 -6.672759490407254024e-02
7.951933319348093443e-01 -6.251179845127802226e-02
8.107487556395898132e-01 -5.822984138533544157e-02
8.263518223330695855e-01 -5.387485263426276816e-02
8.419986040266501659e-01 -4.943869380602157471e-02
8.576851617267149397e-01 -4.491260306817859010e-02
8.734075464262507360e-01 -4.028812782209539867e-02
8.891618000989889303e-01 -3.555839631727097938e-02
9.049439566958173975e-01 -3.071978065936430830e-02
9.207500431432115162e-01 -2.577400528105848118e-02
9.365760803434354242e-01 -2.073075575402040516e-02
9.524180841762578398e-01 -1.561084271242882057e-02
9.682720665019324269e-01 -1.044997452987741875e-02
9.841340361651920166e-01 -5.303190146704762215e-03
9.999999999999998890e-01 -2.500000000000347539e-04
