9.999999999999998890e-01 2.500000000001481614e-04
9.841340361651920166e-01 2.128042528212829160e-02
9.682720665019324269e-01 4.198072494472378235e-02
9.524180841762578398e-01 6.230597246864230665e-02
9.365760803434354242e-01 8.222986158913081489e-02
9.207500431432115162e-01 1.017397724826050870e-01
9.049439566958173975e-01 1.208326777844540428e-01
8.891618000989889303e-01 1.395118127012140996e-01
8.734075464262507360e-01 1.577840311625259284e-01
8.576851617267149397e-01 1.756577692269872815e-01
8.419986040266501659e-01 1.931415376715052701e-01
8.263518223330695855e-01 2.102428677028100046e-01
8.107487556395898132e-01 2.269676368693416824e-01
7.951933319348093443e-01 2.433197063524488724e-01
7.796894672134594417e-01 2.593008057055556925e-01
7.642410644905727191e-01 2.749106066169427764e-01
7.488520128189207758e-01 2.901469332277565871e-01
7.335261863099650226e-01 3.050060627798681367e-01
7.182674431585703845e-01 3.194830767450609343e-01
7.030796246717250231e-01 3.335722289555898001e-01
6.879665543015128781e-01 3.472673034870631392e-01
6.729320366825783939e-01 3.605619410229142230e-01
6.579798566743311206e-01 3.734499180558741305e-01
6.431137784081281117e-01 3.859253684725724720e-01
6.283375443396724824e-01 3.979829417559796467e-01
6.136548743068714895e-01 4.096178961768364157e-01
5.990694645933862805e-01 4.208261288959155300e-01
5.845849869981135649e-01 4.316041478460830305e-01
5.702050879108284676e-01 4.419489926038481786e-01
5.559333873942259308e-01 4.518581132053878791e-01
5.417734782725895926e-01 4.613292170354524879e-01
5.277289252273172915e-01 4.703600945536851041e-01
5.138032638995313484e-01 4.789484347657583241e-01
5.000000000000001110e-01 4.870916410481149761e-01
4.863226084265935834e-01 4.947866572527678253e-01
4.727745323894976259e-01 5.020298130145396387e-01
4.593591825444023335e-01 5.088166959217811369e-01
4.460799361338897429e-01 5.151420567582394305e-01
4.329401361372292589e-01 5.209997524428591209e-01
4.199430904288018462e-01 5.263827296480755313e-01
4.070920709453594855e-01 5.312830504242688212e-01
3.943903128623333920e-01 5.356919595523744748e-01
3.818410137793947223e-01 5.395999918364033920e-01
3.694473329154774888e-01 5.429971161745010821e-01
3.572123903134606371e-01 5.458729120458286621e-01
3.451392660547150104e-01 5.482167730481162238e-01
3.332309994837083789e-01 5.500181313368210922e-01
3.214905884428678196e-01 5.512666962632815082e-01
3.099209885178879631e-01 5.519527001906349151e-01
2.985251122936787294e-01 5.520671443799535227e-01
2.873058286211370715e-01 5.516020379759483117e-01
2.762659618949298013e-01 5.505506234666381893e-01
2.654082913424666845e-01 5.489075825244150719e-01
2.547355503242452190e-01 5.466692168324387424e-01
2.442504256457417311e-01 5.438335993323758499e-01
2.339555568810219865e-01 5.404006922667801138e-01
2.238535357082431787e-01 5.363724294000088433e-01
2.139469052572124941e-01 5.317527608530415728e-01
2.042381594691679014e-01 5.265476600478307123e-01
1.947297424689413692e-01 5.207650932949211553e-01
1.854240479496642724e-01 5.144149535452131605e-01
1.763234185701672008e-01 5.075089607366167765e-01
1.674301453652287108e-01 5.000605319760997869e-01
1.587464671688187945e-01 4.920846254881005022e-01
1.502745700504856119e-01 4.835975628164512763e-01
1.420165867650229341e-01 4.746168341782316391e-01
1.339745962155614034e-01 4.651608921282053277e-01
1.261506229302150617e-01 4.552489388000548476e-01
1.185466365524179277e-01 4.449007119482282224e-01
1.111645513450765232e-01 4.341362748287094231e-01
1.040062257086641351e-01 4.229758146390165119e-01
9.707346171337882801e-02 4.114394538012439151e-01
9.036800464548166989e-02 3.995470778337661955e-01
8.389154256793041053e-02 3.873181829364902296e-01
7.764570589541863743e-02 3.747717457320309253e-01
7.163206698392743377e-02 3.619261168827609954e-01
6.585213973489323358e-02 3.487989395635996970e-01
6.030737921409157209e-02 3.354070930346679247e-01
5.499918128533154427e-02 3.217666608477401935e-01
4.992888225905456334e-02 3.078929225555617211e-01
4.509775855592612626e-02 2.938003671913944070e-01
4.050702638550263135e-02 2.795027262631061271e-01
3.615784144005795842e-02 2.650130235744737051e-01
3.205129860364375194e-02 2.503436388557717662e-01
2.818843167645834757e-02 2.355063819626828925e-01
2.457021311459295365e-02 2.205125742901443142e-01
2.119755378522125699e-02 2.053731340457373711e-01
1.807130273729329328e-02 1.900986621320646386e-01
1.519224698779197968e-02 1.746995255926525326e-01
1.256111132360571148e-02 1.591859358717586104e-01
1.017855811906731578e-02 1.435680195130561998e-01
8.045187169204659483e-03 1.278558793613759625e-01
6.161535538745877005e-03 1.120596448197040268e-01
4.528077426915411152e-03 9.618951023341139328e-02
3.145224048057615462e-03 8.025576100761189213e-02
2.013323528115562588e-03 6.426878759364862415e-02
1.132660816992037134e-03 4.823908798964752359e-02
5.034576168149174080e-04 3.217725987118541520e-02
1.258723261249317105e-04 1.609398388620657261e-02
0.000000000000000000e+00 0.000000000000000000e+00
1.258723261249317105e-04 -1.526751067676064035e-02
5.034576168149174080e-04 -3.049943024355193308e-02
1.132660816992037134e-03 -4.566048116066350609e-02
2.013323528115562588e-03 -6.071613126116719855e-02
3.145224048057615462e-03 -7.563294749146191875e-02
4.528077426915411152e-03 -9.037892742368536236e-02
6.161535538745877005e-03 -1.049238019768080621e-01
8.045187169204659483e-03 -1.192393034802812085e-01
1.017855811906731578e-02 -1.332993940508982456e-01
1.256111132360571148e-02 -1.470804502084011034e-01
1.519224698779197968e-02 -1.605614007036277879e-01
1.807130273729329328e-02 -1.737238156474663620e-01
2.119755378522125699e-02 -1.865519461808655965e-01
2.457021311459295365e-02 -1.990327150858180738e-01
2.818843167645834757e-02 -2.111556598747705848e-01
3.205129860364375194e-02 -2.229128309820651577e-01
3.615784144005795842e-02 -2.342986486879798935e-01
4.050702638550263135e-02 -2.453097233080705208e-01
4.509775855592612626e-02 -2.559446439550196462e-01
4.992888225905456334e-02 -2.662037418077418671e-01
5.499918128533154427e-02 -2.760888342877466650e-01
6.030737921409157209e-02 -2.856029568347770997e-01
6.585213973489323358e-02 -2.947500890863474221e-01
7.163206698392743377e-02 -3.035348821976474598e-01
7.764570589541863743e-02 -3.119623937930771640e-01
8.389154256793041053e-02 -3.200378366268846198e-01
9.036800464548166989e-02 -3.277663464612305400e-01
9.707346171337882801e-02 -3.351527739629739933e-01
1.040062257086641351e-01 -3.422015045969268865e-01
1.111645513450765232e-01 -3.489163095778654577e-01
1.185466365524179277e-01 -3.553002299634981931e-01
1.261506229302150617e-01 -3.613554949548999362e-01
1.339745962155614034e-01 -3.670834744498181479e-01
1.420165867650229341e-01 -3.724846648980252861e-01
1.502745700504856119e-01 -3.775587065661718533e-01
1.587464671688187945e-01 -3.823044294604798221e-01
1.674301453652287108e-01 -3.867199244047778151e-01
1.763234185701672008e-01 -3.908026351513294028e-01
1.854240479496642724e-01 -3.945494669312637481e-01
1.947297424689413692e-01 -3.979569065442527531e-01
2.042381594691679014e-01 -4.010211489525068451e-01
2.139469052572124941e-01 -4.037382253858205483e-01
2.238535357082431787e-01 -4.061041281803952629e-01
2.339555568810219865e-01 -4.081149279568536126e-01
2.442504256457417311e-01 -4.097668792790242764e-01
2.547355503242452190e-01 -4.110565116061630775e-01
2.654082913424666845e-01 -4.119807031338029724e-01
2.762659618949298013e-01 -4.125367359846138227e-01
2.873058286211370715e-01 -4.127223321290529046e-01
2.985251122936787294e-01 -4.125356703521364521e-01
3.099209885178879631e-01 -4.119753855014194333e-01
3.214905884428678196e-01 -4.110405521157479702e-01
3.332309994837083789e-01 -4.097306553084971714e-01
3.451392660547150104e-01 -4.080455524284699043e-01
3.572123903134606371e-01 -4.059854295149991077e-01
3.694473329154774888e-01 -4.035507568737010109e-01
3.818410137793947223e-01 -4.007422482037088507e-01
3.943903128623333920e-01 -3.975608275902677291e-01
4.070920709453594855e-01 -3.940076083297830989e-01
4.199430904288018462e-01 -3.900838869772859652e-01
4.329401361372292589e-01 -3.857911552070487082e-01
4.460799361338897429e-01 -3.811311310730163271e-01
4.593591825444023335e-01 -3.761058100734651632e-01
4.727745323894976259e-01 -3.707175350997209407e-01
4.863226084265935834e-01 -3.649690829267173697e-01
5.000000000000001110e-01 -3.588637634369331031e-01
5.138032638995313484e-01 -3.524055263196633758e-01
5.277289252273172915e-01 -3.455990686220496433e-01
5.417734782725895926e-01 -3.384499353193610727e-01
5.559333873942259308e-01 -3.309646040958698077e-01
5.702050879108284676e-01 -3.231505448622956633e-01
5.845849869981135649e-01 -3.150162442590914158e-01
5.990694645933862805e-01 -3.065711855824418963e-01
6.136548743068714895e-01 -2.978257752929325264e-01
6.283375443396724824e-01 -2.887912085898366454e-01
6.431137784081281117e-01 -2.794792685122626241e-01
6.579798566743311206e-01 -2.699020557060411440e-01
6.729320366825783939e-01 -2.600716494027699444e-01
6.879665543015128781e-01 -2.499997043098702298e-01
7.030796246717250231e-01 -2.396969930054248243e-01
7.182674431585703845e-01 -2.291729090475731478e-01
7.335261863099650226e-01 -2.184349523035741814e-01
7.488520128189207758e-01 -2.074882249153391089e-01
7.642410644905727191e-01 -1.963349737614340784e-01
7.796894672134594417e-01 -1.849742231433983974e-01
7.951933319348093443e-01 -1.734015495882155755e-01
8.107487556395898132e-01 -1.616090589694574309e-01
8.263518223330695855e-01 -1.495856344379628000e-01
8.419986040266501659e-01 -1.373175317319911826e-01
8.576851617267149397e-01 -1.247894061041439628e-01
8.734075464262507360e-01 -1.119858621426558370e-01
8.891618000989889303e-01 -9.889362395301584674e-02
9.049439566958173975e-01 -8.550442827136180146e-02
9.207500431432115162e-01 -7.181874687082472064e-02
9.365760803434354242e-01 -5.785044686544376508e-02
9.524180841762578398e-01 -4.363249798985998490e-02
9.682720665019324269e-01 -2.922383442487177380e-02
9.841340361651920166e-01 -1.471747505391573368e-02
9.999999999999998890e-01 -2.500000000001006734e-04
