9.999999999999998890e-01 2.500000000000557874e-04
9.841340361651920166e-01 8.173148619835455403e-03
9.682720665019324269e-01 1.590367985409506246e-02
9.524180841762578398e-01 2.334489082409123284e-02
9.365760803434354242e-01 3.043583940672819899e-02
9.207500431432115162e-01 3.714394423726592731e-02
9.049439566958173975e-01 4.345854737773579418e-02
8.891618000989889303e-01 4.938538334533135871e-02
8.734075464262507360e-01 5.494189239605325875e-02
8.576851617267149397e-01 6.015331173134952358e-02
8.419986040266501659e-01 6.504947555317312780e-02
8.263518223330695855e-01 6.966225353315719238e-02
8.107487556395898132e-01 7.402355716839385813e-02
7.951933319348093443e-01 7.816384454298326567e-02
7.796894672134594417e-01 8.211105606683494207e-02
7.642410644905727191e-01 8.588991668211098940e-02
7.488520128189207758e-01 8.952154367207149077e-02
7.335261863099650226e-01 9.302330343631462495e-02
7.182674431585703845e-01 9.640886527278458296e-02
7.030796246717250231e-01 9.968840519782472265e-02
6.879665543015128781e-01 1.028689180153604527e-01
6.729320366825783939e-01 1.059546010980777359e-01
6.579798566743311206e-01 1.089472785603654292e-01
6.431137784081281117e-01 1.118468395891612510e-01
6.283375443396724824e-01 1.146516695710480260e-01
6.136548743068714895e-01 1.173590572409244498e-01
5.990694645933862805e-01 1.199655653210929956e-01
5.845849869981135649e-01 1.224673559742809753e-01
5.702050879108284676e-01 1.248604658271470214e-01
5.559333873942259308e-01 1.271410283115758377e-01
5.417734782725895926e-01 1.293054436103424354e-01
5.277289252273172915e-01 1.313504985829699323e-01
5.138032638995313484e-01 1.332734406978820785e-01
5.000000000000001110e-01 1.350720112278553653e-01
4.863226084265935834e-01 1.367444438042171306e-01
4.727745323894976259e-01 1.382894349041987048e-01
4.593591825444023335e-01 1.397060930030962211e-01
4.460799361338897429e-01 1.409938729996655093e-01
4.329401361372292589e-01 1.421525021629808372e-01
4.199430904288018462e-01 1.431819032963143890e-01
4.070920709453594855e-01 1.440821201128558993e-01
3.943903128623333920e-01 1.448532490125189476e-01
3.818410137793947223e-01 1.454953805798198663e-01
3.694473329154774888e-01 1.460085532281015785e-01
3.572123903134606371e-01 1.463927205298529710e-01
3.451392660547150104e-01 1.466477329270473862e-01
3.332309994837083789e-01 1.467733337352679912e-01
3.214905884428678196e-01 1.467691686620549718e-01
3.099209885178879631e-01 1.466348074696421366e-01
2.985251122936787294e-01 1.463697759363589979e-01
2.873058286211370715e-01 1.459735959159643437e-01
2.762659618949298013e-01 1.454458310620192485e-01
2.654082913424666845e-01 1.447861356728352422e-01
2.547355503242452190e-01 1.439943041154873316e-01
2.442504256457417311e-01 1.430703183955182034e-01
2.339555568810219865e-01 1.420143916401390149e-01
2.238535357082431787e-01 1.408270055426660561e-01
2.139469052572124941e-01 1.395089401587261968e-01
2.042381594691679014e-01 1.380612948335433188e-01
1.947297424689413692e-01 1.364854994571157165e-01
1.854240479496642724e-01 1.347833156731967907e-01
1.763234185701672008e-01 1.329568280922754919e-01
1.674301453652287108e-01 1.310084259629367975e-01
1.587464671688187945e-01 1.289407761263519081e-01
1.502745700504856119e-01 1.267567884033757308e-01
1.420165867650229341e-01 1.244595748331580043e-01
1.339745962155614034e-01 1.220524043889891913e-01
1.261506229302150617e-01 1.195386549364576140e-01
1.185466365524179277e-01 1.169217642685173170e-01
1.111645513450765232e-01 1.142051820518569100e-01
1.040062257086641351e-01 1.113923244514242877e-01
9.707346171337882801e-02 1.084865330696921648e-01
9.036800464548166989e-02 1.054910396507323517e-01
8.389154256793041053e-02 1.024089377645589910e-01
7.764570589541863743e-02 9.924316241396002880e-02
7.163206698392743377e-02 9.599647820461379433e-02
6.585213973489323358e-02 9.267147640074258064e-02
6.030737921409157209e-02 8.927058086419401017e-02
5.499918128533154427e-02 8.579606255585538188e-02
4.992888225905456334e-02 8.225006197542621134e-02
4.509775855592612626e-02 7.863461863873000279e-02
4.050702638550263135e-02 7.495170644980149455e-02
3.615784144005795842e-02 7.120327362546881311e-02
3.205129860364375194e-02 6.739128567904625888e-02
2.818843167645834757e-02 6.351776987137980335e-02
2.457021311459295365e-02 5.958485949435186196e-02
2.119755378522125699e-02 5.559483636475486684e-02
1.807130273729329328e-02 5.155016997404600343e-02
1.519224698779197968e-02 4.745355185903257084e-02
1.256111132360571148e-02 4.330792392549186187e-02
1.017855811906731578e-02 3.911649966512958931e-02
8.045187169204659483e-03 3.488277744889107385e-02
6.161535538745877005e-03 3.061054534821079642e-02
4.528077426915411152e-03 2.630387722130455089e-02
3.145224048057615462e-03 2.196712009463461582e-02
2.013323528115562588e-03 1.760487316055000737e-02
1.132660816992037134e-03 1.322195899136880889e-02
5.034576168149174080e-04 8.823387828746927231e-03
1.258723261249317105e-04 4.414316036726323965e-03
0.000000000000000000e+00 0.000000000000000000e+00
1.258723261249317105e-04 -4.315217555464266261e-03
5.034576168149174080e-04 -8.622882826383090546e-03
1.132660816992037134e-03 -1.291544316702553444e-02
2.013323528115562588e-03 -1.718546987405710630e-02
3.145224048057615462e-03 -2.142571713306607242e-02
4.528077426915411152e-03 -2.562917739814781978e-02
6.161535538745877005e-03 -2.978913213430169418e-02
8.045187169204659483e-03 -3.389919695116710985e-02
1.017855811906731578e-02 -3.795336027637101484e-02
1.256111132360571148e-02 -4.194601485510441458e-02
1.519224698779197968e-02 -4.587198151672953333e-02
1.807130273729329328e-02 -4.972652481611355285e-02
2.119755378522125699e-02 -5.350536033363312988e-02
2.457021311459295365e-02 -5.720465359974824526e-02
2.818843167645834757e-02 -6.082101079394686832e-02
3.205129860364375194e-02 -6.435146154983611977e-02
3.615784144005795842e-02 -6.779343437431308017e-02
4.050702638550263135e-02 -7.114472535524946073e-02
4.509775855592612626e-02 -7.440346098526054441e-02
4.992888225905456334e-02 -7.756805606538318132e-02
5.499918128533154427e-02 -8.063716776862935032e-02
6.030737921409157209e-02 -8.360964703650854146e-02
6.585213973489323358e-02 -8.648448854924545293e-02
7.163206698392743377e-02 -8.926078055053293658e-02
7.764570589541863743e-02 -9.193765581877222370e-02
8.389154256793041053e-02 -9.451424505793046271e-02
9.036800464548166989e-02 -9.698963393208040462e-02
9.707346171337882801e-02 -9.936282488870117058e-02
1.040062257086641351e-01 -1.016327048078844997e-01
1.111645513450765232e-01 -1.037980193793447692e-01
1.185466365524179277e-01 -1.058573549488586452e-01
1.261506229302150617e-01 -1.078091283933830663e-01
1.339745962155614034e-01 -1.096515853831362824e-01
1.420165867650229341e-01 -1.113828071734513925e-01
1.502745700504856119e-01 -1.130007258437956547e-01
1.587464671688187945e-01 -1.145031476709843232e-01
1.674301453652287108e-01 -1.158877840936403669e-01
1.763234185701672008e-01 -1.171522895009363963e-01
1.854240479496642724e-01 -1.182943048663220309e-01
1.947297424689413692e-01 -1.193115060520307108e-01
2.042381594691679014e-01 -1.202016554383180946e-01
2.139469052572124941e-01 -1.209626553880314981e-01
2.238535357082431787e-01 -1.215926019473172887e-01
2.339555568810219865e-01 -1.220898371116148351e-01
2.442504256457417311e-01 -1.224529979565395360e-01
2.547355503242452190e-01 -1.226810609490371906e-01
2.654082913424666845e-01 -1.227733798176714464e-01
2.762659618949298013e-01 -1.227297154734742074e-01
2.873058286211370715e-01 -1.225502566347709821e-01
2.985251122936787294e-01 -1.222356300199625434e-01
3.099209885178879631e-01 -1.217868992293530267e-01
3.214905884428678196e-01 -1.212055517374499430e-01
3.332309994837083789e-01 -1.204934737561250552e-01
3.451392660547150104e-01 -1.196529131007186414e-01
3.572123903134606371e-01 -1.186864305884394039e-01
3.694473329154774888e-01 -1.175968409128816256e-01
3.818410137793947223e-01 -1.163871443606453171e-01
3.943903128623333920e-01 -1.150604511553630499e-01
4.070920709453594855e-01 -1.136199006194829469e-01
4.199430904288018462e-01 -1.120685777227718033e-01
4.329401361372292589e-01 -1.104094299259833212e-01
4.460799361338897429e-01 -1.086451875154577501e-01
4.593591825444023335e-01 -1.067782908464607744e-01
4.727745323894976259e-01 -1.048108280568787742e-01
4.863226084265935834e-01 -1.027444868659415089e-01
5.000000000000001110e-01 -1.005805240231462394e-01
5.138032638995313484e-01 -9.831975580972346362e-02
5.277289252273172915e-01 -9.596257270932741223e-02
5.417734782725895926e-01 -9.350898094829025731e-02
5.559333873942259308e-01 -9.095867305274353554e-02
5.702050879108284676e-01 -8.831112887636670405e-02
5.845849869981135649e-01 -8.556574771705749427e-02
5.990694645933862805e-01 -8.272201116466439130e-02
6.136548743068714895e-01 -7.977967520917275679e-02
6.283375443396724824e-01 -7.673898889648038402e-02
6.431137784081281117e-01 -7.360093545738057019e-02
6.579798566743311206e-01 -7.036749036803684187e-02
6.729320366825783939e-01 -6.704188924377756098e-02
6.879665543015128781e-01 -6.362889684237445220e-02
7.030796246717250231e-01 -6.013506678113370724e-02
7.182674431585703845e-01 -5.656897988016342665e-02
7.335261863099650226e-01 -5.294144736089374803e-02
7.488520128189207758e-01 -4.926566348566181752e-02
7.642410644905727191e-01 -4.555729065445669052e-02
7.796894672134594417e-01 -4.183445851407830568e-02
7.951933319348093443e-01 -3.811765731969880833e-02
8.107487556395898132e-01 -3.442950465666850396e-02
8.263518223330695855e-01 -3.079436371926068741e-02
8.419986040266501659e-01 -2.723779069048504198e-02
8.576851617267149397e-01 -2.378578840982433287e-02
8.734075464262507360e-01 -2.046384348889694962e-02
8.891618000989889303e-01 -1.729572437154738157e-02
9.049439566958173975e-01 -1.430201856471905071e-02
9.207500431432115162e-01 -1.149838841609813513e-02
9.365760803434354242e-01 -8.893526406089116015e-03
9.524180841762578398e-01 -6.486792972450614730e-03
9.682720665019324269e-01 -4.265522407608877097e-03
9.841340361651920166e-01 -2.201985366919433258e-03
9.999999999999998890e-01 -2.500000000000133951e-04
