9.999999999999998890e-01 2.500000000001349884e-04
9.841340361651920166e-01 1.949174118980878320e-02
9.682720665019324269e-01 3.851181929033892226e-02
9.524180841762578398e-01 5.718375987562367840e-02
9.365760803434354242e-01 7.542573255908824326e-02
9.207500431432115162e-01 9.319064860671456840e-02
9.049439566958173975e-01 1.104576851159482787e-01
8.891618000989889303e-01 1.272251328939090209e-01
8.734075464262507360e-01 1.435044586735106376e-01
8.576851617267149397e-01 1.593154682914948994e-01
8.419986040266501659e-01 1.746824557400615263e-01
8.263518223330695855e-01 1.896312233924810076e-01
8.107487556395898132e-01 2.041868609733749063e-01
7.951933319348093443e-01 2.183721747638395216e-01
7.796894672134594417e-01 2.322066638598028476e-01
7.642410644905727191e-01 2.457059467952792953e-01
7.488520128189207758e-01 2.588815492581258426e-01
7.335261863099650226e-01 2.717409717277098902e-01
7.182674431585703845e-01 2.842879644240974280e-01
7.030796246717250231e-01 2.965229457623329012e-01
6.879665543015128781e-01 3.084435093541636475e-01
6.729320366825783939e-01 3.200449733124715035e-01
6.579798566743311206e-01 3.313209340301030426e-01
6.431137784081281117e-01 3.422637945857638364e-01
6.283375443396724824e-01 3.528652453586456073e-01
6.136548743068714895e-01 3.631166812169051572e-01
5.990694645933862805e-01 3.730095457123280833e-01
5.845849869981135649e-01 3.825355980161605496e-01
5.702050879108284676e-01 3.916871028423404288e-01
5.559333873942259308e-01 4.004569473175760286e-01
5.417734782725895926e-01 4.088386916849061081e-01
5.277289252273172915e-01 4.168265628972652181e-01
5.138032638995313484e-01 4.244154016136519880e-01
5.000000000000001110e-01 4.316005739086339332e-01
4.863226084265935834e-01 4.383778592122158924e-01
4.727745323894976259e-01 4.447433256853065564e-01
4.593591825444023335e-01 4.506932034853699531e-01
4.460799361338897429e-01 4.562237652695333434e-01
4.329401361372292589e-01 4.613312219015585636e-01
4.199430904288018462e-01 4.660116397564449953e-01
4.070920709453594855e-01 4.702608843307284903e-01
3.943903128623333920e-01 4.740745931415578651e-01
3.818410137793947223e-01 4.774481792009086512e-01
3.694473329154774888e-01 4.803768647428139915e-01
3.572123903134606371e-01 4.828557434127969672e-01
3.451392660547150104e-01 4.848798678421594177e-01
3.332309994837083789e-01 4.864443584582912039e-01
3.214905884428678196e-01 4.875445285488496650e-01
3.099209885178879631e-01 4.881760200161227026e-01
2.985251122936787294e-01 4.883349439324521368e-01
2.873058286211370715e-01 4.880180199339463343e-01
2.762659618949298013e-01 4.872227086555259712e-01
2.654082913424666845e-01 4.859473317963354799e-01
2.547355503242452190e-01 4.841911749853553548e-01
2.442504256457417311e-01 4.819545693624544547e-01
2.339555568810219865e-01 4.792389486662117504e-01
2.238535357082431787e-01 4.760468795902237926e-01
2.139469052572124941e-01 4.723820641966782197e-01
2.042381594691679014e-01 4.682493142220003901e-01
1.947297424689413692e-01 4.636544981377696550e-01
1.854240479496642724e-01 4.586044628063292161e-01
1.763234185701672008e-01 4.531069324631245565e-01
1.674301453652287108e-01 4.471703885391977717e-01
1.587464671688187945e-01 4.408039344843480145e-01
1.502745700504856119e-01 4.340171502461789288e-01
1.420165867650229341e-01 4.268199413899289030e-01
1.339745962155614034e-01 4.192223880014571691e-01
1.261506229302150617e-01 4.112345984995374182e-01
1.185466365524179277e-01 4.028665732975462710e-01
1.111645513450765232e-01 3.941280829078089298e-01
1.040062257086641351e-01 3.850285645880567875e-01
9.707346171337882801e-02 3.755770410066672782e-01
9.036800464548166989e-02 3.657820636731295982e-01
8.389154256793041053e-02 3.556516830669089191e-01
7.764570589541863743e-02 3.451934465280093733e-01
7.163206698392743377e-02 3.344144240737156326e-01
6.585213973489323358e-02 3.233212614063409873e-01
6.030737921409157209e-02 3.119202585039255182e-01
5.499918128533154427e-02 3.002174713662051908e-01
4.992888225905456334e-02 2.882188337462412431e-01
4.509775855592612626e-02 2.759302950557371292e-01
4.050702638550263135e-02 2.633579701078656021e-01
3.615784144005795842e-02 2.505082959703480716e-01
3.205129860364375194e-02 2.373881909543460178e-01
2.818843167645834757e-02 2.240052106680113786e-01
2.457021311459295365e-02 2.103676961192682549e-01
2.119755378522125699e-02 1.964849090581935742e-01
1.807130273729329328e-02 1.823671500983843341e-01
1.519224698779197968e-02 1.680258556381037938e-01
1.256111132360571148e-02 1.534736702010967846e-01
1.017855811906731578e-02 1.387244915158035719e-01
8.045187169204659483e-03 1.237934864295402587e-01
6.161535538745877005e-03 1.086970765881587198e-01
4.528077426915411152e-03 9.345289367731039742e-02
3.145224048057615462e-03 7.807970489358714850e-02
2.013323528115562588e-03 6.259731016709139950e-02
1.132660816992037134e-03 4.702641346685974832e-02
5.034576168149174080e-04 3.138847126361279244e-02
1.258723261249317105e-04 1.570552187919147316e-02
0.000000000000000000e+00 0.000000000000000000e+00
1.258723261249317105e-04 -1.565597264729965896e-02
5.034576168149174080e-04 -3.128821877959529763e-02
1.132660816992037134e-03 -4.687315557966060392e-02
2.013323528115562588e-03 -6.238760855572675346e-02
3.145224048057615462e-03 -7.780900345044482191e-02
4.528077426915411152e-03 -9.311554380777463391e-02
6.161535538745877005e-03 -1.082863700261251644e-01
8.045187169204659483e-03 -1.233016962268458777e-01
1.017855811906731578e-02 -1.381429218671547110e-01
1.256111132360571148e-02 -1.527927157095200494e-01
1.519224698779197968e-02 -1.672350705068465782e-01
1.807130273729329328e-02 -1.814553275541052058e-01
2.119755378522125699e-02 -1.954401710708067175e-01
2.457021311459295365e-02 -2.091775931925475840e-01
2.818843167645834757e-02 -2.226568311414703349e-01
3.205129860364375194e-02 -2.358682788929959417e-01
3.615784144005795842e-02 -2.488033763389095598e-01
4.050702638550263135e-02 -2.614544795457480753e-01
4.509775855592612626e-02 -2.738147162056428496e-01
4.992888225905456334e-02 -2.858778307601211877e-01
5.499918128533154427e-02 -2.976380239348250800e-01
6.030737921409157209e-02 -3.090897915469748014e-01
6.585213973489323358e-02 -3.202277674336836411e-01
7.163206698392743377e-02 -3.310465751976662263e-01
7.764570589541863743e-02 -3.415406931811078572e-01
8.389154256793041053e-02 -3.517043366658276771e-01
9.036800464548166989e-02 -3.615313607693881881e-01
9.707346171337882801e-02 -3.710151868768243322e-01
1.040062257086641351e-01 -3.801487547335650197e-01
1.111645513450765232e-01 -3.889245015467962530e-01
1.185466365524179277e-01 -3.973343686219940052e-01
1.261506229302150617e-01 -4.053698352220641010e-01
1.339745962155614034e-01 -4.130219785027854362e-01
1.420165867650229341e-01 -4.202815575745535992e-01
1.502745700504856119e-01 -4.271391189907424724e-01
1.587464671688187945e-01 -4.335851202901699897e-01
1.674301453652287108e-01 -4.396100676461269230e-01
1.763234185701672008e-01 -4.452046632156974604e-01
1.854240479496642724e-01 -4.503599574561130137e-01
1.947297424689413692e-01 -4.550675014915159800e-01
2.042381594691679014e-01 -4.593194945816747032e-01
2.139469052572124941e-01 -4.631089218674623309e-01
2.238535357082431787e-01 -4.664296778453664305e-01
2.339555568810219865e-01 -4.692766714493701863e-01
2.442504256457417311e-01 -4.716459091830651484e-01
2.547355503242452190e-01 -4.735345534332225381e-01
2.654082913424666845e-01 -4.749409538894586169e-01
2.762659618949298013e-01 -4.758646508705625666e-01
2.873058286211370715e-01 -4.763063502906751956e-01
2.985251122936787294e-01 -4.762678709594653781e-01
3.099209885178879631e-01 -4.757520658694217586e-01
3.214905884428678196e-01 -4.747627200490476262e-01
3.332309994837083789e-01 -4.733044284215633390e-01
3.451392660547150104e-01 -4.713824578738942672e-01
3.572123903134606371e-01 -4.690025983811285659e-01
3.694473329154774888e-01 -4.661710085207649290e-01
3.818410137793947223e-01 -4.628940610260015021e-01
3.943903128623333920e-01 -4.591781941494891828e-01
4.070920709453594855e-01 -4.550297745250946879e-01
4.199430904288018462e-01 -4.504549769178743945e-01
4.329401361372292589e-01 -4.454596857407873145e-01
4.460799361338897429e-01 -4.400494224967253509e-01
4.593591825444023335e-01 -4.342293023895157922e-01
4.727745323894976259e-01 -4.280040222583456067e-01
4.863226084265935834e-01 -4.213778807544750205e-01
5.000000000000001110e-01 -4.143548303321815118e-01
5.138032638995313484e-01 -4.069385592091077641e-01
5.277289252273172915e-01 -3.991326000120649087e-01
5.417734782725895926e-01 -3.909404604154009810e-01
5.559333873942259308e-01 -3.823657697568244584e-01
5.702050879108284676e-01 -3.734124344395314266e-01
5.845849869981135649e-01 -3.640847939604794359e-01
5.990694645933862805e-01 -3.543877687036432467e-01
6.136548743068714895e-01 -3.443269902634035207e-01
6.283375443396724824e-01 -3.339089050730180142e-01
6.431137784081281117e-01 -3.231408425576443588e-01
6.579798566743311206e-01 -3.120310399552552738e-01
6.729320366825783939e-01 -3.005886173884044221e-01
6.879665543015128781e-01 -2.888234987517011576e-01
7.030796246717250231e-01 -2.767462765192434393e-01
7.182674431585703845e-01 -2.643680216757344770e-01
7.335261863099650226e-01 -2.517000436233280403e-01
7.488520128189207758e-01 -2.387536090875110872e-01
7.642410644905727191e-01 -2.255396336982676830e-01
7.796894672134594417e-01 -2.120683650003225285e-01
7.951933319348093443e-01 -1.983490810756507738e-01
8.107487556395898132e-01 -1.843898346542460764e-01
8.263518223330695855e-01 -1.701972784420767715e-01
8.419986040266501659e-01 -1.557766132908852408e-01
8.576851617267149397e-01 -1.411317066430408385e-01
8.734075464262507360e-01 -1.262654342649840999e-01
8.891618000989889303e-01 -1.111803034848718869e-01
9.049439566958173975e-01 -9.587942081701576746e-02
9.207500431432115162e-01 -8.036787082667432025e-02
9.365760803434354242e-01 -6.465457620145312334e-02
9.524180841762578398e-01 -4.875471108951245913e-02
9.682720665019324269e-01 -3.269274068446908349e-02
9.841340361651920166e-01 -1.650615963516864626e-02
9.999999999999998890e-01 -2.500000000001137922e-04
