9.999999999999998890e-01 2.500000000000835972e-04
9.841340361651920166e-01 1.068610905920860076e-02
9.682720665019324269e-01 1.894860551682602673e-02
9.524180841762578398e-01 2.602153191981951275e-02
9.365760803434354242e-01 3.256913253457083962e-02
9.207500431432115162e-01 3.900843262285608182e-02
9.049439566958173975e-01 4.557078169321400474e-02
8.891618000989889303e-01 5.235322872328657118e-02
8.734075464262507360e-01 5.936064060889104793e-02
8.576851617267149397e-01 6.653949853430690675e-02
8.419986040266501659e-01 7.380431212337935920e-02
8.263518223330695855e-01 8.105757984876833799e-02
8.107487556395898132e-01 8.820419810916027559e-02
7.951933319348093443e-01 9.516118258757488846e-02
7.796894672134594417e-01 1.018635159869309553e-01
7.642410644905727191e-01 1.082668780242020401e-01
7.488520128189207758e-01 1.143479486506441406e-01
7.335261863099650226e-01 1.201029057938229061e-01
7.182674431585703845e-01 1.255446663399133467e-01
7.030796246717250231e-01 1.306993453284375217e-01
6.879665543015128781e-01 1.356023350133814531e-01
6.729320366825783939e-01 1.402943339931710942e-01
6.579798566743311206e-01 1.448175882925453184e-01
6.431137784081281117e-01 1.492125421732003743e-01
6.283375443396724824e-01 1.535150374480425683e-01
6.136548743068714895e-01 1.577541468741511799e-01
5.990694645933862805e-01 1.619506803093021252e-01
5.845849869981135649e-01 1.661163620576006361e-01
5.702050879108284676e-01 1.702536443458167181e-01
5.559333873942259308e-01 1.743560951423648309e-01
5.417734782725895926e-01 1.784092783831790763e-01
5.277289252273172915e-01 1.823920307956652387e-01
5.138032638995313484e-01 1.862780314890910005e-01
5.000000000000001110e-01 1.900375577849598707e-01
4.863226084265935834e-01 1.936393227938814909e-01
4.727745323894976259e-01 1.970522963482126411e-01
4.593591825444023335e-01 2.002474203765315097e-01
4.460799361338897429e-01 2.031991419427927048e-01
4.329401361372292589e-01 2.058867012559679466e-01
4.199430904288018462e-01 2.082951272887257899e-01
4.070920709453594855e-01 2.104159095629698217e-01
3.943903128623333920e-01 2.122473305494356755e-01
3.818410137793947223e-01 2.137944584303202167e-01
3.694473329154774888e-01 2.150688141986219215e-01
3.572123903134606371e-01 2.160877398016620432e-01
3.451392660547150104e-01 2.168735049459171726e-01
3.332309994837083789e-01 2.174521990160239449e-01
3.214905884428678196e-01 2.178524611567261293e-01
3.099209885178879631e-01 2.181041058391197662e-01
2.985251122936787294e-01 2.182367031771133836e-01
2.873058286211370715e-01 2.182781729454209008e-01
2.762659618949298013e-01 2.182534488121933569e-01
2.654082913424666845e-01 2.181832649316974848e-01
2.547355503242452190e-01 2.180831109887420294e-01
2.442504256457417311e-01 2.179623943298246158e-01
2.339555568810219865e-01 2.178238392681640379e-01
2.238535357082431787e-01 2.176631443413144518e-01
2.139469052572124941e-01 2.174689085691804136e-01
2.042381594691679014e-01 2.172228279428577435e-01
1.947297424689413692e-01 2.169001537947364000e-01
1.854240479496642724e-01 2.164703956607424151e-01
1.763234185701672008e-01 2.158982430207784520e-01
1.674301453652287108e-01 2.151446731321385308e-01
1.587464671688187945e-01 2.141682062507533624e-01
1.502745700504856119e-01 2.129262650192532969e-01
1.420165867650229341e-01 2.113765917938562333e-01
1.339745962155614034e-01 2.094786762396447510e-01
1.261506229302150617e-01 2.071951456524364910e-01
1.185466365524179277e-01 2.044930721240505178e-01
1.111645513450765232e-01 2.013451537702278249e-01
1.040062257086641351e-01 1.977307316595395825e-01
9.707346171337882801e-02 1.936366096537918968e-01
9.036800464548166989e-02 1.890576509016516638e-01
8.389154256793041053e-02 1.839971319992061427e-01
7.764570589541863743e-02 1.784668436084124177e-01
7.163206698392743377e-02 1.724869343612229489e-01
6.585213973489323358e-02 1.660855029251078752e-01
6.030737921409157209e-02 1.592979509205688649e-01
5.499918128533154427e-02 1.521661167301205653e-01
4.992888225905456334e-02 1.447372169058341873e-01
4.509775855592612626e-02 1.370626276770662288e-01
4.050702638550263135e-02 1.291965438181261749e-01
3.615784144005795842e-02 1.211945557267497808e-01
3.205129860364375194e-02 1.131121878935210240e-01
2.818843167645834757e-02 1.050034429530873753e-01
2.457021311459295365e-02 9.691939518239470197e-02
2.119755378522125699e-02 8.890687567058420948e-02
1.807130273729329328e-02 8.100728848889345024e-02
1.519224698779197968e-02 7.325559313197714528e-02
1.256111132360571148e-02 6.567948341230209208e-02
1.017855811906731578e-02 5.829878702323793710e-02
8.045187169204659483e-03 5.112510332480148245e-02
6.161535538745877005e-03 4.416168974810936315e-02
4.528077426915411152e-03 3.740359977280567627e-02
3.145224048057615462e-03 3.083806792535404365e-02
2.013323528115562588e-03 2.444512989498657043e-02
1.132660816992037134e-03 1.819845888273209991e-02
5.034576168149174080e-04 1.206639289010379666e-02
1.258723261249317105e-04 6.013122003356233779e-03
0.000000000000000000e+00 0.000000000000000000e+00
1.258723261249317105e-04 -2.716411632862499124e-03
5.034576168149174080e-04 -5.379877851335709317e-03
1.132660816992037134e-03 -7.938943400826046354e-03
2.013323528115562588e-03 -1.034521329866213042e-02
3.145224048057615462e-03 -1.255476948893006865e-02
4.528077426915411152e-03 -1.452945505331904030e-02
6.161535538745877005e-03 -1.623798795288054417e-02
8.045187169204659483e-03 -1.765687129674331501e-02
1.017855811906731578e-02 -1.877107313379067222e-02
1.256111132360571148e-02 -1.957445556907257134e-02
1.519224698779197968e-02 -2.006994042154359309e-02
1.807130273729329328e-02 -2.026940644858237286e-02
2.119755378522125699e-02 -2.019332113839942058e-02
2.457021311459295365e-02 -1.987011798070191862e-02
2.818843167645834757e-02 -1.933533773636181285e-02
3.205129860364375194e-02 -1.863055931308310945e-02
3.615784144005795842e-02 -1.780215220465273390e-02
4.050702638550263135e-02 -1.689988787457931407e-02
4.509775855592612626e-02 -1.597545179452120392e-02
4.992888225905456334e-02 -1.508090094806460030e-02
5.499918128533154427e-02 -1.426711337994098980e-02
6.030737921409157209e-02 -1.358227674638129261e-02
6.585213973489323358e-02 -1.307046178086419298e-02
7.163206698392743377e-02 -1.277032414924616013e-02
7.764570589541863743e-02 -1.271397438874607121e-02
8.389154256793041053e-02 -1.292605060635696954e-02
9.036800464548166989e-02 -1.342302249181983979e-02
9.707346171337882801e-02 -1.421274815080963462e-02
1.040062257086641351e-01 -1.529429748818174860e-02
1.111645513450765232e-01 -1.665804759664482951e-02
1.185466365524179277e-01 -1.828604707947492636e-02
1.261506229302150617e-01 -2.015263771525220571e-02
1.339745962155614034e-01 -2.222531362115879802e-02
1.420165867650229341e-01 -2.446579034929670382e-02
1.502745700504856119e-01 -2.683124940734426048e-02
1.587464671688187945e-01 -2.927571776205208087e-02
1.674301453652287108e-01 -3.175153716749626320e-02
1.763234185701672008e-01 -3.421087483332389129e-02
1.854240479496642724e-01 -3.660722514682041712e-02
1.947297424689413692e-01 -3.889685197843083947e-02
2.042381594691679014e-01 -4.104012257778683753e-02
2.139469052572124941e-01 -4.300268720034680636e-02
2.238535357082431787e-01 -4.475646333555966666e-02
2.339555568810219865e-01 -4.628038962609774126e-02
2.442504256457417311e-01 -4.756092211362253352e-02
2.547355503242452190e-01 -4.859225411143194145e-02
2.654082913424666845e-01 -4.937625053647861501e-02
2.762659618949298013e-01 -4.992209764330417937e-02
2.873058286211370715e-01 -5.024567947059039447e-02
2.985251122936787294e-01 -5.036870259527022331e-02
3.099209885178879631e-01 -5.031760063465188365e-02
3.214905884428678196e-01 -5.012225898633294874e-02
3.332309994837083789e-01 -4.981460819951012003e-02
3.451392660547150104e-01 -4.942714079964409535e-02
3.572123903134606371e-01 -4.899141104183521445e-02
3.694473329154774888e-01 -4.853657968878713480e-02
3.818410137793947223e-01 -4.808806629099177804e-02
3.943903128623333920e-01 -4.766636944562661210e-02
4.070920709453594855e-01 -4.728611105285646099e-02
4.199430904288018462e-01 -4.695535367759413881e-02
4.329401361372292589e-01 -4.667523084837400110e-02
4.460799361338897429e-01 -4.643991865682219750e-02
4.593591825444023335e-01 -4.623696362393516640e-02
4.727745323894976259e-01 -4.604796682376566253e-02
4.863226084265935834e-01 -4.584960813713642030e-02
5.000000000000001110e-01 -4.561497776354764971e-02
5.138032638995313484e-01 -4.531516533660508855e-02
5.277289252273172915e-01 -4.492104081721967623e-02
5.417734782725895926e-01 -4.440514647932399667e-02
5.559333873942259308e-01 -4.374360648981135552e-02
5.702050879108284676e-01 -4.291795057130982222e-02
5.845849869981135649e-01 -4.191674177714040800e-02
5.990694645933862805e-01 -4.073689623713185048e-02
6.136548743068714895e-01 -3.938458554593431832e-02
6.283375443396724824e-01 -3.787562089631981571e-02
6.431137784081281117e-01 -3.623523266075338867e-02
6.579798566743311206e-01 -3.449718034415958506e-02
6.729320366825783939e-01 -3.270215599475780749e-02
6.879665543015128781e-01 -3.089547945117456992e-02
7.030796246717250231e-01 -2.912412624618340370e-02
7.182674431585703845e-01 -2.743317842923834529e-02
7.335261863099650226e-01 -2.586184467339664589e-02
7.488520128189207758e-01 -2.443925826321413641e-02
7.642410644905727191e-01 -2.318032918302498011e-02
7.796894672134594417e-01 -2.208199860052625918e-02
7.951933319348093443e-01 -2.112031942857507325e-02
8.107487556395898132e-01 -2.024886401399912314e-02
8.263518223330695855e-01 -1.939903782829272005e-02
8.419986040266501659e-01 -1.848295463615005560e-02
8.576851617267149397e-01 -1.739960216150467087e-02
8.734075464262507360e-01 -1.604509580211882155e-02
8.891618000989889303e-01 -1.432787941401124886e-02
9.049439566958173975e-01 -1.218978448615154302e-02
9.207500431432115162e-01 -9.633900018851703981e-03
9.365760803434354242e-01 -6.760232985155044047e-03
9.524180841762578398e-01 -3.810151327840631715e-03
9.682720665019324269e-01 -1.220596058908319636e-03
9.841340361651920166e-01 3.109756396045202363e-04
9.999999999999998890e-01 -2.499999999999855853e-04
