9.999999999999998890e-01 2.500000000001438788e-04
9.841340361651920166e-01 2.065351859382586613e-02
9.682720665019324269e-01 4.066124692265735141e-02
9.524180841762578398e-01 6.017750838146948555e-02
9.365760803434354242e-01 7.912827245869474835e-02
9.207500431432115162e-01 9.745860889899136958e-02
9.049439566958173975e-01 1.151302709385502859e-01
8.891618000989889303e-01 1.321194171738899470e-01
8.734075464262507360e-01 1.484144794508192033e-01
8.576851617267149397e-01 1.640141820820925078e-01
8.419986040266501659e-01 1.789257157352063810e-01
8.263518223330695855e-01 1.931630674885700116e-01
8.107487556395898132e-01 2.067455068454213396e-01
7.951933319348093443e-01 2.196962259286959762e-01
7.796894672134594417e-01 2.320411306627372106e-01
7.642410644905727191e-01 2.438077784833510842e-01
7.488520128189207758e-01 2.550244570083085582e-01
7.335261863099650226e-01 2.657193971461809801e-01
7.182674431585703845e-01 2.759201133207510592e-01
7.030796246717250231e-01 2.856528628379731427e-01
6.879665543015128781e-01 2.949422159178372582e-01
6.729320366825783939e-01 3.038107275485132375e-01
6.579798566743311206e-01 3.122787020876021669e-01
6.431137784081281117e-01 3.203640414270383374e-01
6.283375443396724824e-01 3.280821675451291997e-01
6.136548743068714895e-01 3.354460103817240579e-01
5.990694645933862805e-01 3.424660521803956637e-01
5.845849869981135649e-01 3.491504197342660265e-01
5.702050879108284676e-01 3.555050163390259810e-01
5.559333873942259308e-01 3.615336856870162152e-01
5.417734782725895926e-01 3.672384004193148810e-01
5.277289252273172915e-01 3.726194685781486493e-01
5.138032638995313484e-01 3.776757517595019653e-01
5.000000000000001110e-01 3.824048893458346088e-01
4.863226084265935834e-01 3.868035237921626512e-01
4.727745323894976259e-01 3.908675225367894135e-01
4.593591825444023335e-01 3.945921927027853382e-01
4.460799361338897429e-01 3.979724853406061413e-01
4.329401361372292589e-01 4.010031865295526354e-01
4.199430904288018462e-01 4.036790932003054833e-01
4.070920709453594855e-01 4.059951720575692979e-01
3.943903128623333920e-01 4.079467004667030050e-01
3.818410137793947223e-01 4.095293886176660791e-01
3.694473329154774888e-01 4.107394826909668839e-01
3.572123903134606371e-01 4.115738491216132111e-01
3.451392660547150104e-01 4.120300403870141848e-01
3.332309994837083789e-01 4.121063430327877031e-01
3.214905884428678196e-01 4.118018088964190415e-01
3.099209885178879631e-01 4.111162706932564026e-01
2.985251122936787294e-01 4.100503432934375359e-01
2.873058286211370715e-01 4.086054121435216402e-01
2.762659618949298013e-01 4.067836103747157206e-01
2.654082913424666845e-01 4.045877861928677821e-01
2.547355503242452190e-01 4.020214621663351640e-01
2.442504256457417311e-01 3.990887880191648085e-01
2.339555568810219865e-01 3.957944885016093095e-01
2.238535357082431787e-01 3.921438078508877600e-01
2.139469052572124941e-01 3.881424522753435524e-01
2.042381594691679014e-01 3.837965317978617175e-01
1.947297424689413692e-01 3.791125026826671629e-01
1.854240479496642724e-01 3.740971115464614694e-01
1.763234185701672008e-01 3.687573421231900572e-01
1.674301453652287108e-01 3.631003655143770770e-01
1.587464671688187945e-01 3.571334946165661273e-01
1.502745700504856119e-01 3.508641432764637580e-01
1.420165867650229341e-01 3.442997905851409302e-01
1.339745962155614034e-01 3.374479505872404750e-01
1.261506229302150617e-01 3.303161475513802237e-01
1.185466365524179277e-01 3.229118968254915401e-01
1.111645513450765232e-01 3.152426911870900850e-01
1.040062257086641351e-01 3.073159924946121668e-01
9.707346171337882801e-02 2.991392283529288876e-01
9.036800464548166989e-02 2.907197934246665283e-01
8.389154256793041053e-02 2.820650549495631876e-01
7.764570589541863743e-02 2.731823619770448186e-01
7.163206698392743377e-02 2.640790577726415678e-01
6.585213973489323358e-02 2.547624948266950518e-01
6.030737921409157209e-02 2.452400518737930801e-01
5.499918128533154427e-02 2.355191523230990847e-01
4.992888225905456334e-02 2.256072835026872447e-01
4.509775855592612626e-02 2.155120161344823426e-01
4.050702638550263135e-02 2.052410234796459287e-01
3.615784144005795842e-02 1.948020996264225313e-01
3.205129860364375194e-02 1.842031764325481880e-01
2.818843167645834757e-02 1.734523386814094126e-01
2.457021311459295365e-02 1.625578370640881898e-01
2.119755378522125699e-02 1.515280986572241362e-01
1.807130273729329328e-02 1.403717346281198042e-01
1.519224698779197968e-02 1.290975449626378946e-01
1.256111132360571148e-02 1.177145200770777778e-01
1.017855811906731578e-02 1.062318392413028612e-01
8.045187169204659483e-03 9.465886580587906662e-02
6.161535538745877005e-03 8.300513928988251244e-02
4.528077426915411152e-03 7.128036444736687849e-02
3.145224048057615462e-03 5.949439748841628406e-02
2.013323528115562588e-03 4.765722968433423051e-02
1.132660816992037134e-03 3.577896863518417042e-02
5.034576168149174080e-04 2.386981752086722933e-02
1.258723261249317105e-04 1.194005269364401683e-02
0.000000000000000000e+00 0.000000000000000000e+00
1.258723261249317105e-04 -1.166191235419500316e-02
5.034576168149174080e-04 -2.329930013026062369e-02
1.132660816992037134e-03 -3.488785743375286130e-02
2.013323528115562588e-03 -4.640383445960442887e-02
3.145224048057615462e-03 -5.782429783329361833e-02
4.528077426915411152e-03 -6.912737026392108686e-02
6.161535538745877005e-03 -8.029244353857231675e-02
8.045187169204659483e-03 -9.130035964660389303e-02
1.017855811906731578e-02 -1.021335557301611824e-01
1.256111132360571148e-02 -1.127761695874237857e-01
1.519224698779197968e-02 -1.232141035783286959e-01
1.807130273729329328e-02 -1.334350459665592237e-01
2.119755378522125699e-02 -1.434284499424318404e-01
2.457021311459295365e-02 -1.531854717738878047e-01
2.818843167645834757e-02 -1.626988706922554151e-01
3.205129860364375194e-02 -1.719628742019113643e-01
3.615784144005795842e-02 -1.809730134766114884e-01
4.050702638550263135e-02 -1.897259343411933363e-01
4.509775855592612626e-02 -1.982191900104513516e-01
4.992888225905456334e-02 -2.064510222466628131e-01
5.499918128533154427e-02 -2.144201378880812026e-01
6.030737921409157209e-02 -2.221254877829122176e-01
6.585213973489323358e-02 -2.295660550331093119e-01
7.163206698392743377e-02 -2.367406591121337667e-01
7.764570589541863743e-02 -2.436477818792761596e-01
8.389154256793041053e-02 -2.502854207848461132e-01
9.036800464548166989e-02 -2.566509736658966756e-01
9.707346171337882801e-02 -2.627411584967474512e-01
1.040062257086641351e-01 -2.685519703125783808e-01
1.111645513450765232e-01 -2.740786763017349914e-01
1.185466365524179277e-01 -2.793158487999812256e-01
1.261506229302150617e-01 -2.842574346564438748e-01
1.339745962155614034e-01 -2.888968582159288645e-01
1.420165867650229341e-01 -2.932271540148056466e-01
1.502745700504856119e-01 -2.972411242553822941e-01
1.587464671688187945e-01 -3.009315152416758288e-01
1.674301453652287108e-01 -3.042912062589580025e-01
1.763234185701672008e-01 -3.073134038869570483e-01
1.854240479496642724e-01 -3.099918344729428177e-01
1.947297424689413692e-01 -3.123209274704618621e-01
2.042381594691679014e-01 -3.142959825794715001e-01
2.139469052572124941e-01 -3.159133141037211989e-01
2.238535357082431787e-01 -3.171703666632981200e-01
2.339555568810219865e-01 -3.180657973482785561e-01
2.442504256457417311e-01 -3.185995205496930938e-01
2.547355503242452190e-01 -3.187727130254716656e-01
2.654082913424666845e-01 -3.185877782140049130e-01
2.762659618949298013e-01 -3.180482703528340060e-01
2.873058286211370715e-01 -3.171587805463657594e-01
2.985251122936787294e-01 -3.159247885023979685e-01
3.099209885178879631e-01 -3.143524851683572319e-01
3.214905884428678196e-01 -3.124485728895129433e-01
3.332309994837083789e-01 -3.102200509289250174e-01
3.451392660547150104e-01 -3.076739951808832307e-01
3.572123903134606371e-01 -3.048173416287631721e-01
3.694473329154774888e-01 -3.016566835030064508e-01
3.818410137793947223e-01 -2.981980921513389671e-01
3.943903128623333920e-01 -2.944469713162558566e-01
4.070920709453594855e-01 -2.904079538094944124e-01
4.199430904288018462e-01 -2.860848484763030553e-01
4.329401361372292589e-01 -2.814806438628753571e-01
4.460799361338897429e-01 -2.765975731603151910e-01
4.593591825444023335e-01 -2.714372428333519105e-01
4.727745323894976259e-01 -2.660008249004275904e-01
4.863226084265935834e-01 -2.602893101755620053e-01
5.000000000000001110e-01 -2.543038169856909336e-01
5.138032638995313484e-01 -2.480459470255375887e-01
5.277289252273172915e-01 -2.415181772009522276e-01
5.417734782725895926e-01 -2.347242736448051648e-01
5.559333873942259308e-01 -2.276697116768112705e-01
5.702050879108284676e-01 -2.203620834338669010e-01
5.845849869981135649e-01 -2.128114733355582489e-01
5.990694645933862805e-01 -2.050307805838314790e-01
6.136548743068714895e-01 -1.970359676352244904e-01
6.283375443396724824e-01 -1.888462141296806673e-01
6.431137784081281117e-01 -1.804839572021338934e-01
6.579798566743311206e-01 -1.719748015182055445e-01
6.729320366825783939e-01 -1.633472858229322588e-01
6.879665543015128781e-01 -1.546324973111305734e-01
7.030796246717250231e-01 -1.458635307369920142e-01
7.182674431585703845e-01 -1.370747958712568715e-01
7.335261863099650226e-01 -1.283011846525261568e-01
7.488520128189207758e-01 -1.195771181024218588e-01
7.642410644905727191e-01 -1.109355026905833042e-01
7.796894672134594417e-01 -1.024066362233073402e-01
7.951933319348093443e-01 -9.401711433778459082e-02
8.107487556395898132e-01 -8.578880013217711487e-02
8.263518223330695855e-01 -7.773793114249881453e-02
8.419986040266501659e-01 -6.987444955710639394e-02
8.576851617267149397e-01 -6.220165298244529489e-02
8.734075464262507360e-01 -5.471627396379442898e-02
8.891618000989889303e-01 -4.740910653078754533e-02
9.049439566958173975e-01 -4.026630697696827188e-02
9.207500431432115162e-01 -3.327150358697924387e-02
9.365760803434354242e-01 -2.640885578496388400e-02
9.524180841762578398e-01 -1.966720688936121272e-02
9.682720665019324269e-01 -1.304547602982977610e-02
9.841340361651920166e-01 -6.559433536575362197e-03
9.999999999999998890e-01 -2.500000000000433733e-04
