9.999999999999998890e-01 2.500000000001422525e-04
9.841340361651920166e-01 2.038762863444996618e-02
9.682720665019324269e-01 4.011884642812973967e-02
9.524180841762578398e-01 5.942471559926833236e-02
9.365760803434354242e-01 7.829359778976971440e-02
9.207500431432115162e-01 9.671942284200900353e-02
9.049439566958173975e-01 1.147002185179636646e-01
8.891618000989889303e-01 1.322368811281254275e-01
8.734075464262507360e-01 1.493321659871998663e-01
8.576851617267149397e-01 1.659898760249432226e-01
8.419986040266501659e-01 1.822142267180781594e-01
8.263518223330695855e-01 1.980093657333783230e-01
8.107487556395898132e-01 2.133790262397658732e-01
7.951933319348093443e-01 2.283262937134913628e-01
7.796894672134594417e-01 2.428534671787121180e-01
7.642410644905727191e-01 2.569619971492685395e-01
7.488520128189207758e-01 2.706524840198488158e-01
7.335261863099650226e-01 2.839247222510287161e-01
7.182674431585703845e-01 2.967777773598471724e-01
7.030796246717250231e-01 3.092100844252870795e-01
6.879665543015128781e-01 3.212195585090654171e-01
6.729320366825783939e-01 3.328037090430053246e-01
6.579798566743311206e-01 3.439597518153711952e-01
6.431137784081281117e-01 3.546847136746397733e-01
6.283375443396724824e-01 3.649755264393224619e-01
6.136548743068714895e-01 3.748291077401907367e-01
5.990694645933862805e-01 3.842424276145864903e-01
5.845849869981135649e-01 3.932125606136583906e-01
5.702050879108284676e-01 4.017367239687612557e-01
5.559333873942259308e-01 4.098123029931023398e-01
5.417734782725895926e-01 4.174368653727645317e-01
5.277289252273172915e-01 4.246081663343748147e-01
5.138032638995313484e-01 4.313241468745458995e-01
5.000000000000001110e-01 4.375829273107064155e-01
4.863226084265935834e-01 4.433827983778286241e-01
4.727745323894976259e-01 4.487222119659436403e-01
4.593591825444023335e-01 4.535997733852671354e-01
4.460799361338897429e-01 4.580142367756787625e-01
4.329401361372292589e-01 4.619645049617369659e-01
4.199430904288018462e-01 4.654496347094667086e-01
4.070920709453594855e-01 4.684688479822220475e-01
3.943903128623333920e-01 4.710215494343082954e-01
3.818410137793947223e-01 4.731073500357354522e-01
3.694473329154774888e-01 4.747260964008654383e-01
3.572123903134606371e-01 4.758779051075014976e-01
3.451392660547150104e-01 4.765632010489471160e-01
3.332309994837083789e-01 4.767827586656427918e-01
3.214905884428678196e-01 4.765377447591053195e-01
3.099209885178879631e-01 4.758297615010877446e-01
2.985251122936787294e-01 4.746608882153613984e-01
2.873058286211370715e-01 4.730337205267801104e-01
2.762659618949298013e-01 4.709514055392507448e-01
2.654082913424666845e-01 4.684176718164875797e-01
2.547355503242452190e-01 4.654368530913356450e-01
2.442504256457417311e-01 4.620139048145198712e-01
2.339555568810219865e-01 4.581544128646294900e-01
2.238535357082431787e-01 4.538645939703579435e-01
2.139469052572124941e-01 4.491512876355441830e-01
2.042381594691679014e-01 4.440219395995997353e-01
1.947297424689413692e-01 4.384845771027954808e-01
1.854240479496642724e-01 4.325477764505468170e-01
1.763234185701672008e-01 4.262206235767076468e-01
1.674301453652287108e-01 4.195126684873262679e-01
1.587464671688187945e-01 4.124338746185320370e-01
1.502745700504856119e-01 4.049945642614886654e-01
1.420165867650229341e-01 3.972053612910399489e-01
1.339745962155614034e-01 3.890771324812820064e-01
1.261506229302150617e-01 3.806209287004612696e-01
1.185466365524179277e-01 3.718479272500510580e-01
1.111645513450765232e-01 3.627693765504058088e-01
1.040062257086641351e-01 3.533965442807602830e-01
9.707346171337882801e-02 3.437406699581644909e-01
9.036800464548166989e-02 3.338129227925188403e-01
8.389154256793041053e-02 3.236243654881478249e-01
7.764570589541863743e-02 3.131859244816336818e-01
7.163206698392743377e-02 3.025083669165392064e-01
6.585213973489323358e-02 2.916022844638768152e-01
6.030737921409157209e-02 2.804780839083533817e-01
5.499918128533154427e-02 2.691459842399399616e-01
4.992888225905456334e-02 2.576160198232291809e-01
4.509775855592612626e-02 2.458980490678502051e-01
4.050702638550263135e-02 2.340017678958157543e-01
3.615784144005795842e-02 2.219367271992779000e-01
3.205129860364375194e-02 2.097123534071027584e-01
2.818843167645834757e-02 1.973379712325146196e-01
2.457021311459295365e-02 1.848228276574240825e-01
2.119755378522125699e-02 1.721761162217437802e-01
1.807130273729329328e-02 1.594070007269069444e-01
1.519224698779197968e-02 1.465246375300573167e-01
1.256111132360571148e-02 1.335381956963327121e-01
1.017855811906731578e-02 1.204568743880177345e-01
8.045187169204659483e-03 1.072899169972489769e-01
6.161535538745877005e-03 9.404662166914082300e-02
4.528077426915411152e-03 8.073634801004439532e-02
3.145224048057615462e-03 6.736851992645144505e-02
2.013323528115562588e-03 5.395262468892555313e-02
1.132660816992037134e-03 4.049820845779918826e-02
5.034576168149174080e-04 2.701486863870719915e-02
1.258723261249317105e-04 1.351224355228756481e-02
0.000000000000000000e+00 0.000000000000000000e+00
1.258723261249317105e-04 -1.299954509175354697e-02
5.034576168149174080e-04 -2.596958874130133113e-02
1.132660816992037134e-03 -3.888089634665347488e-02
2.013323528115562588e-03 -5.170488507361973435e-02
3.145224048057615462e-03 -6.441393045706375609e-02
4.528077426915411152e-03 -7.698165044004109947e-02
6.161535538745877005e-03 -8.938316029031984078e-02
8.045187169204659483e-03 -1.015952926227235986e-01
1.017855811906731578e-02 -1.135967777002965529e-01
1.256111132360571148e-02 -1.253683802614270759e-01
1.519224698779197968e-02 -1.368929902941094234e-01
1.807130273729329328e-02 -1.481556664199090434e-01
2.119755378522125699e-02 -1.591436318245962600e-01
2.457021311459295365e-02 -1.698462239443044586e-01
2.818843167645834757e-02 -1.802548003500678564e-01
3.205129860364375194e-02 -1.903626044351579283e-01
3.615784144005795842e-02 -2.001645955662077481e-01
4.050702638550263135e-02 -2.096572492808717048e-01
4.509775855592612626e-02 -2.188383338756342555e-01
4.992888225905456334e-02 -2.277066703055935226e-01
5.499918128533154427e-02 -2.362618826969664632e-01
6.030737921409157209e-02 -2.445041469415180635e-01
6.585213973489323358e-02 -2.524339447949264237e-01
7.163206698392743377e-02 -2.600518306390704470e-01
7.764570589541863743e-02 -2.673582175984411946e-01
8.389154256793041053e-02 -2.743531890363083425e-01
9.036800464548166989e-02 -2.810363406156701771e-01
9.707346171337882801e-02 -2.874066571173606865e-01
1.040062257086641351e-01 -2.934624270915959232e-01
1.111645513450765232e-01 -2.992011972122223806e-01
1.185466365524179277e-01 -3.046197669405206199e-01
1.261506229302150617e-01 -3.097142228251864027e-01
1.339745962155614034e-01 -3.144800105056548833e-01
1.420165867650229341e-01 -3.189120412857412989e-01
1.502745700504856119e-01 -3.230048290409361367e-01
1.587464671688187945e-01 -3.267526522506147835e-01
1.674301453652287108e-01 -3.301497351374934053e-01
1.763234185701672008e-01 -3.331904412781379610e-01
1.854240479496642724e-01 -3.358694726421651011e-01
1.947297424689413692e-01 -3.381820668398818341e-01
2.042381594691679014e-01 -3.401241854177229351e-01
2.139469052572124941e-01 -3.416926863400524539e-01
2.238535357082431787e-01 -3.428854743293909824e-01
2.339555568810219865e-01 -3.437016234921133062e-01
2.442504256457417311e-01 -3.441414676130151173e-01
2.547355503242452190e-01 -3.442066546327480214e-01
2.654082913424666845e-01 -3.439001630934699349e-01
2.762659618949298013e-01 -3.432262797109760233e-01
2.873058286211370715e-01 -3.421905386622382528e-01
2.985251122936787294e-01 -3.407996246183270239e-01
3.099209885178879631e-01 -3.390612429545021289e-01
3.214905884428678196e-01 -3.369839618814284288e-01
3.332309994837083789e-01 -3.345770324142508523e-01
3.451392660547150104e-01 -3.318501930821803336e-01
3.572123903134606371e-01 -3.288134670366675283e-01
3.694473329154774888e-01 -3.254769597029502637e-01
3.818410137793947223e-01 -3.218506653064628908e-01
3.943903128623333920e-01 -3.179442904692920124e-01
4.070920709453594855e-01 -3.137671025991443652e-01
4.199430904288018462e-01 -3.093278099813651094e-01
4.329401361372292589e-01 -3.046344793421200681e-01
4.460799361338897429e-01 -2.996944951986686423e-01
4.593591825444023335e-01 -2.945145635838622988e-01
4.727745323894976259e-01 -2.891007607720776917e-01
4.863226084265935834e-01 -2.834586255002649047e-01
5.000000000000001110e-01 -2.775932909395285031e-01
5.138032638995313484e-01 -2.715096504088853613e-01
5.277289252273172915e-01 -2.652125486217665196e-01
5.417734782725895926e-01 -2.587069882129932052e-01
5.559333873942259308e-01 -2.519983395102051715e-01
5.702050879108284676e-01 -2.450925400930414610e-01
5.845849869981135649e-01 -2.379962697302497321e-01
5.990694645933862805e-01 -2.307170859018019826e-01
6.136548743068714895e-01 -2.232635053974195150e-01
6.283375443396724824e-01 -2.156450185242446138e-01
6.431137784081281117e-01 -2.078720243333769258e-01
6.579798566743311206e-01 -1.999556780524875399e-01
6.729320366825783939e-01 -1.919076456378772111e-01
6.879665543015128781e-01 -1.837397650630145929e-01
7.030796246717250231e-01 -1.754636196487805166e-01
7.182674431585703845e-01 -1.670900353964878682e-01
7.335261863099650226e-01 -1.586285218656210139e-01
7.488520128189207758e-01 -1.500866845745135181e-01
7.642410644905727191e-01 -1.414696460963101587e-01
7.796894672134594417e-01 -1.327795228487393120e-01
7.951933319348093443e-01 -1.240150148807081659e-01
8.107487556395898132e-01 -1.151711765605896304e-01
8.263518223330695855e-01 -1.062394467637356593e-01
8.419986040266501659e-01 -9.720802771006017973e-02
8.576851617267149397e-01 -8.806271176551164204e-02
8.734075464262507360e-01 -7.878826502541039223e-02
8.891618000989889303e-01 -6.937048506092953482e-02
9.049439566958173975e-01 -5.979905754130343531e-02
9.207500431432115162e-01 -5.007134224841094244e-02
9.365760803434354242e-01 -4.019722298319473863e-02
9.524180841762578398e-01 -3.020515773796526859e-02
9.682720665019324269e-01 -2.014956500098039754e-02
9.841340361651920166e-01 -1.011967891496766761e-02
9.999999999999998890e-01 -2.500000000000680931e-04
