9.999999999999998890e-01 2.500000000001497877e-04
9.841340361651920166e-01 2.148591038114508467e-02
9.682720665019324269e-01 4.234498458916201996e-02
9.524180841762578398e-01 6.279913186624802579e-02
9.365760803434354242e-01 8.283403663464672384e-02
9.207500431432115162e-01 1.024451707613083240e-01
9.049439566958173975e-01 1.216345265948738097e-01
8.891618000989889303e-01 1.404080017763772448e-01
8.734075464262507360e-01 1.587733652104492965e-01
8.576851617267149397e-01 1.767387333655237036e-01
8.419986040266501659e-01 1.943114871210380734e-01
8.263518223330695855e-01 2.114975615568446266e-01
8.107487556395898132e-01 2.283010442366208703e-01
7.951933319348093443e-01 2.447240215195349844e-01
7.796894672134594417e-01 2.607666170872323108e-01
7.642410644905727191e-01 2.764271720417171285e-01
7.488520128189207758e-01 2.917025214628055085e-01
7.335261863099650226e-01 3.065883280665455124e-01
7.182674431585703845e-01 3.210794394416256470e-01
7.030796246717250231e-01 3.351702411328971731e-01
6.879665543015128781e-01 3.488549834751178969e-01
6.729320366825783939e-01 3.621280654544989375e-01
6.579798566743311206e-01 3.749842639033218461e-01
6.431137784081281117e-01 3.874189009413326890e-01
6.283375443396724824e-01 3.994279467094375979e-01
6.136548743068714895e-01 4.110080580541616846e-01
5.990694645933862805e-01 4.221565568879820929e-01
5.845849869981135649e-01 4.328713544578238759e-01
5.702050879108284676e-01 4.431508297020365639e-01
5.559333873942259308e-01 4.529936712777543062e-01
5.417734782725895926e-01 4.623986937196821190e-01
5.277289252273172915e-01 4.713646385818252571e-01
5.138032638995313484e-01 4.798899713577424730e-01
5.000000000000001110e-01 4.879726845215748843e-01
4.863226084265935834e-01 4.956101162357023915e-01
4.727745323894976259e-01 5.027987931892932139e-01
4.593591825444023335e-01 5.095343047252629542e-01
4.460799361338897429e-01 5.158112139417135866e-01
4.329401361372292589e-01 5.216230098774096158e-01
4.199430904288018462e-01 5.269621032666359506e-01
4.070920709453594855e-01 5.318198667308075001e-01
3.943903128623333920e-01 5.361867187119467859e-01
3.818410137793947223e-01 5.400522489907710888e-01
3.694473329154774888e-01 5.434053823076843148e-01
3.572123903134606371e-01 5.462345754500480544e-01
3.451392660547150104e-01 5.485280422082771112e-01
3.332309994837083789e-01 5.502739998542111044e-01
3.214905884428678196e-01 5.514609302683605163e-01
3.099209885178879631e-01 5.520778485417452419e-01
2.985251122936787294e-01 5.521145718002884450e-01
2.873058286211370715e-01 5.515619811363100533e-01
2.762659618949298013e-01 5.504122698682097914e-01
2.654082913424666845e-01 5.486591718669808770e-01
2.547355503242452190e-01 5.462981643636590778e-01
2.442504256457417311e-01 5.433266404590534338e-01
2.339555568810219865e-01 5.397440474676391542e-01
2.238535357082431787e-01 5.355519882114249119e-01
2.139469052572124941e-01 5.307542834065201998e-01
2.042381594691679014e-01 5.253569943248386220e-01
1.947297424689413692e-01 5.193684059368016692e-01
1.854240479496642724e-01 5.127989717207662723e-01
1.763234185701672008e-01 5.056612222363011666e-01
1.674301453652287108e-01 4.979696403795219606e-01
1.587464671688187945e-01 4.897405069510008535e-01
1.502745700504856119e-01 4.809917207556267393e-01
1.420165867650229341e-01 4.717425979085183019e-01
1.339745962155614034e-01 4.620136553351484321e-01
1.261506229302150617e-01 4.518263836247456977e-01
1.185466365524179277e-01 4.412030144254136532e-01
1.111645513450765232e-01 4.301662874625740152e-01
1.040062257086641351e-01 4.187392220282199484e-01
9.707346171337882801e-02 4.069448974390530993e-01
9.036800464548166989e-02 3.948062465115499964e-01
8.389154256793041053e-02 3.823458655682447360e-01
7.764570589541863743e-02 3.695858438905095245e-01
7.163206698392743377e-02 3.565476148884133001e-01
6.585213973489323358e-02 3.432518305879130316e-01
6.030737921409157209e-02 3.297182603596109929e-01
5.499918128533154427e-02 3.159657141509320533e-01
4.992888225905456334e-02 3.020119898530218561e-01
4.509775855592612626e-02 2.878738438514546472e-01
4.050702638550263135e-02 2.735669832904951138e-01
3.615784144005795842e-02 2.591060781363385690e-01
3.205129860364375194e-02 2.445047907648832397e-01
2.818843167645834757e-02 2.297758205308817470e-01
2.457021311459295365e-02 2.149309606014172813e-01
2.119755378522125699e-02 1.999811642583379512e-01
1.807130273729329328e-02 1.849366178893508406e-01
1.519224698779197968e-02 1.698068179910248998e-01
1.256111132360571148e-02 1.546006496914826278e-01
1.017855811906731578e-02 1.393264645563264403e-01
8.045187169204659483e-03 1.239921557566852212e-01
6.161535538745877005e-03 1.086052290399786707e-01
4.528077426915411152e-03 9.317286833773275045e-02
3.145224048057615462e-03 7.770199525564774889e-02
2.013323528115562588e-03 6.219932210383203458e-02
1.132660816992037134e-03 4.667139852490001517e-02
5.034576168149174080e-04 3.112465215023170473e-02
1.258723261249317105e-04 1.556542404708907007e-02
0.000000000000000000e+00 0.000000000000000000e+00
1.258723261249317105e-04 -1.450281560935777134e-02
5.034576168149174080e-04 -2.896744257875826650e-02
1.132660816992037134e-03 -4.335604681461184551e-02
2.013323528115562588e-03 -5.763162101180441949e-02
3.145224048057615462e-03 -7.175837776795432332e-02
4.528077426915411152e-03 -8.570211888854813165e-02
6.161535538745877005e-03 -9.943057382578071590e-02
8.045187169204659483e-03 -1.129137009186988172e-01
1.017855811906731578e-02 -1.261239459729743273e-01
1.256111132360571148e-02 -1.390364537132137146e-01
1.519224698779197968e-02 -1.516292287339134071e-01
1.807130273729329328e-02 -1.638832437392130081e-01
2.119755378522125699e-02 -1.757824940671158243e-01
2.457021311459295365e-02 -1.873139987102973580e-01
2.818843167645834757e-02 -1.984677492424327394e-01
3.205129860364375194e-02 -2.092366092060936600e-01
3.615784144005795842e-02 -2.196161675870818564e-01
4.050702638550263135e-02 -2.296045509641114479e-01
4.509775855592612626e-02 -2.392021997584068416e-01
4.992888225905456334e-02 -2.484116146948926185e-01
5.499918128533154427e-02 -2.572370801091075632e-01
6.030737921409157209e-02 -2.656843710800640967e-01
6.585213973489323358e-02 -2.737604515321049869e-01
7.163206698392743377e-02 -2.814731704263696010e-01
7.764570589541863743e-02 -2.888309629578637572e-01
8.389154256793041053e-02 -2.958425632952670359e-01
9.036800464548166989e-02 -3.025167348602447182e-01
9.707346171337882801e-02 -3.088620234582787893e-01
1.040062257086641351e-01 -3.148865377649008868e-01
1.111645513450765232e-01 -3.205977607641369298e-01
1.185466365524179277e-01 -3.260023947570515612e-01
1.261506229302150617e-01 -3.311062415365434441e-01
1.339745962155614034e-01 -3.359141182901920208e-01
1.420165867650229341e-01 -3.404298087764165981e-01
1.502745700504856119e-01 -3.446560483503633421e-01
1.587464671688187945e-01 -3.485945405231555827e-01
1.674301453652287108e-01 -3.522460019475076587e-01
1.763234185701672008e-01 -3.556102320571929987e-01
1.854240479496642724e-01 -3.586862030666011503e-01
1.947297424689413692e-01 -3.614721656743355438e-01
2.042381594691679014e-01 -3.639657656212344494e-01
2.139469052572124941e-01 -3.661641662327120295e-01
2.238535357082431787e-01 -3.680641722268043758e-01
2.339555568810219865e-01 -3.696623503858844084e-01
2.442504256457417311e-01 -3.709551431593502979e-01
2.547355503242452190e-01 -3.719389718689601887e-01
2.654082913424666845e-01 -3.726103269053025469e-01
2.762659618949298013e-01 -3.729658431062454760e-01
2.873058286211370715e-01 -3.730023593655601988e-01
2.985251122936787294e-01 -3.727169623990390090e-01
3.099209885178879631e-01 -3.721070154612956538e-01
3.214905884428678196e-01 -3.711701736233590787e-01
3.332309994837083789e-01 -3.699043879539233859e-01
3.451392660547150104e-01 -3.683079015621122942e-01
3.572123903134606371e-01 -3.663792409261498739e-01
3.694473329154774888e-01 -3.641172062237104656e-01
3.818410137793947223e-01 -3.615208644744865585e-01
3.943903128623333920e-01 -3.585895491883733244e-01
4.070920709453594855e-01 -3.553228698755813153e-01
4.199430904288018462e-01 -3.517207342178011453e-01
4.329401361372292589e-01 -3.477833849307692682e-01
4.460799361338897429e-01 -3.435114523856528934e-01
4.593591825444023335e-01 -3.389060229262936819e-01
4.727745323894976259e-01 -3.339687215573266532e-01
4.863226084265935834e-01 -3.287018063292008740e-01
5.000000000000001110e-01 -3.231082703631386055e-01
5.138032638995313484e-01 -3.171919461025056175e-01
5.277289252273172915e-01 -3.109576051137240005e-01
5.417734782725895926e-01 -3.044110456615952143e-01
5.559333873942259308e-01 -2.975591594260080797e-01
5.702050879108284676e-01 -2.904099681865134897e-01
5.845849869981135649e-01 -2.829726211548548864e-01
5.990694645933862805e-01 -2.752573439576269654e-01
6.136548743068714895e-01 -2.672753311315184677e-01
6.283375443396724824e-01 -2.590385754549583419e-01
6.431137784081281117e-01 -2.505596295561025588e-01
6.579798566743311206e-01 -2.418512980502294518e-01
6.729320366825783939e-01 -2.329262619983610283e-01
6.879665543015128781e-01 -2.237966417563051480e-01
7.030796246717250231e-01 -2.144735092947925581e-01
7.182674431585703845e-01 -2.049663667934250311e-01
7.335261863099650226e-01 -1.952826146998139223e-01
7.488520128189207758e-01 -1.854270394353859930e-01
7.642410644905727191e-01 -1.754013584338168785e-01
7.796894672134594417e-01 -1.652038681079172622e-01
7.951933319348093443e-01 -1.548292485254305906e-01
8.107487556395898132e-01 -1.442685868821683426e-01
8.263518223330695855e-01 -1.335096901212990683e-01
8.419986040266501659e-01 -1.225377650717984074e-01
8.576851617267149397e-01 -1.113365520630857503e-01
8.734075464262507360e-01 -9.989000490012302225e-02
8.891618000989889303e-01 -8.818461612780555126e-02
9.049439566958173975e-01 -7.621249144369407480e-02
9.207500431432115162e-01 -6.397528070075310380e-02
9.365760803434354242e-01 -5.148907494619891362e-02
9.524180841762578398e-01 -3.879037914560699851e-02
9.682720665019324269e-01 -2.594326843198685451e-02
9.841340361651920166e-01 -1.304783170361106977e-02
9.999999999999998890e-01 -2.500000000000887472e-04
