9.999999999999998890e-01 2.500000000001079375e-04
9.841340361651920166e-01 1.552896513827072347e-02
9.682720665019324269e-01 3.045417526474969439e-02
9.524180841762578398e-01 4.495615084212215007e-02
9.365760803434354242e-01 5.897808379294113695e-02
9.207500431432115162e-01 7.247537150374556980e-02
9.049439566958173975e-01 8.541496293754978486e-02
8.891618000989889303e-01 9.777455146930756624e-02
8.734075464262507360e-01 1.095416480903379647e-01
8.576851617267149397e-01 1.207125671869488243e-01
8.419986040266501659e-01 1.312913552458189193e-01
8.263518223330695855e-01 1.412886906371628448e-01
8.107487556395898132e-01 1.507207801409139736e-01
7.951933319348093443e-01 1.596082751761686014e-01
7.796894672134594417e-01 1.679752278342090954e-01
7.642410644905727191e-01 1.758481038630528570e-01
7.488520128189207758e-01 1.832548667663219943e-01
7.335261863099650226e-01 1.902241442173335240e-01
7.182674431585703845e-01 1.967844851022430841e-01
7.030796246717250231e-01 2.029637127403821628e-01
6.879665543015128781e-01 2.087883772265206328e-01
6.729320366825783939e-01 2.142833074336562837e-01
6.579798566743311206e-01 2.194712610347985260e-01
6.431137784081281117e-01 2.243726689704783894e-01
6.283375443396724824e-01 2.290054691214000737e-01
6.136548743068714895e-01 2.333850225525348487e-01
5.990694645933862805e-01 2.375241045798239525e-01
5.845849869981135649e-01 2.414329620715681413e-01
5.702050879108284676e-01 2.451194278263411075e-01
5.559333873942259308e-01 2.485890825558767780e-01
5.417734782725895926e-01 2.518454549286346378e-01
5.277289252273172915e-01 2.548902502777843360e-01
5.138032638995313484e-01 2.577235989233355173e-01
5.000000000000001110e-01 2.603443155769192829e-01
4.863226084265935834e-01 2.627501619624673657e-01
4.727745323894976259e-01 2.649381055689338793e-01
4.593591825444023335e-01 2.669045683240847677e-01
4.460799361338897429e-01 2.686456599133353884e-01
4.329401361372292589e-01 2.701573914375740015e-01
4.199430904288018462e-01 2.714358660831346359e-01
4.070920709453594855e-01 2.724774444416541708e-01
3.943903128623333920e-01 2.732788830457674178e-01
3.818410137793947223e-01 2.738374455592585965e-01
3.694473329154774888e-01 2.741509868610079170e-01
3.572123903134606371e-01 2.742180109774043362e-01
3.451392660547150104e-01 2.740377044374481263e-01
3.332309994837083789e-01 2.736099471412640760e-01
3.214905884428678196e-01 2.729353032419266079e-01
3.099209885178879631e-01 2.720149948410782170e-01
2.985251122936787294e-01 2.708508614922670588e-01
2.873058286211370715e-01 2.694453085962855710e-01
2.762659618949298013e-01 2.678012477663778146e-01
2.654082913424666845e-01 2.659220321463261483e-01
2.547355503242452190e-01 2.638113894911020552e-01
2.442504256457417311e-01 2.614733555792637665e-01
2.339555568810219865e-01 2.589122102308271112e-01
2.238535357082431787e-01 2.561324178667560569e-01
2.139469052572124941e-01 2.531385741795295630e-01
2.042381594691679014e-01 2.499353601013752646e-01
1.947297424689413692e-01 2.465275038701715271e-01
1.854240479496642724e-01 2.429197516144393221e-01
1.763234185701672008e-01 2.391168465189993930e-01
1.674301453652287108e-01 2.351235163012619922e-01
1.587464671688187945e-01 2.309444684328300357e-01
1.502745700504856119e-01 2.265843922886988104e-01
1.420165867650229341e-01 2.220479672017377781e-01
1.339745962155614034e-01 2.173398752465795503e-01
1.261506229302150617e-01 2.124648174761057384e-01
1.185466365524179277e-01 2.074275322853051384e-01
1.111645513450765232e-01 2.022328145798118482e-01
1.040062257086641351e-01 1.968855344768277449e-01
9.707346171337882801e-02 1.913906543601076871e-01
9.036800464548166989e-02 1.857532432428013469e-01
8.389154256793041053e-02 1.799784875559196085e-01
7.764570589541863743e-02 1.740716976690315221e-01
7.163206698392743377e-02 1.680383096560947587e-01
6.585213973489323358e-02 1.618838820354292773e-01
6.030737921409157209e-02 1.556140874311412181e-01
5.499918128533154427e-02 1.492346993164028746e-01
4.992888225905456334e-02 1.427515741999437759e-01
4.509775855592612626e-02 1.361706297995826931e-01
4.050702638550263135e-02 1.294978199050892398e-01
3.615784144005795842e-02 1.227391067625212273e-01
3.205129860364375194e-02 1.159004319098324853e-01
2.818843167645834757e-02 1.089876864565594849e-01
2.457021311459295365e-02 1.020066818274307785e-01
2.119755378522125699e-02 9.496312198067338728e-02
1.807130273729329328e-02 8.786257806758300537e-02
1.519224698779197968e-02 8.071046642266208049e-02
1.256111132360571148e-02 7.351203066636356753e-02
1.017855811906731578e-02 6.627232856916523418e-02
8.045187169204659483e-03 5.899622417103003030e-02
6.161535538745877005e-03 5.168838547959248020e-02
4.528077426915411152e-03 4.435328788934781580e-02
3.145224048057615462e-03 3.699522327873036587e-02
2.013323528115562588e-03 2.961831455823141918e-02
1.132660816992037134e-03 2.222653526662005802e-02
5.034576168149174080e-04 1.482373364949055375e-02
1.258723261249317105e-04 7.413660509963784610e-03
0.000000000000000000e+00 0.000000000000000000e+00
1.258723261249317105e-04 -7.135520135804876256e-03
5.034576168149174080e-04 -1.425321619087578130e-02
1.132660816992037134e-03 -2.133542396664982188e-02
2.013323528115562588e-03 -2.836491920844605441e-02
3.145224048057615462e-03 -3.532512347713739898e-02
4.528077426915411152e-03 -4.220029354400434835e-02
6.161535538745877005e-03 -4.897568955759220438e-02
8.045187169204659483e-03 -5.563771783929008508e-02
1.017855811906731578e-02 -6.217404489090326558e-02
1.256111132360571148e-02 -6.857368002186756129e-02
1.519224698779197968e-02 -7.482702490225577596e-02
1.807130273729329328e-02 -8.092588929440470980e-02
2.119755378522125699e-02 -8.686347318350662317e-02
2.457021311459295365e-02 -9.263431648769097915e-02
2.818843167645834757e-02 -9.823421845296378963e-02
3.205129860364375194e-02 -1.036601297006796568e-01
3.615784144005795842e-02 -1.089100206694644524e-01
4.050702638550263135e-02 -1.139827308565320857e-01
4.509775855592612626e-02 -1.188778037950551231e-01
4.992888225905456334e-02 -1.235953130882202766e-01
5.499918128533154427e-02 -1.281356850445773687e-01
6.030737921409157209e-02 -1.324995235155701778e-01
6.585213973489323358e-02 -1.366874424218967321e-01
7.163206698392743377e-02 -1.406999111727063323e-01
7.764570589541863743e-02 -1.445371177377834937e-01
8.389154256793041053e-02 -1.481988535397927298e-01
9.036800464548166989e-02 -1.516844236080064356e-01
9.707346171337882801e-02 -1.549925845975433925e-01
1.040062257086641351e-01 -1.581215123535147093e-01
1.111645513450765232e-01 -1.610687997151652173e-01
1.185466365524179277e-01 -1.638314842409627492e-01
1.261506229302150617e-01 -1.664061045229588975e-01
1.339745962155614034e-01 -1.687887827795662155e-01
1.420165867650229341e-01 -1.709753305017842062e-01
1.502745700504856119e-01 -1.729613731092352058e-01
1.587464671688187945e-01 -1.747424888773435048e-01
1.674301453652287108e-01 -1.763143568507337944e-01
1.763234185701672008e-01 -1.776729080816926987e-01
1.854240479496642724e-01 -1.788144743429277983e-01
1.947297424689413692e-01 -1.797359284722106487e-01
2.042381594691679014e-01 -1.804348107183302574e-01
2.139469052572124941e-01 -1.809094358725167051e-01
2.238535357082431787e-01 -1.811589765801100704e-01
2.339555568810219865e-01 -1.811835190203903156e-01
2.442504256457417311e-01 -1.809840880984870948e-01
2.547355503242452190e-01 -1.805626403865738805e-01
2.654082913424666845e-01 -1.799220242510994605e-01
2.762659618949298013e-01 -1.790659078728396580e-01
2.873058286211370715e-01 -1.779986771673565393e-01
2.985251122936787294e-01 -1.767253069024100898e-01
3.099209885178879631e-01 -1.752512095415182103e-01
3.214905884428678196e-01 -1.735820674741776759e-01
3.332309994837083789e-01 -1.717236552789213888e-01
3.451392660547150104e-01 -1.696816594631293529e-01
3.572123903134606371e-01 -1.674615036945327207e-01
3.694473329154774888e-01 -1.650681878496094712e-01
3.818410137793947223e-01 -1.625061492256469897e-01
3.943903128623333920e-01 -1.597791539755066825e-01
4.070920709453594855e-01 -1.568902262148489102e-01
4.199430904288018462e-01 -1.538416213178638303e-01
4.329401361372292589e-01 -1.506348486666013453e-01
4.460799361338897429e-01 -1.472707475685981204e-01
4.593591825444023335e-01 -1.437496182363705577e-01
4.727745323894976259e-01 -1.400714076701146671e-01
4.863226084265935834e-01 -1.362359480519455546e-01
5.000000000000001110e-01 -1.322432429066815462e-01
5.138032638995313484e-01 -1.280937938803108911e-01
5.277289252273172915e-01 -1.237889586108511658e-01
5.417734782725895926e-01 -1.193313279021094853e-01
5.559333873942259308e-01 -1.147251083488000645e-01
5.702050879108284676e-01 -1.099764947947603766e-01
5.845849869981135649e-01 -1.050940156289362076e-01
5.990694645933862805e-01 -1.000888330295450629e-01
6.136548743068714895e-01 -9.497497994496850726e-02
6.283375443396724824e-01 -8.976951593397504425e-02
6.431137784081281117e-01 -8.449258505270594577e-02
6.579798566743311206e-01 -7.916736083517746103e-02
6.729320366825783939e-01 -7.381986611792226705e-02
6.879665543015128781e-01 -6.847865904191798025e-02
7.030796246717250231e-01 -6.317438104209305294e-02
7.182674431585703845e-01 -5.793916800242151360e-02
7.335261863099650226e-01 -5.280593198720535952e-02
7.488520128189207758e-01 -4.780752800802323677e-02
7.642410644905727191e-01 -4.297582807864466087e-02
7.796894672134594417e-01 -3.834073325043333563e-02
7.951933319348093443e-01 -3.392916328774783080e-02
8.107487556395898132e-01 -2.976407299234503506e-02
8.263518223330695855e-01 -2.586355375107364518e-02
8.419986040266501659e-01 -2.224008847456243956e-02
8.576851617267149397e-01 -1.890003750975735933e-02
8.734075464262507360e-01 -1.584344212350666942e-02
8.891618000989889303e-01 -1.306424053243513544e-02
9.049439566958173975e-01 -1.055099895121813271e-02
9.207500431432115162e-01 -8.288266496880464587e-03
9.365760803434354242e-01 -6.258667769795413054e-03
9.524180841762578398e-01 -4.445850285343381190e-03
9.682720665019324269e-01 -2.838405415149349367e-03
9.841340361651920166e-01 -1.434880888769224372e-03
9.999999999999998890e-01 -2.500000000000074320e-04
