9.999999999999998890e-01 2.500000000000757909e-04
9.841340361651920166e-01 1.106166460960927161e-02
9.682720665019324269e-01 2.178595653025225745e-02
9.524180841762578398e-01 3.236763693257328073e-02
9.365760803434354242e-01 4.276987530308721391e-02
9.207500431432115162e-01 5.297011383863756834e-02
9.049439566958173975e-01 6.295653658232179539e-02
8.891618000989889303e-01 7.272509933423647321e-02
8.734075464262507360e-01 8.227707358237891511e-02
8.576851617267149397e-01 9.161705596853625400e-02
8.419986040266501659e-01 1.007513940566842764e-01
8.263518223330695855e-01 1.096869793229757611e-01
8.107487556395898132e-01 1.184303592445582615e-01
7.951933319348093443e-01 1.269871220312502047e-01
7.796894672134594417e-01 1.353615098178669873e-01
7.642410644905727191e-01 1.435562189124910959e-01
7.488520128189207758e-01 1.515723488742628522e-01
7.335261863099650226e-01 1.594094656725162928e-01
7.182674431585703845e-01 1.670657478602010915e-01
7.030796246717250231e-01 1.745381884866569200e-01
6.879665543015128781e-01 1.818228292925317402e-01
6.729320366825783939e-01 1.889150074951261027e-01
6.579798566743311206e-01 1.958095991162380756e-01
6.431137784081281117e-01 2.025012462662759971e-01
6.283375443396724824e-01 2.089845590270369979e-01
6.136548743068714895e-01 2.152542855298409386e-01
5.990694645933862805e-01 2.213054464740862037e-01
5.845849869981135649e-01 2.271334326516643576e-01
5.702050879108284676e-01 2.327340660221507984e-01
5.559333873942259308e-01 2.381036265180172529e-01
5.417734782725895926e-01 2.432388480520784046e-01
5.277289252273172915e-01 2.481368881620194533e-01
5.138032638995313484e-01 2.527952763765959898e-01
5.000000000000001110e-01 2.572118467478932691e-01
4.863226084265935834e-01 2.613846600913107832e-01
4.727745323894976259e-01 2.653119213406622268e-01
4.593591825444023335e-01 2.689918970934426223e-01
4.460799361338897429e-01 2.724228379259010513e-01
4.329401361372292589e-01 2.756029094347060004e-01
4.199430904288018462e-01 2.785301352469795599e-01
4.070920709453594855e-01 2.812023544675285591e-01
3.943903128623333920e-01 2.836171952335288515e-01
3.818410137793947223e-01 2.857720652526011262e-01
3.694473329154774888e-01 2.876641594369619970e-01
3.572123903134606371e-01 2.892904840375281617e-01
3.451392660547150104e-01 2.906478960470746942e-01
3.332309994837083789e-01 2.917331560964601667e-01
3.214905884428678196e-01 2.925429926240462608e-01
3.099209885178879631e-01 2.930741747632976679e-01
2.985251122936787294e-01 2.933235911706604804e-01
2.873058286211370715e-01 2.932883319050276216e-01
2.762659618949298013e-01 2.929657704677054442e-01
2.654082913424666845e-01 2.923536432110623862e-01
2.547355503242452190e-01 2.914501235154547953e-01
2.442504256457417311e-01 2.902538884058820656e-01
2.339555568810219865e-01 2.887641756186081210e-01
2.238535357082431787e-01 2.869808295189296143e-01
2.139469052572124941e-01 2.849043346988580083e-01
2.042381594691679014e-01 2.825358365318881848e-01
1.947297424689413692e-01 2.798771484156747369e-01
1.854240479496642724e-01 2.769307458773836994e-01
1.763234185701672008e-01 2.736997481368217411e-01
1.674301453652287108e-01 2.701878881067109606e-01
1.587464671688187945e-01 2.663994721468472271e-01
1.502745700504856119e-01 2.623393311705461972e-01
1.420165867650229341e-01 2.580127649209485452e-01
1.339745962155614034e-01 2.534254813869248890e-01
1.261506229302150617e-01 2.485835334111796135e-01
1.185466365524179277e-01 2.434932545566350914e-01
1.111645513450765232e-01 2.381611962433465846e-01
1.040062257086641351e-01 2.325940680511092706e-01
9.707346171337882801e-02 2.267986829084182587e-01
9.036800464548166989e-02 2.207819086639348782e-01
8.389154256793041053e-02 2.145506272707967677e-01
7.764570589541863743e-02 2.081117025166563939e-01
7.163206698392743377e-02 2.014719569135976496e-01
6.585213973489323358e-02 1.946381580327464500e-01
6.030737921409157209e-02 1.876170142391640205e-01
5.499918128533154427e-02 1.804151794638984563e-01
4.992888225905456334e-02 1.730392663516761298e-01
4.509775855592612626e-02 1.654958668535636557e-01
4.050702638550263135e-02 1.577915791018383307e-01
3.615784144005795842e-02 1.499330392157783853e-01
3.205129860364375194e-02 1.419269565471003580e-01
2.818843167645834757e-02 1.337801507857839800e-01
2.457021311459295365e-02 1.254995893127414386e-01
2.119755378522125699e-02 1.170924232053002501e-01
1.807130273729329328e-02 1.085660203731583368e-01
1.519224698779197968e-02 9.992799442318363312e-02
1.256111132360571148e-02 9.118622801652929988e-02
1.017855811906731578e-02 8.234888968509473939e-02
8.045187169204659483e-03 7.342444330935483932e-02
6.161535538745877005e-03 6.442164971810976359e-02
4.528077426915411152e-03 5.534956014421506254e-02
3.145224048057615462e-03 4.621750154998374022e-02
2.013323528115562588e-03 3.703505411263267183e-02
1.132660816992037134e-03 2.781202142511983444e-02
5.034576168149174080e-04 1.855839421254172963e-02
1.258723261249317105e-04 9.284308581228715995e-03
0.000000000000000000e+00 0.000000000000000000e+00
1.258723261249317105e-04 -9.144636861793271551e-03
5.034576168149174080e-04 -1.827234193748140945e-02
1.132660816992037134e-03 -2.736630946185650629e-02
2.013323528115562588e-03 -3.641010715331854247e-02
3.145224048057615462e-03 -4.538785196367274566e-02
4.528077426915411152e-03 -5.428437294989256479e-02
6.161535538745877005e-03 -6.308535750243515761e-02
8.045187169204659483e-03 -7.177747759863965793e-02
1.017855811906731578e-02 -8.034849327016989340e-02
1.256111132360571148e-02 -8.878733106658748264e-02
1.519224698779197968e-02 -9.708413594722754836e-02
1.807130273729329328e-02 -1.052302957232612440e-01
2.119755378522125699e-02 -1.132184378828912236e-01
2.457021311459295365e-02 -1.210423993460020137e-01
2.818843167645834757e-02 -1.286971703912854759e-01
3.205129860364375194e-02 -1.361788146602107841e-01
3.615784144005795842e-02 -1.434843677504947512e-01
4.050702638550263135e-02 -1.506117174505911260e-01
4.509775855592612626e-02 -1.575594691216466448e-01
4.992888225905456334e-02 -1.643268000920483918e-01
5.499918128533154427e-02 -1.709133071823920602e-01
6.030737921409157209e-02 -1.773188516185165708e-01
6.585213973489323358e-02 -1.835434056133493363e-01
7.163206698392743377e-02 -1.895869048039685589e-01
7.764570589541863743e-02 -1.954491105210795499e-01
8.389154256793041053e-02 -2.011294855496818246e-01
9.036800464548166989e-02 -2.066270866208272938e-01
9.707346171337882801e-02 -2.119404763666000446e-01
1.040062257086641351e-01 -2.170676568878870949e-01
1.111645513450765232e-01 -2.220060264434534358e-01
1.185466365524179277e-01 -2.267523600873325718e-01
1.261506229302150617e-01 -2.313028143789225555e-01
1.339745962155614034e-01 -2.356529555865333192e-01
1.420165867650229341e-01 -2.397978101207698942e-01
1.502745700504856119e-01 -2.437319352890066071e-01
1.587464671688187945e-01 -2.474495078753692900e-01
1.674301453652287108e-01 -2.509444275396504609e-01
1.763234185701672008e-01 -2.542104316090458838e-01
1.854240479496642724e-01 -2.572412175216387542e-01
1.947297424689413692e-01 -2.600305689804089382e-01
2.042381594691679014e-01 -2.625724817982196813e-01
2.139469052572124941e-01 -2.648612854612123479e-01
2.238535357082431787e-01 -2.668917566101420835e-01
2.339555568810219865e-01 -2.686592209324152325e-01
2.442504256457417311e-01 -2.701596403642385069e-01
2.547355503242452190e-01 -2.713896830109682190e-01
2.654082913424666845e-01 -2.723467737897028451e-01
2.762659618949298013e-01 -2.730291244635421055e-01
2.873058286211370715e-01 -2.734357424512437462e-01
2.985251122936787294e-01 -2.735664185366400991e-01
3.099209885178879631e-01 -2.734216943449836457e-01
3.214905884428678196e-01 -2.730028111733643903e-01
3.332309994837083789e-01 -2.723116424343589581e-01
3.451392660547150104e-01 -2.713506125715781647e-01
3.572123903134606371e-01 -2.701226058096626303e-01
3.694473329154774888e-01 -2.686308684885334586e-01
3.818410137793947223e-01 -2.668789089842805162e-01
3.943903128623333920e-01 -2.648703993225115516e-01
4.070920709453594855e-01 -2.626090825341175217e-01
4.199430904288018462e-01 -2.600986895828744649e-01
4.329401361372292589e-01 -2.573428693090895614e-01
4.460799361338897429e-01 -2.543451342892004696e-01
4.593591825444023335e-01 -2.511088248193651395e-01
4.727745323894976259e-01 -2.476370924090896541e-01
4.863226084265935834e-01 -2.439329032421594101e-01
5.000000000000001110e-01 -2.399990610555596260e-01
5.138032638995313484e-01 -2.358382478369231705e-01
5.277289252273172915e-01 -2.314530796862532547e-01
5.417734782725895926e-01 -2.268461741711480517e-01
5.559333873942259308e-01 -2.220202245725060586e-01
5.702050879108284676e-01 -2.169780756178447401e-01
5.845849869981135649e-01 -2.117227946810178174e-01
5.990694645933862805e-01 -2.062577320391148494e-01
6.136548743068714895e-01 -2.005865636669663943e-01
6.283375443396724824e-01 -1.947133102613158306e-01
6.431137784081281117e-01 -1.886423267603873632e-01
6.579798566743311206e-01 -1.823782575946154005e-01
6.729320366825783939e-01 -1.759259542979177138e-01
6.879665543015128781e-01 -1.692903539449893968e-01
7.030796246717250231e-01 -1.624763191679281793e-01
7.182674431585703845e-01 -1.554884432437450281e-01
7.335261863099650226e-01 -1.483308269200341312e-01
7.488520128189207758e-01 -1.410068372341015119e-01
7.642410644905727191e-01 -1.335188625432104370e-01
7.796894672134594417e-01 -1.258680822692721524e-01
7.951933319348093443e-01 -1.180542744062431926e-01
8.107487556395898132e-01 -1.100756885658286804e-01
8.263518223330695855e-01 -1.019290171577846016e-01
8.419986040266501659e-01 -9.360950211472207627e-02
8.576851617267149397e-01 -8.511121926719845965e-02
8.734075464262507360e-01 -7.642758693358477073e-02
8.891618000989889303e-01 -6.755214938422235416e-02
9.049439566958173975e-01 -5.847968943908495032e-02
9.207500431432115162e-01 -4.920772742804017247e-02
9.365760803434354242e-01 -3.973846594784153502e-02
9.524180841762578398e-01 -3.008124115730357803e-02
9.682720665019324269e-01 -2.025554163364366028e-02
9.841340361651920166e-01 -1.029465494832334030e-02
9.999999999999998890e-01 -2.500000000000704241e-04
