9.999999999999998890e-01 2.500000000001489204e-04
9.841340361651920166e-01 2.133934777940977093e-02
9.682720665019324269e-01 4.174529586339868065e-02
9.524180841762578398e-01 6.113529516648087692e-02
9.365760803434354242e-01 7.930124929633547426e-02
9.207500431432115162e-01 9.613422281181668860e-02
9.049439566958173975e-01 1.116023435745165798e-01
8.891618000989889303e-01 1.257317258680512584e-01
8.734075464262507360e-01 1.385902202604909761e-01
8.576851617267149397e-01 1.502737805955439709e-01
8.419986040266501659e-01 1.608952277658000085e-01
8.263518223330695855e-01 1.705751837402170734e-01
8.107487556395898132e-01 1.794349473358308189e-01
7.951933319348093443e-01 1.875910850513837491e-01
7.796894672134594417e-01 1.951515155015800806e-01
7.642410644905727191e-01 2.022128741697536980e-01
7.488520128189207758e-01 2.088589558887391229e-01
7.335261863099650226e-01 2.151600452178963896e-01
7.182674431585703845e-01 2.211729592678865208e-01
7.030796246717250231e-01 2.269416431064570916e-01
6.879665543015128781e-01 2.324981742502325588e-01
6.729320366825783939e-01 2.378640495265298971e-01
6.579798566743311206e-01 2.430516444225372108e-01
6.431137784081281117e-01 2.480657516075347180e-01
6.283375443396724824e-01 2.529051213345471782e-01
6.136548743068714895e-01 2.575639416569416307e-01
5.990694645933862805e-01 2.620332106290124696e-01
5.845849869981135649e-01 2.663019657337518664e-01
5.702050879108284676e-01 2.703583475719031903e-01
5.559333873942259308e-01 2.741904852688585303e-01
5.417734782725895926e-01 2.777872000617274684e-01
5.277289252273172915e-01 2.811385311042466362e-01
5.138032638995313484e-01 2.842360936900623636e-01
5.000000000000001110e-01 2.870732848916262014e-01
4.863226084265935834e-01 2.896453551136269344e-01
4.727745323894976259e-01 2.919493663586383292e-01
4.593591825444023335e-01 2.939840592076650716e-01
4.460799361338897429e-01 2.957496507517220485e-01
4.329401361372292589e-01 2.972475851038506311e-01
4.199430904288018462e-01 2.984802568107207121e-01
4.070920709453594855e-01 2.994507256075502055e-01
3.943903128623333920e-01 3.001624386561940749e-01
3.818410137793947223e-01 3.006189738058765437e-01
3.694473329154774888e-01 3.008238146437136051e-01
3.572123903134606371e-01 3.007801652727125630e-01
3.451392660547150104e-01 3.004908099715024594e-01
3.332309994837083789e-01 2.999580202427439835e-01
3.214905884428678196e-01 2.991835093218646602e-01
3.099209885178879631e-01 2.981684320556448609e-01
2.985251122936787294e-01 2.969134262173628303e-01
2.873058286211370715e-01 2.954186898330558586e-01
2.762659618949298013e-01 2.936840879689951445e-01
2.654082913424666845e-01 2.917092816773240171e-01
2.547355503242452190e-01 2.894938714062302854e-01
2.442504256457417311e-01 2.870375471333483364e-01
2.339555568810219865e-01 2.843402377471373477e-01
2.238535357082431787e-01 2.814022527438997390e-01
2.139469052572124941e-01 2.782244100849203261e-01
2.042381594691679014e-01 2.748081450217681465e-01
1.947297424689413692e-01 2.711555957984619902e-01
1.854240479496642724e-01 2.672696633265466692e-01
1.763234185701672008e-01 2.631540431535914770e-01
1.674301453652287108e-01 2.588132292599829021e-01
1.587464671688187945e-01 2.542524903795094771e-01
1.502745700504856119e-01 2.494778206073057503e-01
1.420165867650229341e-01 2.444958670010087820e-01
1.339745962155614034e-01 2.393138376706891723e-01
1.261506229302150617e-01 2.339393944701971817e-01
1.185466365524179277e-01 2.283805348340563479e-01
1.111645513450765232e-01 2.226454675440233955e-01
1.040062257086641351e-01 2.167424872588507578e-01
9.707346171337882801e-02 2.106798525070502082e-01
9.036800464548166989e-02 2.044656715388397383e-01
8.389154256793041053e-02 1.981077999784433830e-01
7.764570589541863743e-02 1.916137536342825687e-01
7.163206698392743377e-02 1.849906391385457149e-01
6.585213973489323358e-02 1.782451043277264724e-01
6.030737921409157209e-02 1.713833094719285355e-01
5.499918128533154427e-02 1.644109196433378162e-01
4.992888225905456334e-02 1.573331177128937663e-01
4.509775855592612626e-02 1.501546367068664345e-01
4.050702638550263135e-02 1.428798095673474988e-01
3.615784144005795842e-02 1.355126337649611989e-01
3.205129860364375194e-02 1.280568477268921590e-01
2.818843167645834757e-02 1.205160156828546103e-01
2.457021311459295365e-02 1.128936173053894099e-01
2.119755378522125699e-02 1.051931384335900860e-01
1.807130273729329328e-02 9.741815922081434320e-02
1.519224698779197968e-02 8.957243623221464168e-02
1.256111132360571148e-02 8.165997532758038913e-02
1.017855811906731578e-02 7.368509258554616081e-02
8.045187169204659483e-03 6.565246103962213420e-02
6.161535538745877005e-03 5.756714158479974558e-02
4.528077426915411152e-03 4.943459705345884525e-02
3.145224048057615462e-03 4.126068912737217848e-02
2.013323528115562588e-03 3.305165842441482038e-02
1.132660816992037134e-03 2.481408875009010612e-02
5.034576168149174080e-04 1.655485711196854129e-02
1.258723261249317105e-04 8.281071638162849913e-03
0.000000000000000000e+00 0.000000000000000000e+00
1.258723261249317105e-04 -7.884677701676124847e-03
5.034576168149174080e-04 -1.575283708004638836e-02
1.132660816992037134e-03 -2.358802542002735869e-02
2.013323528115562588e-03 -3.137404523670222350e-02
3.145224048057615462e-03 -3.909507723180069561e-02
4.528077426915411152e-03 -4.673579770574234210e-02
6.161535538745877005e-03 -5.428148867025058000e-02
8.045187169204659483e-03 -6.171813898809277998e-02
1.017855811906731578e-02 -6.903253497031683339e-02
1.256111132360571148e-02 -7.621233898841141274e-02
1.519224698779197968e-02 -8.324615480999685013e-02
1.807130273729329328e-02 -9.012357854255595435e-02
2.119755378522125699e-02 -9.683523427067335099e-02
2.457021311459295365e-02 -1.033727936979648571e-01
2.818843167645834757e-02 -1.097289793545042774e-01
3.205129860364375194e-02 -1.158975512024125326e-01
3.615784144005795842e-02 -1.218732767638622677e-01
4.050702638550263135e-02 -1.276518852035999907e-01
4.509775855592612626e-02 -1.332300061177591755e-01
4.992888225905456334e-02 -1.386050941068004971e-01
5.499918128533154427e-02 -1.437753405364835257e-01
6.030737921409157209e-02 -1.487395742095870554e-01
6.585213973489323358e-02 -1.534971529746486374e-01
7.163206698392743377e-02 -1.580478485776555253e-01
7.764570589541863743e-02 -1.623917273094301339e-01
8.389154256793041053e-02 -1.665290292062488464e-01
9.036800464548166989e-02 -1.704600487150208510e-01
9.707346171337882801e-02 -1.741850198285644080e-01
1.040062257086641351e-01 -1.777040087233224819e-01
1.111645513450765232e-01 -1.810168168845272541e-01
1.185466365524179277e-01 -1.841228975770200782e-01
1.261506229302150617e-01 -1.870212883100607626e-01
1.339745962155614034e-01 -1.897105616499325520e-01
1.420165867650229341e-01 -1.921887963556771772e-01
1.502745700504856119e-01 -1.944535703540681837e-01
1.587464671688187945e-01 -1.965019765358294868e-01
1.674301453652287108e-01 -1.983306617547377082e-01
1.763234185701672008e-01 -1.999358887560292730e-01
1.854240479496642724e-01 -2.013136200645842533e-01
1.947297424689413692e-01 -2.024596221433915544e-01
2.042381594691679014e-01 -2.033695874078696175e-01
2.139469052572124941e-01 -2.040392709727936182e-01
2.238535357082431787e-01 -2.044646383385465560e-01
2.339555568810219865e-01 -2.046420196159504934e-01
2.442504256457417311e-01 -2.045682653683501273e-01
2.547355503242452190e-01 -2.042408987400878839e-01
2.654082913424666845e-01 -2.036582582653533591e-01
2.762659618949298013e-01 -2.028196256323337443e-01
2.873058286211370715e-01 -2.017253327339603719e-01
2.985251122936787294e-01 -2.003768425844743295e-01
3.099209885178879631e-01 -1.987767991326425676e-01
3.214905884428678196e-01 -1.969290416651336140e-01
3.332309994837083789e-01 -1.948385803692009866e-01
3.451392660547150104e-01 -1.925115307081920468e-01
3.572123903134606371e-01 -1.899550055456223352e-01
3.694473329154774888e-01 -1.871769654156176799e-01
3.818410137793947223e-01 -1.841860289540510065e-01
3.943903128623333920e-01 -1.809912472427375740e-01
4.070920709453594855e-01 -1.776018476381832079e-01
4.199430904288018462e-01 -1.740269545088580228e-01
4.329401361372292589e-01 -1.702752961362199169e-01
4.460799361338897429e-01 -1.663549087838673279e-01
4.593591825444023335e-01 -1.622728505399974319e-01
4.727745323894976259e-01 -1.580349389201070875e-01
4.863226084265935834e-01 -1.536455273057591719e-01
5.000000000000001110e-01 -1.491073360156550398e-01
5.138032638995313484e-01 -1.444213540814577867e-01
5.277289252273172915e-01 -1.395868275586137075e-01
5.417734782725895926e-01 -1.346013493711023801e-01
5.559333873942259308e-01 -1.294610642032606174e-01
5.702050879108284676e-01 -1.241609997536771010e-01
5.845849869981135649e-01 -1.186955327072017341e-01
5.990694645933862805e-01 -1.130589940244144942e-01
6.136548743068714895e-01 -1.072464135699900539e-01
6.283375443396724824e-01 -1.012543986941321639e-01
6.431137784081281117e-01 -9.508213515354593803e-02
6.579798566743311206e-01 -8.873249173773475884e-02
6.729320366825783939e-01 -8.221320220004629808e-02
6.879665543015128781e-01 -7.553808964898064970e-02
7.030796246717250231e-01 -6.872828952340706565e-02
7.182674431585703845e-01 -6.181341776691343104e-02
7.335261863099650226e-01 -5.483262096458894896e-02
7.488520128189207758e-01 -4.783543516435655174e-02
7.642410644905727191e-01 -4.088237004895683979e-02
7.796894672134594417e-01 -3.404512524703435378e-02
7.951933319348093443e-01 -2.740633608260152621e-02
8.107487556395898132e-01 -2.105873718608617176e-02
8.263518223330695855e-01 -1.510362436361292575e-02
8.419986040266501659e-01 -9.648488189037586135e-03
8.576851617267149397e-01 -4.803687195380167835e-03
8.734075464262507360e-01 -6.780245494147361983e-04
8.891618000989889303e-01 2.626910057379220394e-03
9.049439566958173975e-01 5.023771637142169545e-03
9.207500431432115162e-01 6.448000349344371745e-03
9.365760803434354242e-01 6.868002499045474871e-03
9.524180841762578398e-01 6.297095968033526552e-03
9.682720665019324269e-01 4.807333633443861172e-03
9.841340361651920166e-01 2.545305015102425263e-03
9.999999999999998890e-01 -2.499999999999792969e-04
