9.999999999999998890e-01 2.500000000000242913e-04
9.841340361651920166e-01 3.055869668631146230e-03
9.682720665019324269e-01 4.910702252805389766e-03
9.524180841762578398e-01 6.261206723275692006e-03
9.365760803434354242e-01 7.408754233125125141e-03
9.207500431432115162e-01 8.542378378475219691e-03
9.049439566958173975e-01 9.766757357299553702e-03
8.891618000989889303e-01 1.112557274992685176e-02
8.734075464262507360e-01 1.262065930215664281e-02
8.576851617267149397e-01 1.422737073676783558e-02
8.419986040266501659e-01 1.590658895566769357e-02
8.263518223330695855e-01 1.761379880816920165e-02
8.107487556395898132e-01 1.930563873785058962e-02
7.951933319348093443e-01 2.094431997075359500e-02
7.796894672134594417e-01 2.250028438491833913e-02
7.642410644905727191e-01 2.395344472513866174e-02
7.488520128189207758e-01 2.529332130630929792e-02
7.335261863099650226e-01 2.651835766648118209e-02
7.182674431585703845e-01 2.763466462902930409e-02
7.030796246717250231e-01 2.865440870168876192e-02
6.879665543015128781e-01 2.959402740476713839e-02
6.729320366825783939e-01 3.047242163564930009e-02
6.579798566743311206e-01 3.130924411694539777e-02
6.431137784081281117e-01 3.212337383276910735e-02
6.283375443396724824e-01 3.293163953655106613e-02
6.136548743068714895e-01 3.374783123174306815e-02
5.990694645933862805e-01 3.458201721414532609e-02
5.845849869981135649e-01 3.544016596733397251e-02
5.702050879108284676e-01 3.632405698620920498e-02
5.559333873942259308e-01 3.723145245822723909e-02
5.417734782725895926e-01 3.815649257884037859e-02
5.277289252273172915e-01 3.909027097709714266e-02
5.138032638995313484e-01 4.002154308609447847e-02
5.000000000000001110e-01 4.093751907339961832e-02
4.863226084265935834e-01 4.182469387559987345e-02
4.727745323894976259e-01 4.266966965949734597e-02
4.593591825444023335e-01 4.345993034368633018e-02
4.460799361338897429e-01 4.418453333361106045e-02
4.329401361372292589e-01 4.483469002609789117e-02
4.199430904288018462e-01 4.540421360915834065e-02
4.070920709453594855e-01 4.588981991800830662e-02
3.943903128623333920e-01 4.629127432854433788e-02
3.818410137793947223e-01 4.661138462145426875e-02
3.694473329154774888e-01 4.685584621128872918e-02
3.572123903134606371e-01 4.703295191714898515e-02
3.451392660547150104e-01 4.715318340381326884e-02
3.332309994837083789e-01 4.722870543071987226e-02
3.214905884428678196e-01 4.727278703602492971e-02
3.099209885178879631e-01 4.729917571617729688e-02
2.985251122936787294e-01 4.732145153618100286e-02
2.873058286211370715e-01 4.735238795345806523e-02
2.762659618949298013e-01 4.740334502081250401e-02
2.654082913424666845e-01 4.748371863989110653e-02
2.547355503242452190e-01 4.760046677662092135e-02
2.442504256457417311e-01 4.775773015320506493e-02
2.339555568810219865e-01 4.795656103935978798e-02
2.238535357082431787e-01 4.819476952892629701e-02
2.139469052572124941e-01 4.846689226068128659e-02
2.042381594691679014e-01 4.876428407689094996e-02
1.947297424689413692e-01 4.907532875721955234e-02
1.854240479496642724e-01 4.938576085680353167e-02
1.763234185701672008e-01 4.967908694033277422e-02
1.674301453652287108e-01 4.993709124736714355e-02
1.587464671688187945e-01 5.014040813772294158e-02
1.502745700504856119e-01 5.026914161890879557e-02
1.420165867650229341e-01 5.030351089780704665e-02
1.339745962155614034e-01 5.022450025123401801e-02
1.261506229302150617e-01 5.001449157747406282e-02
1.185466365524179277e-01 4.965785875448320424e-02
1.111645513450765232e-01 4.914150435085071211e-02
1.040062257086641351e-01 4.845532125473393098e-02
9.707346171337882801e-02 4.759256432929125091e-02
9.036800464548166989e-02 4.655012018218074310e-02
8.389154256793041053e-02 4.532866645203944417e-02
7.764570589541863743e-02 4.393271555922391436e-02
7.163206698392743377e-02 4.237054152961133163e-02
6.585213973489323358e-02 4.065399216578948621e-02
6.030737921409157209e-02 3.879819239835495537e-02
5.499918128533154427e-02 3.682114799526662458e-02
4.992888225905456334e-02 3.474326184130419048e-02
4.509775855592612626e-02 3.258677763538132821e-02
4.050702638550263135e-02 3.037516801647783052e-02
3.615784144005795842e-02 2.813248575989533984e-02
3.205129860364375194e-02 2.588269774132894926e-02
2.818843167645834757e-02 2.364902182114023491e-02
2.457021311459295365e-02 2.145328664724091908e-02
2.119755378522125699e-02 1.931533362196884152e-02
1.807130273729329328e-02 1.725247895334183421e-02
1.519224698779197968e-02 1.527905185750241465e-02
1.256111132360571148e-02 1.340602265529778486e-02
1.017855811906731578e-02 1.164073178315606916e-02
8.045187169204659483e-03 9.986727699052835514e-03
6.161535538745877005e-03 8.443718399280134360e-03
4.528077426915411152e-03 7.007637867699612402e-03
3.145224048057615462e-03 5.670825356091039465e-03
2.013323528115562588e-03 4.422312042281416507e-03
1.132660816992037134e-03 3.248206429640432616e-03
5.034576168149174080e-04 2.132166929649239977e-03
1.258723261249317105e-04 1.055947493156447975e-03
0.000000000000000000e+00 0.000000000000000000e+00
1.258723261249317105e-04 4.092571095581369785e-04
5.034576168149174080e-04 8.396175193360651138e-04
1.132660816992037134e-03 1.311578210194050409e-03
2.013323528115562588e-03 1.844317531481641948e-03
3.145224048057615462e-03 2.455085030058114064e-03
4.528077426915411152e-03 3.158648639279146124e-03
6.161535538745877005e-03 3.966815692476734212e-03
8.045187169204659483e-03 4.888042047900826963e-03
1.017855811906731578e-02 5.927141010124424222e-03
1.256111132360571148e-02 7.085100781633615896e-03
1.519224698779197968e-02 8.359015963117295139e-03
1.807130273729329328e-02 9.742135235136669541e-03
2.119755378522125699e-02 1.122402389602360738e-02
2.457021311459295365e-02 1.279083650219838171e-02
2.818843167645834757e-02 1.442569155849942816e-02
3.205129860364375194e-02 1.610913713529991964e-02
3.615784144005795842e-02 1.781969353791681629e-02
4.050702638550263135e-02 1.953445680524930686e-02
4.509775855592612626e-02 2.122974494081312710e-02
4.992888225905456334e-02 2.288176743924001666e-02
5.499918128533154427e-02 2.446729790873321958e-02
6.030737921409157209e-02 2.596432943229040960e-02
6.585213973489323358e-02 2.735269276767518520e-02
7.163206698392743377e-02 2.861461855012843725e-02
7.764570589541863743e-02 2.973522630670556374e-02
8.389154256793041053e-02 3.070292527345772071e-02
9.036800464548166989e-02 3.150971466651558694e-02
9.707346171337882801e-02 3.215137412052282428e-02
1.040062257086641351e-01 3.262753838471878221e-02
1.111645513450765232e-01 3.294165395940482771e-02
1.185466365524179277e-01 3.310081905652621087e-02
1.261506229302150617e-01 3.311551196545641645e-02
1.339745962155614034e-01 3.299921648456337342e-02
1.420165867650229341e-01 3.276795642782334705e-02
1.502745700504856119e-01 3.243975422530431807e-02
1.587464671688187945e-01 3.203403120636454104e-02
1.674301453652287108e-01 3.157096919557603187e-02
1.763234185701672008e-01 3.107085448838505307e-02
1.854240479496642724e-01 3.055342604770107037e-02
1.947297424689413692e-01 3.003724983418196506e-02
2.042381594691679014e-01 2.953914053283068081e-02
2.139469052572124941e-01 2.907365056939545042e-02
2.238535357082431787e-01 2.865264424729038056e-02
2.339555568810219865e-01 2.828497212723247653e-02
2.442504256457417311e-01 2.797625748742701979e-02
2.547355503242452190e-01 2.772880293256730494e-02
2.654082913424666845e-01 2.754162107462619635e-02
2.762659618949298013e-01 2.741058881322017832e-02
2.873058286211370715e-01 2.732872023725024108e-02
2.985251122936787294e-01 2.728654870122422180e-02
3.099209885178879631e-01 2.727260435333558192e-02
3.214905884428678196e-01 2.727396946332559871e-02
3.332309994837083789e-01 2.727689046813881052e-02
3.451392660547150104e-01 2.726742286571506857e-02
3.572123903134606371e-01 2.723208307199248557e-02
3.694473329154774888e-01 2.715848022527994968e-02
3.818410137793947223e-01 2.703590076492543709e-02
3.943903128623333920e-01 2.685581949012417688e-02
4.070920709453594855e-01 2.661231275165665613e-02
4.199430904288018462e-01 2.630235244245669735e-02
4.329401361372292589e-01 2.592596349414927337e-02
4.460799361338897429e-01 2.548623258023529140e-02
4.593591825444023335e-01 2.498916155807408973e-02
4.727745323894976259e-01 2.444336569858789401e-02
4.863226084265935834e-01 2.385962376500764051e-02
5.000000000000001110e-01 2.325029428561198319e-02
5.138032638995313484e-01 2.262861966453075246e-02
5.277289252273172915e-01 2.200794680658212793e-02
5.417734782725895926e-01 2.140089939253237220e-02
5.559333873942259308e-01 2.081854251061949698e-02
5.702050879108284676e-01 2.026958470112878719e-02
5.845849869981135649e-01 1.975966527557468724e-02
5.990694645933862805e-01 1.929077571128566884e-02
6.136548743068714895e-01 1.886086269386174491e-02
6.283375443396724824e-01 1.846365670849141327e-02
6.431137784081281117e-01 1.808876372663761542e-02
6.579798566743311206e-01 1.772204830216029744e-02
6.729320366825783939e-01 1.734632413924366151e-02
6.879665543015128781e-01 1.694235284415992679e-02
7.030796246717250231e-01 1.649013311395717066e-02
7.182674431585703845e-01 1.597044111353145696e-02
7.335261863099650226e-01 1.536655839540864918e-02
7.488520128189207758e-01 1.466609665629899605e-02
7.642410644905727191e-01 1.386279922113300457e-02
7.796894672134594417e-01 1.295816780729664060e-02
7.951933319348093443e-01 1.196273034499969155e-02
8.107487556395898132e-01 1.089673199443884008e-02
8.263518223330695855e-01 9.789997666565748713e-03
8.419986040266501659e-01 8.680681054499388496e-03
8.576851617267149397e-01 7.612583213557111254e-03
8.734075464262507360e-01 6.630693939403026725e-03
8.891618000989889303e-01 5.774582476558254122e-03
9.049439566958173975e-01 5.069241360673193073e-03
9.207500431432115162e-01 4.512969385575285597e-03
9.365760803434354242e-01 4.061867712082096668e-03
9.524180841762578398e-01 3.610517897621370181e-03
9.682720665019324269e-01 2.968412978508898174e-03
9.841340361651920166e-01 1.831723472649541846e-03
9.999999999999998890e-01 -2.499999999999807606e-04
