9.999999999999998890e-01 2.500000000001043597e-04
9.841340361651920166e-01 1.498012906264047095e-02
9.682720665019324269e-01 2.929574948228472198e-02
9.524180841762578398e-01 4.313265794041546558e-02
9.365760803434354242e-01 5.643433467461528991e-02
9.207500431432115162e-01 6.915333929052930317e-02
9.049439566958173975e-01 8.125216097210573307e-02
8.891618000989889303e-01 9.270359162565156019e-02
8.734075464262507360e-01 1.034906904043196990e-01
8.576851617267149397e-01 1.136064068186375259e-01
8.419986040266501659e-01 1.230529273664079104e-01
8.263518223330695855e-01 1.318408074410699071e-01
8.107487556395898132e-01 1.399879463363780385e-01
7.951933319348093443e-01 1.475184585950660432e-01
7.796894672134594417e-01 1.544614898883910903e-01
7.642410644905727191e-01 1.608500201984590372e-01
7.488520128189207758e-01 1.667196914379930617e-01
7.335261863099650226e-01 1.721076909083210926e-01
7.182674431585703845e-01 1.770517162831574121e-01
7.030796246717250231e-01 1.815890422207769861e-01
6.879665543015128781e-01 1.857557033468230367e-01
6.729320366825783939e-01 1.895858032985522357e-01
6.579798566743311206e-01 1.931109548501989681e-01
6.431137784081281117e-01 1.963598519064594650e-01
6.283375443396724824e-01 1.993579704014770693e-01
6.136548743068714895e-01 2.021273919054000501e-01
5.990694645933862805e-01 2.046867410378175600e-01
5.845849869981135649e-01 2.070512256229045667e-01
5.702050879108284676e-01 2.092327668890385517e-01
5.559333873942259308e-01 2.112402058993744780e-01
5.417734782725895926e-01 2.130795717731961969e-01
5.277289252273172915e-01 2.147543970862595131e-01
5.138032638995313484e-01 2.162660660802513957e-01
5.000000000000001110e-01 2.176141819197260907e-01
4.863226084265935834e-01 2.187969401580374673e-01
4.727745323894976259e-01 2.198114967576801915e-01
4.593591825444023335e-01 2.206543203994557889e-01
4.460799361338897429e-01 2.213215203533101805e-01
4.329401361372292589e-01 2.218091428169898238e-01
4.199430904288018462e-01 2.221134303046149727e-01
4.070920709453594855e-01 2.222310403369359699e-01
3.943903128623333920e-01 2.221592213037310026e-01
3.818410137793947223e-01 2.218959448967464110e-01
3.694473329154774888e-01 2.214399959145449126e-01
3.572123903134606371e-01 2.207910214903204826e-01
3.451392660547150104e-01 2.199495428680864340e-01
3.332309994837083789e-01 2.189169337358775891e-01
3.214905884428678196e-01 2.176953698072257859e-01
3.099209885178879631e-01 2.162877548207462752e-01
2.985251122936787294e-01 2.146976284045275518e-01
2.873058286211370715e-01 2.129290613347848415e-01
2.762659618949298013e-01 2.109865436193200383e-01
2.654082913424666845e-01 2.088748705722807963e-01
2.547355503242452190e-01 2.065990316375263258e-01
2.442504256457417311e-01 2.041641061863257445e-01
2.339555568810219865e-01 2.015751698858181395e-01
2.238535357082431787e-01 1.988372145335167707e-01
2.139469052572124941e-01 1.959550835064823304e-01
2.042381594691679014e-01 1.929334242075967654e-01
1.947297424689413692e-01 1.897766581307006595e-01
1.854240479496642724e-01 1.864889684346259235e-01
1.763234185701672008e-01 1.830743042346247573e-01
1.674301453652287108e-01 1.795364002070174159e-01
1.587464671688187945e-01 1.758788095746603719e-01
1.502745700504856119e-01 1.721049481094319156e-01
1.420165867650229341e-01 1.682181464621614886e-01
1.339745962155614034e-01 1.642217079156175208e-01
1.261506229302150617e-01 1.601189685540068686e-01
1.185466365524179277e-01 1.559133568512339196e-01
1.111645513450765232e-01 1.516084497949317378e-01
1.040062257086641351e-01 1.472080228760490606e-01
9.707346171337882801e-02 1.427160915739605351e-01
9.036800464548166989e-02 1.381369423418081221e-01
8.389154256793041053e-02 1.334751515314558379e-01
7.764570589541863743e-02 1.287355911760799942e-01
7.163206698392743377e-02 1.239234210542755205e-01
6.585213973489323358e-02 1.190440669755514769e-01
6.030737921409157209e-02 1.141031857363459523e-01
5.499918128533154427e-02 1.091066176820035954e-01
4.992888225905456334e-02 1.040603282584467715e-01
4.509775855592612626e-02 9.897034033397147934e-02
4.050702638550263135e-02 9.384265940502808934e-02
3.615784144005795842e-02 8.868319406050848008e-02
3.205129860364375194e-02 8.349767425981163838e-02
2.818843167645834757e-02 7.829157007626567910e-02
2.457021311459295365e-02 7.307001356738154763e-02
2.119755378522125699e-02 6.783772635762076730e-02
1.807130273729329328e-02 6.259895536113251058e-02
1.519224698779197968e-02 5.735741883696163224e-02
1.256111132360571148e-02 5.211626466547175651e-02
1.017855811906731578e-02 4.687804237206111280e-02
8.045187169204659483e-03 4.164469001422241995e-02
6.161535538745877005e-03 3.641753660346394583e-02
4.528077426915411152e-03 3.119732026831561339e-02
3.145224048057615462e-03 2.598422189288851492e-02
2.013323528115562588e-03 2.077791350155264519e-02
1.132660816992037134e-03 1.557762021832200840e-02
5.034576168149174080e-04 1.038219422276064410e-02
1.258723261249317105e-04 5.190198764846742398e-03
0.000000000000000000e+00 0.000000000000000000e+00
1.258723261249317105e-04 -4.832589745317096216e-03
5.034576168149174080e-04 -9.648671840566636418e-03
1.132660816992037134e-03 -1.443190578342446254e-02
2.013323528115562588e-03 -1.916640531359293381e-02
3.145224048057615462e-03 -2.383695085880005102e-02
4.528077426915411152e-03 -2.842918483568945831e-02
6.161535538745877005e-03 -3.292978486661108511e-02
8.045187169204659483e-03 -3.732661060971773082e-02
1.017855811906731578e-02 -4.160882066019065684e-02
1.256111132360571148e-02 -4.576695684291907928e-02
1.519224698779197968e-02 -4.979299415659795697e-02
1.807130273729329328e-02 -5.368035561869487216e-02
2.119755378522125699e-02 -5.742389227128954360e-02
2.457021311459295365e-02 -6.101982960981013060e-02
2.818843167645834757e-02 -6.446568266073350595e-02
3.205129860364375194e-02 -6.776014283182772713e-02
3.615784144005795842e-02 -7.090294046271110318e-02
4.050702638550263135e-02 -7.389468769011631188e-02
4.509775855592612626e-02 -7.673670679027029540e-02
4.992888225905456334e-02 -7.943084955308674089e-02
5.499918128533154427e-02 -8.197931346670862818e-02
6.030737921409157209e-02 -8.438446053843635941e-02
6.585213973489323358e-02 -8.664864444648043285e-02
7.163206698392743377e-02 -8.877405140878918965e-02
7.764570589541863743e-02 -9.076255967822793869e-02
8.389154256793041053e-02 -9.261562194055540653e-02
9.036800464548166989e-02 -9.433417412075220665e-02
9.707346171337882801e-02 -9.591857321652927371e-02
1.040062257086641351e-01 -9.736856580136331318e-02
1.111645513450765232e-01 -9.868328780245269605e-02
1.185466365524179277e-01 -9.986129509323986297e-02
1.261506229302150617e-01 -1.009006233788163065e-01
1.339745962155614034e-01 -1.017988748294266360e-01
1.420165867650229341e-01 -1.025533279658531333e-01
1.502745700504856119e-01 -1.031610664527612548e-01
1.587464671688187945e-01 -1.036191217418406807e-01
1.674301453652287108e-01 -1.039246239522170490e-01
1.763234185701672008e-01 -1.040749550033998605e-01
1.854240479496642724e-01 -1.040678978432774127e-01
1.947297424689413692e-01 -1.039017756520344976e-01
2.042381594691679014e-01 -1.035755751578490563e-01
2.139469052572124941e-01 -1.030890486707366216e-01
2.238535357082431787e-01 -1.024427901191012208e-01
2.339555568810219865e-01 -1.016382812447327172e-01
2.442504256457417311e-01 -1.006779051548119808e-01
2.547355503242452190e-01 -9.956492561627201809e-02
2.654082913424666845e-01 -9.830343177515234177e-02
2.762659618949298013e-01 -9.689824935284958862e-02
2.873058286211370715e-01 -9.535482076970869247e-02
2.985251122936787294e-01 -9.367905802841071383e-02
3.099209885178879631e-01 -9.187717350735323529e-02
3.214905884428678196e-01 -8.995549501933758352e-02
3.332309994837083789e-01 -8.792027253579072499e-02
3.451392660547150104e-01 -8.577748481608778175e-02
3.572123903134606371e-01 -8.353265477361521141e-02
3.694473329154774888e-01 -8.119068271844923079e-02
3.818410137793947223e-01 -7.875570661086336854e-02
3.943903128623333920e-01 -7.623099811806463566e-02
4.070920709453594855e-01 -7.361890257532134607e-02
4.199430904288018462e-01 -7.092082990868198156e-02
4.329401361372292589e-01 -6.813730218728954180e-02
4.460799361338897429e-01 -6.526806175770155649e-02
4.593591825444023335e-01 -6.231224190115909611e-02
4.727745323894976259e-01 -5.926859968963247433e-02
4.863226084265935834e-01 -5.613580825140353919e-02
5.000000000000001110e-01 -5.291280305650671034e-02
5.138032638995313484e-01 -4.959917417116827681e-02
5.277289252273172915e-01 -4.619559379191701814e-02
5.417734782725895926e-01 -4.270426584514155910e-02
5.559333873942259308e-01 -3.912938212300048901e-02
5.702050879108284676e-01 -3.547756742183111323e-02
5.845849869981135649e-01 -3.175829455599270962e-02
5.990694645933862805e-01 -2.798424903880837936e-02
6.136548743068714895e-01 -2.417162274969014354e-02
6.283375443396724824e-01 -2.034031613309553177e-02
6.431137784081281117e-01 -1.651402948210001220e-02
6.579798566743311206e-01 -1.272022571679295132e-02
6.729320366825783939e-01 -8.989949830760726388e-03
6.879665543015128781e-01 -5.357493886125550171e-03
7.030796246717250231e-01 -1.859901108299001887e-03
7.182674431585703845e-01 1.463691736056289307e-03
7.335261863099650226e-01 4.572867925189182635e-03
7.488520128189207758e-01 7.426887122954519901e-03
7.642410644905727191e-01 9.985762994121669123e-03
7.796894672134594417e-01 1.221143163074494241e-02
7.951933319348093443e-01 1.406897075489830541e-02
8.107487556395898132e-01 1.552781965540663348e-02
8.263518223330695855e-01 1.656293954706183555e-02
8.419986040266501659e-01 1.715584370767298319e-02
8.576851617267149397e-01 1.729541656883347434e-02
8.734075464262507360e-01 1.697843114559930214e-02
8.891618000989889303e-01 1.620966503758881905e-02
9.049439566958173975e-01 1.500150697890202667e-02
9.207500431432115162e-01 1.337293882236946507e-02
9.365760803434354242e-01 1.134777218207622118e-02
9.524180841762578398e-01 8.952014990438827632e-03
9.682720665019324269e-01 6.210241207151735894e-03
9.841340361651920166e-01 3.140837087714978132e-03
9.999999999999998890e-01 -2.499999999999751228e-04
