9.999999999999998890e-01 2.500000000001110817e-04
9.841340361651920166e-01 1.588494240522914450e-02
9.682720665019324269e-01 3.108424687910526021e-02
9.524180841762578398e-01 4.590386610222590286e-02
9.365760803434354242e-01 6.038288618792383988e-02
9.207500431432115162e-01 7.454710029379750524e-02
9.049439566958173975e-01 8.841208406430080269e-02
8.891618000989889303e-01 1.019858049019969071e-01
8.734075464262507360e-01 1.152707999297679226e-01
8.576851617267149397e-01 1.282659595298540900e-01
8.419986040266501659e-01 1.409679545755691543e-01
8.263518223330695855e-01 1.533723459641183895e-01
8.107487556395898132e-01 1.654744148774507650e-01
7.951933319348093443e-01 1.772697514114652817e-01
7.796894672134594417e-01 1.887546378951338033e-01
7.642410644905727191e-01 1.999262614457242848e-01
7.488520128189207758e-01 2.107827881508706480e-01
7.335261863099650226e-01 2.213233288090215301e-01
7.182674431585703845e-01 2.315478234714622441e-01
7.030796246717250231e-01 2.414568691835726200e-01
6.879665543015128781e-01 2.510515123883325650e-01
6.729320366825783939e-01 2.603330244947471561e-01
6.579798566743311206e-01 2.693026761857454932e-01
6.431137784081281117e-01 2.779615231961108934e-01
6.283375443396724824e-01 2.863102135764808986e-01
6.136548743068714895e-01 2.943488239129488648e-01
5.990694645933862805e-01 3.020767296249118883e-01
5.845849869981135649e-01 3.094925123411209622e-01
5.702050879108284676e-01 3.165939054731559676e-01
5.559333873942259308e-01 3.233777774778884839e-01
5.417734782725895926e-01 3.298401509307716251e-01
5.277289252273172915e-01 3.359762544190537659e-01
5.138032638995313484e-01 3.417806034019794104e-01
5.000000000000001110e-01 3.472471055627795455e-01
4.863226084265935834e-01 3.523691857797363047e-01
4.727745323894976259e-01 3.571399256524242505e-01
4.593591825444023335e-01 3.615522125133072140e-01
4.460799361338897429e-01 3.655988930110695145e-01
4.329401361372292589e-01 3.692729266460112458e-01
4.199430904288018462e-01 3.725675350444313527e-01
4.070920709453594855e-01 3.754763432530628386e-01
3.943903128623333920e-01 3.779935098917329150e-01
3.818410137793947223e-01 3.801138435989672160e-01
3.694473329154774888e-01 3.818329038192265212e-01
3.572123903134606371e-01 3.831470845917279711e-01
3.451392660547150104e-01 3.840536805914191443e-01
3.332309994837083789e-01 3.845509352271798131e-01
3.214905884428678196e-01 3.846380711077955761e-01
3.099209885178879631e-01 3.843153036325113181e-01
2.985251122936787294e-01 3.835838388425055201e-01
2.873058286211370715e-01 3.824458569776072459e-01
2.762659618949298013e-01 3.809044834166923077e-01
2.654082913424666845e-01 3.789637488405503962e-01
2.547355503242452190e-01 3.766285405448455137e-01
2.442504256457417311e-01 3.739045468523020110e-01
2.339555568810219865e-01 3.707981965332430851e-01
2.238535357082431787e-01 3.673165950492528475e-01
2.139469052572124941e-01 3.634674592942330751e-01
2.042381594691679014e-01 3.592590523293536231e-01
1.947297424689413692e-01 3.547001194026676019e-01
1.854240479496642724e-01 3.497998263198541791e-01
1.763234185701672008e-01 3.445677009988551975e-01
1.674301453652287108e-01 3.390135788068277534e-01
1.587464671688187945e-01 3.331475520509151744e-01
1.502745700504856119e-01 3.269799237820115723e-01
1.420165867650229341e-01 3.205211658791287666e-01
1.339745962155614034e-01 3.137818812161585758e-01
1.261506229302150617e-01 3.067727695765384288e-01
1.185466365524179277e-01 2.995045968770684852e-01
1.111645513450765232e-01 2.919881671911424559e-01
1.040062257086641351e-01 2.842342970239397082e-01
9.707346171337882801e-02 2.762537912865566381e-01
9.036800464548166989e-02 2.680574204404156391e-01
8.389154256793041053e-02 2.596558983344726679e-01
7.764570589541863743e-02 2.510598603318541788e-01
7.163206698392743377e-02 2.422798414150888480e-01
6.585213973489323358e-02 2.333262540651381001e-01
6.030737921409157209e-02 2.242093658237803988e-01
5.499918128533154427e-02 2.149392765663356575e-01
4.992888225905456334e-02 2.055258956270934190e-01
4.509775855592612626e-02 1.959789190282613114e-01
4.050702638550263135e-02 1.863078071603487540e-01
3.615784144005795842e-02 1.765217633437857481e-01
3.205129860364375194e-02 1.666297137650049331e-01
2.818843167645834757e-02 1.566402893227721582e-01
2.457021311459295365e-02 1.465618099405644470e-01
2.119755378522125699e-02 1.364022718974930437e-01
1.807130273729329328e-02 1.261693387036900982e-01
1.519224698779197968e-02 1.158703359971238328e-01
1.256111132360571148e-02 1.055122508691313105e-01
1.017855811906731578e-02 9.510173593794586655e-02
8.045187169204659483e-03 8.464511838613557326e-02
6.161535538745877005e-03 7.414841406268227186e-02
4.528077426915411152e-03 6.361734662727314138e-02
3.145224048057615462e-03 5.305737158745243293e-02
2.013323528115562588e-03 4.247370495275681196e-02
1.132660816992037134e-03 3.187135610814550296e-02
5.034576168149174080e-04 2.125516439593821624e-02
1.258723261249317105e-04 1.062983879485824776e-02
0.000000000000000000e+00 0.000000000000000000e+00
1.258723261249317105e-04 -1.006230272712874824e-02
5.034576168149174080e-04 -2.009861366457132634e-02
1.132660816992037134e-03 -3.008319142665884932e-02
2.013323528115562588e-03 -3.999091383009800021e-02
3.145224048057615462e-03 -4.979756897718513875e-02
4.528077426915411152e-03 -5.948012468658991914e-02
6.161535538745877005e-03 -6.901697000093190426e-02
8.045187169204659483e-03 -7.838812327710158179e-02
1.017855811906731578e-02 -8.757540229384964958e-02
1.256111132360571148e-02 -9.656255286512042957e-02
1.519224698779197968e-02 -1.053353335968518212e-01
1.807130273729329328e-02 -1.138815556365628257e-01
2.119755378522125699e-02 -1.221910775043297398e-01
2.457021311459295365e-02 -1.302557563249904515e-01
2.818843167645834757e-02 -1.380693579691389949e-01
3.205129860364375194e-02 -1.456274297202513612e-01
3.615784144005795842e-02 -1.529271400848421780e-01
4.050702638550263135e-02 -1.599670912226397179e-01
4.509775855592612626e-02 -1.667471101690560231e-01
4.992888225905456334e-02 -1.732680255320276086e-01
5.499918128533154427e-02 -1.795314366542479501e-01
6.030737921409157209e-02 -1.855394823302967677e-01
6.585213973489323358e-02 -1.912946160527513317e-01
7.163206698392743377e-02 -1.967993944348438440e-01
7.764570589541863743e-02 -2.020562849287596552e-01
8.389154256793041053e-02 -2.070674982434560774e-01
9.036800464548166989e-02 -2.118348499849038447e-01
9.707346171337882801e-02 -2.163596550211122904e-01
1.040062257086641351e-01 -2.206426569449111141e-01
1.111645513450765232e-01 -2.246839938036669371e-01
1.185466365524179277e-01 -2.284832000241056316e-01
1.261506229302150617e-01 -2.320392432210867106e-01
1.339745962155614034e-01 -2.353505933810321749e-01
1.420165867650229341e-01 -2.384153207926580087e-01
1.502745700504856119e-01 -2.412312180968689268e-01
1.587464671688187945e-01 -2.437959409784055398e-01
1.674301453652287108e-01 -2.461071613543349135e-01
1.763234185701672008e-01 -2.481627264539617295e-01
1.854240479496642724e-01 -2.499608169504932698e-01
1.947297424689413692e-01 -2.515000973093820535e-01
2.042381594691679014e-01 -2.527798517669935241e-01
2.139469052572124941e-01 -2.538000998436558686e-01
2.238535357082431787e-01 -2.545616860169488405e-01
2.339555568810219865e-01 -2.550663391160726268e-01
2.442504256457417311e-01 -2.553166981205031716e-01
2.547355503242452190e-01 -2.553163023229561013e-01
2.654082913424666845e-01 -2.550695452085876003e-01
2.762659618949298013e-01 -2.545815928645476234e-01
2.873058286211370715e-01 -2.538582692172684507e-01
2.985251122936787294e-01 -2.529059118470631251e-01
3.099209885178879631e-01 -2.517312034969372836e-01
3.214905884428678196e-01 -2.503409856213134055e-01
3.332309994837083789e-01 -2.487420613586375229e-01
3.451392660547150104e-01 -2.469409961110669571e-01
3.572123903134606371e-01 -2.449439244312929809e-01
3.694473329154774888e-01 -2.427563721145774289e-01
3.818410137793947223e-01 -2.403831022452881661e-01
3.943903128623333920e-01 -2.378279934335775225e-01
4.070920709453594855e-01 -2.350939575925518055e-01
4.199430904288018462e-01 -2.321829033547991028e-01
4.329401361372292589e-01 -2.290957496280842387e-01
4.460799361338897429e-01 -2.258324918755334199e-01
4.593591825444023335e-01 -2.223923215216764837e-01
4.727745323894976259e-01 -2.187737964918216593e-01
4.863226084265935834e-01 -2.149750583609831567e-01
5.000000000000001110e-01 -2.109940890046414774e-01
5.138032638995313484e-01 -2.068289971024857010e-01
5.277289252273172915e-01 -2.024783224525509850e-01
5.417734782725895926e-01 -1.979413439185176149e-01
5.559333873942259308e-01 -1.932183750737454797e-01
5.702050879108284676e-01 -1.883110303403216224e-01
5.845849869981135649e-01 -1.832224437675231132e-01
5.990694645933862805e-01 -1.779574226651977065e-01
6.136548743068714895e-01 -1.725225192098865656e-01
6.283375443396724824e-01 -1.669260049707108895e-01
6.431137784081281117e-01 -1.611777361397634112e-01
6.579798566743311206e-01 -1.552889011623746485e-01
6.729320366825783939e-01 -1.492716474900867840e-01
6.879665543015128781e-01 -1.431385903440468566e-01
7.030796246717250231e-01 -1.369022136733447359e-01
7.182674431585703845e-01 -1.305741818878408400e-01
7.335261863099650226e-01 -1.241645903743466561e-01
7.488520128189207758e-01 -1.176811931733316302e-01
7.642410644905727191e-01 -1.111286573730966704e-01
7.796894672134594417e-01 -1.045079056097241998e-01
7.951933319348093443e-01 -9.781562035245514042e-02
8.107487556395898132e-01 -9.104399618324282573e-02
8.263518223330695855e-01 -8.418083879529926483e-02
8.419986040266501659e-01 -7.721012166171893620e-02
8.576851617267149397e-01 -7.011312296244703868e-02
8.734075464262507360e-01 -6.287027608815813629e-02
8.891618000989889303e-01 -5.546387653150424563e-02
9.049439566958173975e-01 -4.788179588971949729e-02
9.207500431432115162e-01 -4.012235969525832641e-02
9.365760803434354242e-01 -3.220054952430120160e-02
9.524180841762578398e-01 -2.415569097842139301e-02
9.682720665019324269e-01 -1.606078738175616485e-02
9.841340361651920166e-01 -8.033654098589096404e-03
9.999999999999998890e-01 -2.500000000000530769e-04
