9.999999999999998890e-01 2.500000000001032755e-04
9.841340361651920166e-01 1.480670365419073202e-02
9.682720665019324269e-01 2.897262549487230818e-02
9.524180841762578398e-01 4.276786119890596538e-02
9.365760803434354242e-01 5.620653514570714271e-02
9.207500431432115162e-01 6.929813968773614052e-02
9.049439566958173975e-01 8.204866706395899656e-02
8.891618000989889303e-01 9.446155101340987514e-02
8.734075464262507360e-01 1.065384358696077199e-01
8.576851617267149397e-01 1.182797912616711522e-01
8.419986040266501659e-01 1.296853905460604028e-01
8.263518223330695855e-01 1.407546707787683538e-01
8.107487556395898132e-01 1.514869914486848268e-01
7.951933319348093443e-01 1.618818083676029917e-01
7.796894672134594417e-01 1.719387780905332064e-01
7.642410644905727191e-01 1.816578070612827334e-01
7.488520128189207758e-01 1.910390583815924637e-01
7.335261863099650226e-01 2.000829277251036931e-01
7.182674431585703845e-01 2.087899984957027610e-01
7.030796246717250231e-01 2.171609848965797285e-01
6.879665543015128781e-01 2.251966701619208255e-01
6.729320366825783939e-01 2.328978458346207536e-01
6.579798566743311206e-01 2.402652566742684292e-01
6.431137784081281117e-01 2.472995545698083997e-01
6.283375443396724824e-01 2.540012637267491935e-01
6.136548743068714895e-01 2.603707584118354346e-01
5.990694645933862805e-01 2.664082536772344190e-01
5.845849869981135649e-01 2.721138087563828023e-01
5.702050879108284676e-01 2.774873422261652789e-01
5.559333873942259308e-01 2.825286575633508268e-01
5.417734782725895926e-01 2.872374773826151806e-01
5.277289252273172915e-01 2.916134844219306910e-01
5.138032638995313484e-01 2.956563672293390233e-01
5.000000000000001110e-01 2.993658684921106095e-01
4.863226084265935834e-01 3.027418340226353810e-01
4.727745323894976259e-01 3.057842605617122067e-01
4.593591825444023335e-01 3.084933407652927229e-01
4.460799361338897429e-01 3.108695039910523983e-01
4.329401361372292589e-01 3.129134517824931905e-01
4.199430904288018462e-01 3.146261872471797783e-01
4.070920709453594855e-01 3.160090378295568603e-01
3.943903128623333920e-01 3.170636712760413478e-01
3.818410137793947223e-01 3.177921048704280826e-01
3.694473329154774888e-01 3.181967082723021756e-01
3.572123903134606371e-01 3.182802005128328449e-01
3.451392660547150104e-01 3.180456418854722966e-01
3.332309994837083789e-01 3.174964216097796443e-01
3.214905884428678196e-01 3.166362422426136636e-01
3.099209885178879631e-01 3.154691018616889719e-01
2.985251122936787294e-01 3.139992750528892707e-01
2.873058286211370715e-01 3.122312936971166075e-01
2.762659618949298013e-01 3.101699284784038002e-01
2.654082913424666845e-01 3.078201719271779768e-01
2.547355503242452190e-01 3.051872236764689439e-01
2.442504256457417311e-01 3.022764784506736246e-01
2.339555568810219865e-01 2.990935171328625852e-01
2.238535357082431787e-01 2.956441010743821596e-01
2.139469052572124941e-01 2.919341696265422836e-01
2.042381594691679014e-01 2.879698406951310963e-01
1.947297424689413692e-01 2.837574139506644499e-01
1.854240479496642724e-01 2.793033761763593081e-01
1.763234185701672008e-01 2.746144081068336296e-01
1.674301453652287108e-01 2.696973920076586317e-01
1.587464671688187945e-01 2.645594191723504851e-01
1.502745700504856119e-01 2.592077964714430971e-01
1.420165867650229341e-01 2.536500510791198093e-01
1.339745962155614034e-01 2.478939325266565352e-01
1.261506229302150617e-01 2.419474112877624816e-01
1.185466365524179277e-01 2.358186731869452157e-01
1.111645513450765232e-01 2.295161090354979339e-01
1.040062257086641351e-01 2.230482990370480645e-01
9.707346171337882801e-02 2.164239916615468828e-01
9.036800464548166989e-02 2.096520768582871008e-01
8.389154256793041053e-02 2.027415536597826362e-01
7.764570589541863743e-02 1.957014924136228351e-01
7.163206698392743377e-02 1.885409920631359593e-01
6.585213973489323358e-02 1.812691330743107510e-01
6.030737921409157209e-02 1.738949267706213497e-01
5.499918128533154427e-02 1.664272619841979106e-01
4.992888225905456334e-02 1.588748500567270794e-01
4.509775855592612626e-02 1.512461693226920256e-01
4.050702638550263135e-02 1.435494102779259762e-01
3.615784144005795842e-02 1.357924226756421771e-01
3.205129860364375194e-02 1.279826657986029570e-01
2.818843167645834757e-02 1.201271631293526210e-01
2.457021311459295365e-02 1.122324625807564896e-01
2.119755378522125699e-02 1.043046033577037235e-01
1.807130273729329328e-02 9.634909039980207868e-02
1.519224698779197968e-02 8.837087720711950256e-02
1.256111132360571148e-02 8.037435768009440484e-02
1.017855811906731578e-02 7.236336741489163282e-02
8.045187169204659483e-03 6.434119469144905512e-02
6.161535538745877005e-03 5.631060117839532114e-02
4.528077426915411152e-03 4.827385216226930120e-02
3.145224048057615462e-03 4.023275589358417392e-02
2.013323528115562588e-03 3.218871143463870182e-02
1.132660816992037134e-03 2.414276419894409789e-02
5.034576168149174080e-04 1.609566819462788373e-02
1.258723261249317105e-04 8.047953828739917020e-03
0.000000000000000000e+00 0.000000000000000000e+00
1.258723261249317105e-04 -7.471168023613948724e-03
5.034576168149174080e-04 -1.491972823746604178e-02
1.132660816992037134e-03 -2.232328796865378634e-02
2.013323528115562588e-03 -2.966000423368413477e-02
3.145224048057615462e-03 -3.690884258363259784e-02
4.528077426915411152e-03 -4.404981722223627605e-02
6.161535538745877005e-03 -5.106420694351478107e-02
8.045187169204659483e-03 -5.793474208385996499e-02
1.017855811906731578e-02 -6.464575845994033343e-02
1.256111132360571148e-02 -7.118331514691156325e-02
1.519224698779197968e-02 -7.753527391703587957e-02
1.807130273729329328e-02 -8.369133918025759011e-02
2.119755378522125699e-02 -8.964305831743799025e-02
2.457021311459295365e-02 -9.538378334476026177e-02
2.818843167645834757e-02 -1.009085958652854026e-01
3.205129860364375194e-02 -1.062141982224810571e-01
3.615784144005795842e-02 -1.112987746440535636e-01
4.050702638550263135e-02 -1.161618269281531890e-01
4.509775855592612626e-02 -1.208039898565484438e-01
4.992888225905456334e-02 -1.252268320028091242e-01
5.499918128533154427e-02 -1.294326479241559025e-01
6.030737921409157209e-02 -1.334242478741902160e-01
6.585213973489323358e-02 -1.372047511458079072e-01
7.163206698392743377e-02 -1.407773889497825059e-01
7.764570589541863743e-02 -1.441453223603765543e-01
8.389154256793041053e-02 -1.473114803253854077e-01
9.036800464548166989e-02 -1.502784220594036713e-01
9.707346171337882801e-02 -1.530482273352863076e-01
1.040062257086641351e-01 -1.556224172830119046e-01
1.111645513450765232e-01 -1.580019073238803917e-01
1.185466365524179277e-01 -1.601869928401332688e-01
1.261506229302150617e-01 -1.621773671362713720e-01
1.339745962155614034e-01 -1.639721702200405973e-01
1.420165867650229341e-01 -1.655700659496582572e-01
1.502745700504856119e-01 -1.669693441898211783e-01
1.587464671688187945e-01 -1.681680438209675887e-01
1.674301453652287108e-01 -1.691640917800145971e-01
1.763234185701672008e-01 -1.699554527986961716e-01
1.854240479496642724e-01 -1.705402841657060187e-01
1.947297424689413692e-01 -1.709170896842512888e-01
2.042381594691679014e-01 -1.710848670350215983e-01
2.139469052572124941e-01 -1.710432429878777361e-01
2.238535357082431787e-01 -1.707925913296170772e-01
2.339555568810219865e-01 -1.703341289797508373e-01
2.442504256457417311e-01 -1.696699865351296577e-01
2.547355503242452190e-01 -1.688032503955748109e-01
2.654082913424666845e-01 -1.677379746492901336e-01
2.762659618949298013e-01 -1.664791620070058542e-01
2.873058286211370715e-01 -1.650327142319801821e-01
2.985251122936787294e-01 -1.634053536807092699e-01
3.099209885178879631e-01 -1.616045187061638522e-01
3.214905884428678196e-01 -1.596382367405882463e-01
3.332309994837083789e-01 -1.575149798279104341e-01
3.451392660547150104e-01 -1.552435081779563464e-01
3.572123903134606371e-01 -1.528327079304067082e-01
3.694473329154774888e-01 -1.502914297145883649e-01
3.818410137793947223e-01 -1.476283347462026552e-01
3.943903128623333920e-01 -1.448517550951099742e-01
4.070920709453594855e-01 -1.419695743782634911e-01
4.199430904288018462e-01 -1.389891344763612979e-01
4.329401361372292589e-01 -1.359171729486643998e-01
4.460799361338897429e-01 -1.327597946443889176e-01
4.593591825444023335e-01 -1.295224796078727203e-01
4.727745323894976259e-01 -1.262101277851270520e-01
4.863226084265935834e-01 -1.228271393080023755e-01
5.000000000000001110e-01 -1.193775273148331012e-01
5.138032638995313484e-01 -1.158650584273348272e-01
5.277289252273172915e-01 -1.122934142142762298e-01
5.417734782725895926e-01 -1.086663653105934824e-01
5.559333873942259308e-01 -1.049879484080544351e-01
5.702050879108284676e-01 -1.012626351747762943e-01
5.845849869981135649e-01 -9.749548138078427406e-02
5.990694645933862805e-01 -9.369224418864524617e-02
6.136548743068714895e-01 -8.985945579126451699e-02
6.283375443396724824e-01 -8.600444241607559104e-02
6.431137784081281117e-01 -8.213527923012814425e-02
6.579798566743311206e-01 -7.826067392685327750e-02
6.729320366825783939e-01 -7.438977479188566000e-02
6.879665543015128781e-01 -7.053190285589847064e-02
7.030796246717250231e-01 -6.669621235290619510e-02
7.182674431585703845e-01 -6.289128909944972923e-02
7.335261863099650226e-01 -5.912470255914282352e-02
7.488520128189207758e-01 -5.540253420192374489e-02
7.642410644905727191e-01 -5.172891222903725633e-02
7.796894672134594417e-01 -4.810559071133562598e-02
7.951933319348093443e-01 -4.453161955526946381e-02
8.107487556395898132e-01 -4.100316032118789950e-02
8.263518223330695855e-01 -3.751351160467641943e-02
8.419986040266501659e-01 -3.405341626683038719e-02
8.576851617267149397e-01 -3.061173105985358356e-02
8.734075464262507360e-01 -2.717654692218225351e-02
8.891618000989889303e-01 -2.373685518342378079e-02
9.049439566958173975e-01 -2.028486088728116005e-02
9.207500431432115162e-01 -1.681904917044553874e-02
9.365760803434354242e-01 -1.334811388828462293e-02
9.524180841762578398e-01 -9.895859220790774458e-03
9.682720665019324269e-01 -6.507184601937185918e-03
9.841340361651920166e-01 -3.255260785110774407e-03
9.999999999999998890e-01 -2.500000000000197919e-04
