9.999999999999998890e-01 2.500000000001336331e-04
9.841340361651920166e-01 1.782387981172780037e-02
9.682720665019324269e-01 3.316559790757003801e-02
9.524180841762578398e-01 4.722270810234086014e-02
9.365760803434354242e-01 6.063546629288237011e-02
9.207500431432115162e-01 7.380651281758132676e-02
9.049439566958173975e-01 8.695996027616779978e-02
8.891618000989889303e-01 1.001907199092963302e-01
8.734075464262507360e-01 1.135049412182869283e-01
8.576851617267149397e-01 1.268524620563149519e-01
8.419986040266501659e-01 1.401521714281132591e-01
8.263518223330695855e-01 1.533111763520660364e-01
8.107487556395898132e-01 1.662386391532075514e-01
7.951933319348093443e-01 1.788551143451746761e-01
7.796894672134594417e-01 1.910981667515342652e-01
7.642410644905727191e-01 2.029249966531929128e-01
7.488520128189207758e-01 2.143127354473902679e-01
7.335261863099650226e-01 2.252570084284319651e-01
7.182674431585703845e-01 2.357692916291396767e-01
7.030796246717250231e-01 2.458735188621727075e-01
6.879665543015128781e-01 2.556023247054522440e-01
6.729320366825783939e-01 2.649932405674874092e-01
6.579798566743311206e-01 2.740850953616632557e-01
6.431137784081281117e-01 2.829148107521853306e-01
6.283375443396724824e-01 2.915147242643441050e-01
6.136548743068714895e-01 2.999105224491297461e-01
5.990694645933862805e-01 3.081198212447603946e-01
5.845849869981135649e-01 3.161513919948719109e-01
5.702050879108284676e-01 3.240049994044819082e-01
5.559333873942259308e-01 3.316717920210677795e-01
5.417734782725895926e-01 3.391351664545821376e-01
5.277289252273172915e-01 3.463720132027405252e-01
5.138032638995313484e-01 3.533542442197756261e-01
5.000000000000001110e-01 3.600504997573686916e-01
4.863226084265935834e-01 3.664279339399785229e-01
4.727745323894976259e-01 3.724539843820750540e-01
4.593591825444023335e-01 3.780980402442452593e-01
4.460799361338897429e-01 3.833329347735188741e-01
4.329401361372292589e-01 3.881362018953766757e-01
4.199430904288018462e-01 3.924910511522027301e-01
4.070920709453594855e-01 3.963870305785142101e-01
3.943903128623333920e-01 3.998203623751363511e-01
3.818410137793947223e-01 4.027939509567832754e-01
3.694473329154774888e-01 4.053170766298907490e-01
3.572123903134606371e-01 4.074048004121615385e-01
3.451392660547150104e-01 4.090771160115815874e-01
3.332309994837083789e-01 4.103578935001272465e-01
3.214905884428678196e-01 4.112736655860046997e-01
3.099209885178879631e-01 4.118523115270708024e-01
2.985251122936787294e-01 4.121216956317927949e-01
2.873058286211370715e-01 4.121083170280021024e-01
2.762659618949298013e-01 4.118360250731587513e-01
2.654082913424666845e-01 4.113248506184774000e-01
2.547355503242452190e-01 4.105899975561379533e-01
2.442504256457417311e-01 4.096410319449871329e-01
2.339555568810219865e-01 4.084812978245229709e-01
2.238535357082431787e-01 4.071075799063550438e-01
2.139469052572124941e-01 4.055100240011071389e-01
2.042381594691679014e-01 4.036723166191036327e-01
1.947297424689413692e-01 4.015721159860125011e-01
1.854240479496642724e-01 3.991817180308208091e-01
1.763234185701672008e-01 3.964689329965163656e-01
1.674301453652287108e-01 3.933981414231349505e-01
1.587464671688187945e-01 3.899314925486577210e-01
1.502745700504856119e-01 3.860302038125933421e-01
1.420165867650229341e-01 3.816559172311603243e-01
1.339745962155614034e-01 3.767720669958008473e-01
1.261506229302150617e-01 3.713452127352683818e-01
1.185466365524179277e-01 3.653462944369974541e-01
1.111645513450765232e-01 3.587517679639752322e-01
1.040062257086641351e-01 3.515445843075368226e-01
9.707346171337882801e-02 3.437149810282342788e-01
9.036800464548166989e-02 3.352610605706257130e-01
8.389154256793041053e-02 3.261891370847677663e-01
7.764570589541863743e-02 3.165138408219572153e-01
7.163206698392743377e-02 3.062579768596817575e-01
6.585213973489323358e-02 2.954521426128710049e-01
6.030737921409157209e-02 2.841341160714673797e-01
5.499918128533154427e-02 2.723480337448938582e-01
4.992888225905456334e-02 2.601433836858170201e-01
4.509775855592612626e-02 2.475738445247583630e-01
4.050702638550263135e-02 2.346960060169048512e-01
3.615784144005795842e-02 2.215680100575118938e-01
3.205129860364375194e-02 2.082481533714117261e-01
2.818843167645834757e-02 1.947934940706377849e-01
2.457021311459295365e-02 1.812585039846633106e-01
2.119755378522125699e-02 1.676938071202955793e-01
1.807130273729329328e-02 1.541450418591968075e-01
1.519224698779197968e-02 1.406518806410051448e-01
1.256111132360571148e-02 1.272472360310983319e-01
1.017855811906731578e-02 1.139566763837449315e-01
8.045187169204659483e-03 1.007980679563672266e-01
6.161535538745877005e-03 8.778145349952276577e-02
4.528077426915411152e-03 7.490917024304499794e-02
3.145224048057615462e-03 6.217620303132141008e-02
2.013323528115562588e-03 4.957076134020235725e-02
1.132660816992037134e-03 3.707506223970849502e-02
5.034576168149174080e-04 2.466629524452697633e-02
1.258723261249317105e-04 1.231773959588567530e-02
0.000000000000000000e+00 0.000000000000000000e+00
1.258723261249317105e-04 -9.021029221900683445e-03
5.034576168149174080e-04 -1.797978019894037188e-02
1.132660816992037134e-03 -2.681554674797422683e-02
2.013323528115562588e-03 -3.547084473149097333e-02
3.145224048057615462e-03 -4.389290458050715271e-02
4.528077426915411152e-03 -5.203502550778844882e-02
6.161535538745877005e-03 -5.985775168779490507e-02
8.045187169204659483e-03 -6.732983591171401438e-02
1.017855811906731578e-02 -7.442896247817776256e-02
1.256111132360571148e-02 -8.114220817269028607e-02
1.519224698779197968e-02 -8.746622791665840946e-02
1.807130273729329328e-02 -9.340715980638868154e-02
2.119755378522125699e-02 -9.898025257698617185e-02
2.457021311459295365e-02 -1.042092267729701066e-01
2.818843167645834757e-02 -1.091253888445852943e-01
3.205129860364375194e-02 -1.137665247816820741e-01
3.615784144005795842e-02 -1.181756065253609933e-01
4.050702638550263135e-02 -1.223993500616264440e-01
4.509775855592612626e-02 -1.264866686278222907e-01
4.992888225905456334e-02 -1.304870677100102017e-01
5.499918128533154427e-02 -1.344490303721078972e-01
6.030737921409157209e-02 -1.384184418693170937e-01
6.585213973489323358e-02 -1.424371014347296793e-01
7.163206698392743377e-02 -1.465413666075718047e-01
7.764570589541863743e-02 -1.507609715559617425e-01
8.389154256793041053e-02 -1.551180556398251698e-01
9.036800464548166989e-02 -1.596264321037967615e-01
9.707346171337882801e-02 -1.642911194646606288e-01
1.040062257086641351e-01 -1.691081500737507959e-01
1.111645513450765232e-01 -1.740646617283099218e-01
1.185466365524179277e-01 -1.791392693332476416e-01
1.261506229302150617e-01 -1.843027047446895716e-01
1.339745962155614034e-01 -1.895187043327904164e-01
1.420165867650229341e-01 -1.947451157541425226e-01
1.502745700504856119e-01 -1.999351881834648126e-01
1.587464671688187945e-01 -2.050390040609826048e-01
1.674301453652287108e-01 -2.100050054804545596e-01
1.763234185701672008e-01 -2.147815648541797628e-01
1.854240479496642724e-01 -2.193185475867752421e-01
1.947297424689413692e-01 -2.235688142651883203e-01
2.042381594691679014e-01 -2.274896113750921323e-01
2.139469052572124941e-01 -2.310438027779162240e-01
2.238535357082431787e-01 -2.342008990688024817e-01
2.339555568810219865e-01 -2.369378483701429783e-01
2.442504256457417311e-01 -2.392395599318460631e-01
2.547355503242452190e-01 -2.410991408921858981e-01
2.654082913424666845e-01 -2.425178364409802390e-01
2.762659618949298013e-01 -2.435046741197261777e-01
2.873058286211370715e-01 -2.440758237592437208e-01
2.985251122936787294e-01 -2.442536952392750926e-01
3.099209885178879631e-01 -2.440658064878570843e-01
3.214905884428678196e-01 -2.435434635498141265e-01
3.332309994837083789e-01 -2.427203027804511193e-01
3.451392660547150104e-01 -2.416307519194583198e-01
3.572123903134606371e-01 -2.403084716597774506e-01
3.694473329154774888e-01 -2.387848420783614811e-01
3.818410137793947223e-01 -2.370875587260261597e-01
3.943903128623333920e-01 -2.352394011315860900e-01
4.070920709453594855e-01 -2.332572318839009340e-01
4.199430904288018462e-01 -2.311512773175259383e-01
4.329401361372292589e-01 -2.289247312329958373e-01
4.460799361338897429e-01 -2.265737112112390650e-01
4.593591825444023335e-01 -2.240875832051701100e-01
4.727745323894976259e-01 -2.214496545735741562e-01
4.863226084265935834e-01 -2.186382190149468163e-01
5.000000000000001110e-01 -2.156279194969405733e-01
5.138032638995313484e-01 -2.123913778705492361e-01
5.277289252273172915e-01 -2.089010230816228941e-01
5.417734782725895926e-01 -2.051310344719705636e-01
5.559333873942259308e-01 -2.010593033608523428e-01
5.702050879108284676e-01 -1.966693056972491360e-01
5.845849869981135649e-01 -1.919517718565517395e-01
5.990694645933862805e-01 -1.869060373851833823e-01
6.136548743068714895e-01 -1.815409613949607870e-01
6.283375443396724824e-01 -1.758753080345326625e-01
6.431137784081281117e-01 -1.699375015915971787e-01
6.579798566743311206e-01 -1.637646877734223183e-01
6.729320366825783939e-01 -1.574010629130119798e-01
6.879665543015128781e-01 -1.508954694449108624e-01
7.030796246717250231e-01 -1.442983000132691263e-01
7.182674431585703845e-01 -1.376578038593816444e-01
7.335261863099650226e-01 -1.310159473364431448e-01
7.488520128189207758e-01 -1.244040449622512839e-01
7.642410644905727191e-01 -1.178384475832094380e-01
7.796894672134594417e-01 -1.113166490111894558e-01
7.951933319348093443e-01 -1.048142507258243983e-01
8.107487556395898132e-01 -9.828330452399454409e-02
8.263518223330695855e-01 -9.165263377081522833e-02
8.419986040266501659e-01 -8.483081341359462180e-02
8.576851617267149397e-01 -7.771256526034604761e-02
8.734075464262507360e-01 -7.018939616845799867e-02
8.891618000989889303e-01 -6.216537061048783841e-02
9.049439566958173975e-01 -5.357896339252152945e-02
9.207500431432115162e-01 -4.443198087976899663e-02
9.365760803434354242e-01 -3.482656773207858103e-02
9.524180841762578398e-01 -2.501132872446480346e-02
9.682720665019324269e-01 -1.543758968265114377e-02
9.841340361651920166e-01 -6.826796007808225847e-03
9.999999999999998890e-01 -2.500000000000356212e-04
