9.999999999999998890e-01 2.500000000000624010e-04
9.841340361651920166e-01 9.066223106792082112e-03
9.682720665019324269e-01 1.767837316148662685e-02
9.524180841762578398e-01 2.609960409103660034e-02
9.365760803434354242e-01 3.433955020483586001e-02
9.207500431432115162e-01 4.240499821475365860e-02
9.049439566958173975e-01 5.030047674466451429e-02
8.891618000989889303e-01 5.802876668891580186e-02
8.734075464262507360e-01 6.559133650864364118e-02
8.576851617267149397e-01 7.298870715867761261e-02
8.419986040266501659e-01 8.022075181762965135e-02
8.263518223330695855e-01 8.728693595294823027e-02
8.107487556395898132e-01 9.418650349601273564e-02
7.951933319348093443e-01 1.009186150358625661e-01
7.796894672134594417e-01 1.074824439711527801e-01
7.642410644905727191e-01 1.138772364966383621e-01
7.488520128189207758e-01 1.201023411519141770e-01
7.335261863099650226e-01 1.261572134358925623e-01
7.182674431585703845e-01 1.320414007006034951e-01
7.030796246717250231e-01 1.377545121926217198e-01
6.879665543015128781e-01 1.432961787200739689e-01
6.729320366825783939e-01 1.486660059980019211e-01
6.579798566743311206e-01 1.538635252748180859e-01
6.431137784081281117e-01 1.588881443773078606e-01
6.283375443396724824e-01 1.637391018401789244e-01
6.136548743068714895e-01 1.684154263170203059e-01
5.990694645933862805e-01 1.729159030104870376e-01
5.845849869981135649e-01 1.772390484175514203e-01
5.702050879108284676e-01 1.813830942669295843e-01
5.559333873942259308e-01 1.853459811355716580e-01
5.417734782725895926e-01 1.891253618737813724e-01
5.277289252273172915e-01 1.927186146475833028e-01
5.138032638995313484e-01 1.961228651249462274e-01
5.000000000000001110e-01 1.993350170911057928e-01
4.863226084265935834e-01 2.023517905783553672e-01
4.727745323894976259e-01 2.051697664373472452e-01
4.593591825444023335e-01 2.077854361594823063e-01
4.460799361338897429e-01 2.101952556819997042e-01
4.329401361372292589e-01 2.123957018669528074e-01
4.199430904288018462e-01 2.143833303398723356e-01
4.070920709453594855e-01 2.161548334006380967e-01
3.943903128623333920e-01 2.177070967746153607e-01
3.818410137793947223e-01 2.190372540528713607e-01
3.694473329154774888e-01 2.201427377725088397e-01
3.572123903134606371e-01 2.210213262079504248e-01
3.451392660547150104e-01 2.216711850774482906e-01
3.332309994837083789e-01 2.220909035123090902e-01
3.214905884428678196e-01 2.222795237855136052e-01
3.099209885178879631e-01 2.222365644479777635e-01
2.985251122936787294e-01 2.219620366712335147e-01
2.873058286211370715e-01 2.214564537416916223e-01
2.762659618949298013e-01 2.207208337910497309e-01
2.654082913424666845e-01 2.197566959773532003e-01
2.547355503242452190e-01 2.185660504495679501e-01
2.442504256457417311e-01 2.171513825335513181e-01
2.339555568810219865e-01 2.155156316676280492e-01
2.238535357082431787e-01 2.136621656906214362e-01
2.139469052572124941e-01 2.115947511435530559e-01
2.042381594691679014e-01 2.093175202880565855e-01
1.947297424689413692e-01 2.068349355699688752e-01
1.854240479496642724e-01 2.041517522659805350e-01
1.763234185701672008e-01 2.012729800453732787e-01
1.674301453652287108e-01 1.982038441587188338e-01
1.587464671688187945e-01 1.949497469321688214e-01
1.502745700504856119e-01 1.915162302010302575e-01
1.420165867650229341e-01 1.879089392612320608e-01
1.339745962155614034e-01 1.841335888537236620e-01
1.261506229302150617e-01 1.801959316265311084e-01
1.185466365524179277e-01 1.761017294439117808e-01
1.111645513450765232e-01 1.718567278335791093e-01
1.040062257086641351e-01 1.674666337830511553e-01
9.707346171337882801e-02 1.629370970165137100e-01
9.036800464548166989e-02 1.582736948057529014e-01
8.389154256793041053e-02 1.534819202942064309e-01
7.764570589541863743e-02 1.485671742433246623e-01
7.163206698392743377e-02 1.435347600464208229e-01
6.585213973489323358e-02 1.383898817980313001e-01
6.030737921409157209e-02 1.331376451573256237e-01
5.499918128533154427e-02 1.277830607029526722e-01
4.992888225905456334e-02 1.223310494443267810e-01
4.509775855592612626e-02 1.167864501310005299e-01
4.050702638550263135e-02 1.111540279875062875e-01
3.615784144005795842e-02 1.054384844957680506e-01
3.205129860364375194e-02 9.964446785058703182e-02
2.818843167645834757e-02 9.377658372535482845e-02
2.457021311459295365e-02 8.783940600443750080e-02
2.119755378522125699e-02 8.183748716489107344e-02
1.807130273729329328e-02 7.577536802246076508e-02
1.519224698779197968e-02 6.965758659426618538e-02
1.256111132360571148e-02 6.348868587216907611e-02
1.017855811906731578e-02 5.727322034550517971e-02
8.045187169204659483e-03 5.101576115854707105e-02
6.161535538745877005e-03 4.472089983565798177e-02
4.528077426915411152e-03 3.839325055448734175e-02
3.145224048057615462e-03 3.203745099372170418e-02
2.013323528115562588e-03 2.565816182577226531e-02
1.132660816992037134e-03 1.926006496545783903e-02
5.034576168149174080e-04 1.284786072232515543e-02
1.258723261249317105e-04 6.426264035977230851e-03
0.000000000000000000e+00 0.000000000000000000e+00
1.258723261249317105e-04 -6.183034293997705100e-03
5.034576168149174080e-04 -1.235219612574655484e-02
1.132660816992037134e-03 -1.849370867704537222e-02
2.013323528115562588e-03 -2.459410849197185556e-02
3.145224048057615462e-03 -3.064039273718039205e-02
4.528077426915411152e-03 -3.662015544221700059e-02
6.161535538745877005e-03 -4.252170952842197760e-02
8.045187169204659483e-03 -4.833419183042789169e-02
1.017855811906731578e-02 -5.404764878706914966e-02
1.256111132360571148e-02 -5.965310101526775932e-02
1.519224698779197968e-02 -6.514258556587598781e-02
1.807130273729329328e-02 -7.050917527780646565e-02
2.119755378522125699e-02 -7.574697527845866696e-02
2.457021311459295365e-02 -8.085109730629717883e-02
2.818843167645834757e-02 -8.581761313742050645e-02
3.205129860364375194e-02 -9.064348896456000948e-02
3.615784144005795842e-02 -9.532650308773760184e-02
4.050702638550263135e-02 -9.986514971587293066e-02
4.509775855592612626e-02 -1.042585320350436495e-01
4.992888225905456334e-02 -1.085062479612699804e-01
5.499918128533154427e-02 -1.126082721557309929e-01
6.030737921409157209e-02 -1.165648379332417245e-01
6.585213973489323358e-02 -1.203763226387642576e-01
7.163206698392743377e-02 -1.240431399030069853e-01
7.764570589541863743e-02 -1.275656419213068715e-01
8.389154256793041053e-02 -1.309440345375882109e-01
9.036800464548166989e-02 -1.341783074677939391e-01
9.707346171337882801e-02 -1.372681814779811438e-01
1.040062257086641351e-01 -1.402130737567661711e-01
1.111645513450765232e-01 -1.430120821074057080e-01
1.185466365524179277e-01 -1.456639879503363322e-01
1.261506229302150617e-01 -1.481672774921831692e-01
1.339745962155614034e-01 -1.505201798021440496e-01
1.420165867650229341e-01 -1.527207199610438326e-01
1.502745700504856119e-01 -1.547667849311696597e-01
1.587464671688187945e-01 -1.566561993537504416e-01
1.674301453652287108e-01 -1.583868081311156917e-01
1.763234185701672008e-01 -1.599565624051618173e-01
1.854240479496642724e-01 -1.613636054127589314e-01
1.947297424689413692e-01 -1.626063546887951128e-01
2.042381594691679014e-01 -1.636835772016455026e-01
2.139469052572124941e-01 -1.645944542430443636e-01
2.238535357082431787e-01 -1.653386332497411293e-01
2.339555568810219865e-01 -1.659162641990348797e-01
2.442504256457417311e-01 -1.663280187815786848e-01
2.547355503242452190e-01 -1.665750911963487235e-01
2.654082913424666845e-01 -1.666591801147602470e-01
2.762659618949298013e-01 -1.665824521011462778e-01
2.873058286211370715e-01 -1.663474875305254730e-01
2.985251122936787294e-01 -1.659572107855278311e-01
3.099209885178879631e-01 -1.654148072154272286e-01
3.214905884428678196e-01 -1.647236299743247145e-01
3.332309994837083789e-01 -1.638871003963042750e-01
3.451392660547150104e-01 -1.629086059881935111e-01
3.572123903134606371e-01 -1.617914004032916520e-01
3.694473329154774888e-01 -1.605385098833592983e-01
3.818410137793947223e-01 -1.591526506067892921e-01
3.943903128623333920e-01 -1.576361611486208347e-01
4.070920709453594855e-01 -1.559909538389556150e-01
4.199430904288018462e-01 -1.542184882025482984e-01
4.329401361372292589e-01 -1.523197688826006535e-01
4.460799361338897429e-01 -1.502953695116138744e-01
4.593591825444023335e-01 -1.481454829140011753e-01
4.727745323894976259e-01 -1.458699968382977663e-01
4.863226084265935834e-01 -1.434685931570814921e-01
5.000000000000001110e-01 -1.409408671820850389e-01
5.138032638995313484e-01 -1.382864624678725729e-01
5.277289252273172915e-01 -1.355052152719255776e-01
5.417734782725895926e-01 -1.325973017577317115e-01
5.559333873942259308e-01 -1.295633801286179831e-01
5.702050879108284676e-01 -1.264047192228769656e-01
5.845849869981135649e-01 -1.231233047441123718e-01
5.990694645933862805e-01 -1.197219143016873683e-01
6.136548743068714895e-01 -1.162041528481922853e-01
6.283375443396724824e-01 -1.125744409722200939e-01
6.431137784081281117e-01 -1.088379498768469872e-01
6.579798566743311206e-01 -1.050004787799009159e-01
6.729320366825783939e-01 -1.010682729340780794e-01
6.879665543015128781e-01 -9.704778349435290441e-02
7.030796246717250231e-01 -9.294537405508430938e-02
7.182674431585703845e-01 -8.876698282384923311e-02
7.335261863099650226e-01 -8.451775406239127320e-02
7.488520128189207758e-01 -8.020165756055043504e-02
7.642410644905727191e-01 -7.582112045393921140e-02
7.796894672134594417e-01 -7.137670157158824968e-02
7.951933319348093443e-01 -6.686684461104211441e-02
8.107487556395898132e-01 -6.228775267535750781e-02
8.263518223330695855e-01 -5.763343294471783007e-02
8.419986040266501659e-01 -5.289596635745632408e-02
8.576851617267149397e-01 -4.806606299234866819e-02
8.734075464262507360e-01 -4.313396921791922550e-02
8.891618000989889303e-01 -3.809079744004732065e-02
9.049439566958173975e-01 -3.293035326685088415e-02
9.207500431432115162e-01 -2.765153794875969961e-02
9.365760803434354242e-01 -2.226140587269190285e-02
9.524180841762578398e-01 -1.677895752823903297e-02
9.682720665019324269e-01 -1.123974756522288371e-02
9.841340361651920166e-01 -5.701385182523509114e-03
9.999999999999998890e-01 -2.500000000000375728e-04
