9.999999999999998890e-01 2.500000000001129791e-04
9.841340361651920166e-01 1.621479576036474399e-02
9.682720665019324269e-01 3.153822600356570582e-02
9.524180841762578398e-01 4.591393915941823639e-02
9.365760803434354242e-01 5.915106159153431242e-02
9.207500431432115162e-01 7.115098572148575995e-02
9.049439566958173975e-01 8.188703527910873303e-02
8.891618000989889303e-01 9.138685940697022225e-02
8.734075464262507360e-01 9.971738785393920168e-02
8.576851617267149397e-01 1.069721645404134031e-01
8.419986040266501659e-01 1.132608661598562272e-01
8.263518223330695855e-01 1.187008059418610817e-01
8.107487556395898132e-01 1.234102199428269986e-01
7.951933319348093443e-01 1.275031339192153612e-01
7.796894672134594417e-01 1.310856126167518620e-01
7.642410644905727191e-01 1.342531998000229820e-01
7.488520128189207758e-01 1.370893661631542859e-01
7.335261863099650226e-01 1.396647930127261628e-01
7.182674431585703845e-01 1.420373319112888666e-01
7.030796246717250231e-01 1.442524939360567415e-01
6.879665543015128781e-01 1.463443364802950453e-01
6.729320366825783939e-01 1.483366302627635580e-01
6.579798566743311206e-01 1.502442040962968239e-01
6.431137784081281117e-01 1.520743797114761930e-01
6.283375443396724824e-01 1.538284232777756833e-01
6.136548743068714895e-01 1.555029539880592726e-01
5.990694645933862805e-01 1.570912629827938278e-01
5.845849869981135649e-01 1.585845078326438007e-01
5.702050879108284676e-01 1.599727586518491229e-01
5.559333873942259308e-01 1.612458815935322309e-01
5.417734782725895926e-01 1.623942539280168185e-01
5.277289252273172915e-01 1.634093121032378637e-01
5.138032638995313484e-01 1.642839401376136044e-01
5.000000000000001110e-01 1.650127104311912007e-01
4.863226084265935834e-01 1.655919926539617948e-01
4.727745323894976259e-01 1.660199488538524892e-01
4.593591825444023335e-01 1.662964344099869263e-01
4.460799361338897429e-01 1.664228250409097165e-01
4.329401361372292589e-01 1.664017898733985146e-01
4.199430904288018462e-01 1.662370297019153953e-01
4.070920709453594855e-01 1.659329981411198918e-01
3.943903128623333920e-01 1.654946215133543952e-01
3.818410137793947223e-01 1.649270311358564667e-01
3.694473329154774888e-01 1.642353192894893121e-01
3.572123903134606371e-01 1.634243276653450649e-01
3.451392660547150104e-01 1.624984745917489037e-01
3.332309994837083789e-01 1.614616249253800206e-01
3.214905884428678196e-01 1.603170042181177590e-01
3.099209885178879631e-01 1.590671567051384350e-01
2.985251122936787294e-01 1.577139448463135696e-01
2.873058286211370715e-01 1.562585866259820766e-01
2.762659618949298013e-01 1.547017255971842031e-01
2.654082913424666845e-01 1.530435277551547846e-01
2.547355503242452190e-01 1.512837987400353357e-01
2.442504256457417311e-01 1.494221145892540015e-01
2.339555568810219865e-01 1.474579592660356375e-01
2.238535357082431787e-01 1.453908624549470896e-01
2.139469052572124941e-01 1.432205316052728994e-01
2.042381594691679014e-01 1.409469728809964462e-01
1.947297424689413692e-01 1.385705965019696229e-01
1.854240479496642724e-01 1.360923028927841782e-01
1.763234185701672008e-01 1.335135470521435774e-01
1.674301453652287108e-01 1.308363795756322112e-01
1.587464671688187945e-01 1.280634637705209133e-01
1.502745700504856119e-01 1.251980692578614496e-01
1.420165867650229341e-01 1.222440433340426374e-01
1.339745962155614034e-01 1.192057621355482877e-01
1.261506229302150617e-01 1.160880642965448351e-01
1.185466365524179277e-01 1.128961702944652756e-01
1.111645513450765232e-01 1.096355910350087781e-01
1.040062257086641351e-01 1.063120294316571152e-01
9.707346171337882801e-02 1.029312787880687363e-01
9.036800464548166989e-02 9.949912170168870307e-02
8.389154256793041053e-02 9.602123298527988349e-02
7.764570589541863743e-02 9.250308976533187788e-02
7.163206698392743377e-02 8.894989148111392963e-02
6.585213973489323358e-02 8.536649199651791253e-02
6.030737921409157209e-02 8.175734547136091768e-02
5.499918128533154427e-02 7.812646704278729259e-02
4.992888225905456334e-02 7.447740876404498889e-02
4.509775855592612626e-02 7.081325065957932985e-02
4.050702638550263135e-02 6.713660620289996217e-02
3.615784144005795842e-02 6.344964102566695574e-02
3.205129860364375194e-02 5.975410323878526525e-02
2.818843167645834757e-02 5.605136340176253978e-02
2.457021311459295365e-02 5.234246192442727069e-02
2.119755378522125699e-02 4.862816153095770449e-02
1.807130273729329328e-02 4.490900236192466033e-02
1.519224698779197968e-02 4.118535733394029785e-02
1.256111132360571148e-02 3.745748551326306963e-02
1.017855811906731578e-02 3.372558148086680918e-02
8.045187169204659483e-03 2.998981896073152353e-02
6.161535538745877005e-03 2.625038733679046707e-02
4.528077426915411152e-03 2.250752008154878123e-02
3.145224048057615462e-03 1.876151454412929021e-02
2.013323528115562588e-03 1.501274297995245505e-02
1.132660816992037134e-03 1.126165513100855879e-02
5.034576168149174080e-04 7.508773067853379869e-03
1.258723261249317105e-04 3.754679366368423796e-03
0.000000000000000000e+00 0.000000000000000000e+00
1.258723261249317105e-04 -3.358285525659102967e-03
5.034576168149174080e-04 -6.706753223781932415e-03
1.132660816992037134e-03 -1.003559207360160688e-02
2.013323528115562588e-03 -1.333513013914330858e-02
3.145224048057615462e-03 -1.659590305626194515e-02
4.528077426915411152e-03 -1.980872118651059652e-02
6.161535538745877005e-03 -2.296473490228938957e-02
8.045187169204659483e-03 -2.605549739790867861e-02
1.017855811906731578e-02 -2.907302434390001203e-02
1.256111132360571148e-02 -3.200984962315322341e-02
1.519224698779197968e-02 -3.485907631388673877e-02
1.807130273729329328e-02 -3.761442202300071397e-02
2.119755378522125699e-02 -4.027025763099350425e-02
2.457021311459295365e-02 -4.282163849294374353e-02
2.818843167645834757e-02 -4.526432715506693155e-02
3.205129860364375194e-02 -4.759480669806124414e-02
3.615784144005795842e-02 -4.981028391064330763e-02
4.050702638550263135e-02 -5.190868163162099674e-02
4.509775855592612626e-02 -5.388861977713779727e-02
4.992888225905456334e-02 -5.574938479007789799e-02
5.499918128533154427e-02 -5.749088750783399454e-02
6.030737921409157209e-02 -5.911360973752888270e-02
6.585213973489323358e-02 -6.061854014727292850e-02
7.163206698392743377e-02 -6.200710041925597965e-02
7.764570589541863743e-02 -6.328106295497092082e-02
8.389154256793041053e-02 -6.444246176287524164e-02
9.036800464548166989e-02 -6.549349848157511034e-02
9.707346171337882801e-02 -6.643644578383105237e-02
1.040062257086641351e-01 -6.727355065485515762e-02
1.111645513450765232e-01 -6.800694022935195593e-02
1.185466365524179277e-01 -6.863853299322694723e-02
1.261506229302150617e-01 -6.916995819687453417e-02
1.339745962155614034e-01 -6.960248627831250312e-02
1.420165867650229341e-01 -6.993697294933404196e-02
1.502745700504856119e-01 -7.017381935221822520e-02
1.587464671688187945e-01 -7.031295034743290095e-02
1.674301453652287108e-01 -7.035381254666293882e-02
1.763234185701672008e-01 -7.029539316654226377e-02
1.854240479496642724e-01 -7.013626015656855561e-02
1.947297424689413692e-01 -6.987462336351947523e-02
2.042381594691679014e-01 -6.950841575162386432e-02
2.139469052572124941e-01 -6.903539292354436696e-02
2.238535357082431787e-01 -6.845324840574874836e-02
2.339555568810219865e-01 -6.775974139949657304e-02
2.442504256457417311e-01 -6.695283298382999349e-02
2.547355503242452190e-01 -6.603082611924038225e-02
2.654082913424666845e-01 -6.499250427011538100e-02
2.762659618949298013e-01 -6.383726307016586443e-02
2.873058286211370715e-01 -6.256522922582091750e-02
2.985251122936787294e-01 -6.117736081357597749e-02
3.099209885178879631e-01 -5.967552330042539405e-02
3.214905884428678196e-01 -5.806253601913981266e-02
3.332309994837083789e-01 -5.634218447396073526e-02
3.451392660547150104e-01 -5.451919474239196040e-02
3.572123903134606371e-01 -5.259916737284963534e-02
3.694473329154774888e-01 -5.058846954546553781e-02
3.818410137793947223e-01 -4.849408584503858699e-02
3.943903128623333920e-01 -4.632342976250470451e-02
4.070920709453594855e-01 -4.408411995646284443e-02
4.199430904288018462e-01 -4.178372732196361516e-02
4.329401361372292589e-01 -3.942950097351397010e-02
4.460799361338897429e-01 -3.702808328800298587e-02
4.593591825444023335e-01 -3.458522609807694603e-02
4.727745323894976259e-01 -3.210552189761086556e-02
4.863226084265935834e-01 -2.959216543302589653e-02
5.000000000000001110e-01 -2.704676221799014180e-02
5.138032638995313484e-01 -2.446920123302259720e-02
5.277289252273172915e-01 -2.185760926400964060e-02
5.417734782725895926e-01 -1.920840390497959016e-02
5.559333873942259308e-01 -1.651646111534793918e-02
5.702050879108284676e-01 -1.377541130177967026e-02
5.845849869981135649e-01 -1.097807512071496440e-02
5.990694645933862805e-01 -8.117046512311817258e-03
6.136548743068714895e-01 -5.185425837385906726e-03
6.283375443396724824e-01 -2.177700370098454782e-03
6.431137784081281117e-01 9.092372059013447165e-04
6.579798566743311206e-01 4.074949226676809720e-03
6.729320366825783939e-01 7.314217841414504505e-03
6.879665543015128781e-01 1.061574898998009220e-02
7.030796246717250231e-01 1.396086054826067152e-02
7.182674431585703845e-01 1.732221045638505930e-02
7.335261863099650226e-01 2.066263200245337453e-02
7.488520128189207758e-01 2.393415514985561959e-02
7.642410644905727191e-01 2.707730467572432020e-02
7.796894672134594417e-01 3.002077771330239828e-02
7.951933319348093443e-01 3.268161482133843942e-02
8.107487556395898132e-01 3.496598967847633355e-02
8.263518223330695855e-01 3.677075264258995030e-02
8.419986040266501659e-01 3.798587243356693621e-02
8.576851617267149397e-01 3.849792779359810513e-02
8.734075464262507360e-01 3.819480684766729528e-02
8.891618000989889303e-01 3.697177572547648283e-02
9.049439566958173975e-01 3.473907951748908540e-02
9.207500431432115162e-01 3.143123753707308121e-02
9.365760803434354242e-01 2.701819088070864586e-02
9.524180841762578398e-01 2.151845317570984933e-02
9.682720665019324269e-01 1.501440496677936172e-02
9.841340361651920166e-01 7.669858241953191741e-03
9.999999999999998890e-01 -2.499999999999433556e-04
