9.999999999999998890e-01 2.500000000000788267e-04
9.841340361651920166e-01 1.116797939257824571e-02
9.682720665019324269e-01 2.153237529520714288e-02
9.524180841762578398e-01 3.151789098765690744e-02
9.365760803434354242e-01 4.124322801901018215e-02
9.207500431432115162e-01 5.078372377509913355e-02
9.049439566958173975e-01 6.018206864276544332e-02
8.891618000989889303e-01 6.945725360451951436e-02
8.734075464262507360e-01 7.861190668677484061e-02
8.576851617267149397e-01 8.763818082350971483e-02
8.419986040266501659e-01 9.652235665298442013e-02
8.263518223330695855e-01 1.052483218372157886e-01
8.107487556395898132e-01 1.138000840052567769e-01
7.951933319348093443e-01 1.221634677114495082e-01
7.796894672134594417e-01 1.303271372175639764e-01
7.642410644905727191e-01 1.382830768045125169e-01
7.488520128189207758e-01 1.460266490426075647e-01
7.335261863099650226e-01 1.535563393367520013e-01
7.182674431585703845e-01 1.608732824368776793e-01
7.030796246717250231e-01 1.679806537667742627e-01
6.879665543015128781e-01 1.748829956544718511e-01
6.729320366825783939e-01 1.815855360954596320e-01
6.579798566743311206e-01 1.880935457670839528e-01
6.431137784081281117e-01 1.944117678274435712e-01
6.283375443396724824e-01 2.005439447309077250e-01
6.136548743068714895e-01 2.064924569974977420e-01
5.990694645933862805e-01 2.122580806741167503e-01
5.845849869981135649e-01 2.178398631789656981e-01
5.702050879108284676e-01 2.232351113526935271e-01
5.559333873942259308e-01 2.284394808482655137e-01
5.417734782725895926e-01 2.334471524472588044e-01
5.277289252273172915e-01 2.382510784407771698e-01
5.138032638995313484e-01 2.428432807854573883e-01
5.000000000000001110e-01 2.472151822490274986e-01
4.863226084265935834e-01 2.513579520917876842e-01
4.727745323894976259e-01 2.552628488762627157e-01
4.593591825444023335e-01 2.589215446364481754e-01
4.460799361338897429e-01 2.623264167465403918e-01
4.329401361372292589e-01 2.654707962827038137e-01
4.199430904288018462e-01 2.683491643490540923e-01
4.070920709453594855e-01 2.709572906250229951e-01
3.943903128623333920e-01 2.732923111780151126e-01
3.818410137793947223e-01 2.753527452752629334e-01
3.694473329154774888e-01 2.771384534362656971e-01
3.572123903134606371e-01 2.786505412194583697e-01
3.451392660547150104e-01 2.798912151750168609e-01
3.332309994837083789e-01 2.808635989756563256e-01
3.214905884428678196e-01 2.815715189291104203e-01
3.099209885178879631e-01 2.820192688642390033e-01
2.985251122936787294e-01 2.822113647655883906e-01
2.873058286211370715e-01 2.821522995197755512e-01
2.762659618949298013e-01 2.818463077539153372e-01
2.654082913424666845e-01 2.812971500243737766e-01
2.547355503242452190e-01 2.805079245949473332e-01
2.442504256457417311e-01 2.794809137756569251e-01
2.339555568810219865e-01 2.782174703303363916e-01
2.238535357082431787e-01 2.767179478600737541e-01
2.139469052572124941e-01 2.749816773887748256e-01
2.042381594691679014e-01 2.730069906748428532e-01
1.947297424689413692e-01 2.707912891054344295e-01
1.854240479496642724e-01 2.683311554496893847e-01
1.763234185701672008e-01 2.656225043026126942e-01
1.674301453652287108e-01 2.626607657837422560e-01
1.587464671688187945e-01 2.594410959991851895e-01
1.502745700504856119e-01 2.559586069591561763e-01
1.420165867650229341e-01 2.522086080846597800e-01
1.339745962155614034e-01 2.481868511468638128e-01
1.261506229302150617e-01 2.438897704629336138e-01
1.185466365524179277e-01 2.393147104163891037e-01
1.111645513450765232e-01 2.344601328643117488e-01
1.040062257086641351e-01 2.293257977168073614e-01
9.707346171337882801e-02 2.239129108985008498e-01
9.036800464548166989e-02 2.182242349946897642e-01
8.389154256793041053e-02 2.122641591090393964e-01
7.764570589541863743e-02 2.060387257752465395e-01
7.163206698392743377e-02 1.995556141299762720e-01
6.585213973489323358e-02 1.928240799260568794e-01
6.030737921409157209e-02 1.858548543015307308e-01
5.499918128533154427e-02 1.786600044816624155e-01
4.992888225905456334e-02 1.712527607403361296e-01
4.509775855592612626e-02 1.636473149512853165e-01
4.050702638550263135e-02 1.558585968899952323e-01
3.615784144005795842e-02 1.479020350811645346e-01
3.205129860364375194e-02 1.397933094076244942e-01
2.818843167645834757e-02 1.315481028944608111e-01
2.457021311459295365e-02 1.231818600532331026e-01
2.119755378522125699e-02 1.147095589188445730e-01
1.807130273729329328e-02 1.061455034454200641e-01
1.519224698779197968e-02 9.750314226334196033e-02
1.256111132360571148e-02 8.879491895876141794e-02
1.017855811906731578e-02 8.003215804582834714e-02
8.045187169204659483e-03 7.122498969105521549e-02
6.161535538745877005e-03 6.238231505240866143e-02
4.528077426915411152e-03 5.351181284886382533e-02
3.145224048057615462e-03 4.461998651651608722e-02
2.013323528115562588e-03 3.571225007219293313e-02
1.132660816992037134e-03 2.679304963135461376e-02
5.034576168149174080e-04 1.786601644835384209e-02
1.258723261249317105e-04 8.934146395436262308e-03
0.000000000000000000e+00 0.000000000000000000e+00
1.258723261249317105e-04 -8.201543900162198628e-03
5.034576168149174080e-04 -1.638012384287165779e-02
1.132660816992037134e-03 -2.451315675682391379e-02
2.013323528115562588e-03 -3.257893457665740622e-02
3.145224048057615462e-03 -4.055703048577970204e-02
4.528077426915411152e-03 -4.842866865831001177e-02
6.161535538745877005e-03 -5.617704700320223787e-02
8.045187169204659483e-03 -6.378760378349519755e-02
1.017855811906731578e-02 -7.124822062097661834e-02
1.256111132360571148e-02 -7.854935625440773173e-02
1.519224698779197968e-02 -8.568410744445244254e-02
1.807130273729329328e-02 -9.264819555218233027e-02
2.119755378522125699e-02 -9.943987949883711930e-02
2.457021311459295365e-02 -1.060597979790053463e-01
2.818843167645834757e-02 -1.125107458844058911e-01
3.205129860364375194e-02 -1.187973918397151607e-01
3.615784144005795842e-02 -1.249259454978343814e-01
4.050702638550263135e-02 -1.309037847373797359e-01
4.509775855592612626e-02 -1.367390541046361041e-01
4.992888225905456334e-02 -1.424402467085716661e-01
5.499918128533154427e-02 -1.480157822829679393e-01
6.030737921409157209e-02 -1.534735942566984868e-01
6.585213973489323358e-02 -1.588207384150061297e-01
7.163206698392743377e-02 -1.640630350957407446e-01
7.764570589541863743e-02 -1.692047558606512014e-01
8.389154256793041053e-02 -1.742483642395478149e-01
9.036800464548166989e-02 -1.791943185013957496e-01
9.707346171337882801e-02 -1.840409425074863159e-01
1.040062257086641351e-01 -1.887843686022972756e-01
1.111645513450765232e-01 -1.934185542588552909e-01
1.185466365524179277e-01 -1.979353718838329779e-01
1.261506229302150617e-01 -2.023247688730561433e-01
1.339745962155614034e-01 -2.065749927617097359e-01
1.420165867650229341e-01 -2.106728742057774328e-01
1.502745700504856119e-01 -2.146041586297963710e-01
1.587464671688187945e-01 -2.183538757437179512e-01
1.674301453652287108e-01 -2.219067348245943316e-01
1.763234185701672008e-01 -2.252475327243844416e-01
1.854240479496642724e-01 -2.283615610405687613e-01
1.947297424689413692e-01 -2.312349987969698484e-01
2.042381594691679014e-01 -2.338552773409368069e-01
2.139469052572124941e-01 -2.362114049690096362e-01
2.238535357082431787e-01 -2.382942400315485598e-01
2.339555568810219865e-01 -2.400967029087122395e-01
2.442504256457417311e-01 -2.416139192531171487e-01
2.547355503242452190e-01 -2.428432892030496226e-01
2.654082913424666845e-01 -2.437844798170877847e-01
2.762659618949298013e-01 -2.444393406890165155e-01
2.873058286211370715e-01 -2.448117454853167563e-01
2.985251122936787294e-01 -2.449073649145297460e-01
3.099209885178879631e-01 -2.447333792931054575e-01
3.214905884428678196e-01 -2.442981413198148100e-01
3.332309994837083789e-01 -2.436108018163435640e-01
3.451392660547150104e-01 -2.426809129462980108e-01
3.572123903134606371e-01 -2.415180247076002540e-01
3.694473329154774888e-01 -2.401312912342651873e-01
3.818410137793947223e-01 -2.385291035868403464e-01
3.943903128623333920e-01 -2.367187652168511736e-01
4.070920709453594855e-01 -2.347062251387629639e-01
4.199430904288018462e-01 -2.324958820333575538e-01
4.329401361372292589e-01 -2.300904700614510856e-01
4.460799361338897429e-01 -2.274910341322970708e-01
4.593591825444023335e-01 -2.246969988163782517e-01
4.727745323894976259e-01 -2.217063311108145307e-01
4.863226084265935834e-01 -2.185157929734491689e-01
5.000000000000001110e-01 -2.151212750764581461e-01
5.138032638995313484e-01 -2.115181987491891458e-01
5.277289252273172915e-01 -2.077019687567092654e-01
5.417734782725895926e-01 -2.036684555825551690e-01
5.559333873942259308e-01 -1.994144824482395328e-01
5.702050879108284676e-01 -1.949382896101602980e-01
5.845849869981135649e-01 -1.902399467288753143e-01
5.990694645933862805e-01 -1.853216835034720011e-01
6.136548743068714895e-01 -1.801881094916990556e-01
6.283375443396724824e-01 -1.748462962651742836e-01
6.431137784081281117e-01 -1.693056989269842716e-01
6.579798566743311206e-01 -1.635778996674494556e-01
6.729320366825783939e-01 -1.576761635408345796e-01
6.879665543015128781e-01 -1.516148060613756454e-01
7.030796246717250231e-01 -1.454083835484389353e-01
7.182674431585703845e-01 -1.390707303584775290e-01
7.335261863099650226e-01 -1.326138821361433351e-01
7.488520128189207758e-01 -1.260469408563739124e-01
7.642410644905727191e-01 -1.193749555173373306e-01
7.796894672134594417e-01 -1.125979116300350885e-01
7.951933319348093443e-01 -1.057099428294526328e-01
8.107487556395898132e-01 -9.869889864750251707e-02
8.263518223330695855e-01 -9.154642333356341477e-02
8.419986040266501659e-01 -8.422872113306498210e-02
8.576851617267149397e-01 -7.671820314763035109e-02
8.734075464262507360e-01 -6.898622927804287652e-02
8.891618000989889303e-01 -6.100717524475064713e-02
9.049439566958173975e-01 -5.276406872415473348e-02
9.207500431432115162e-01 -4.425604966008207103e-02
9.365760803434354242e-01 -3.550791723971361696e-02
9.524180841762578398e-01 -2.658202930766573671e-02
9.682720665019324269e-01 -1.759281860306638814e-02
9.841340361651920166e-01 -8.724183652768009722e-03
9.999999999999998890e-01 -2.500000000000570884e-04
