9.999999999999998890e-01 2.500000000000972039e-04
9.841340361651920166e-01 1.406436047232342140e-02
9.682720665019324269e-01 2.766749090737860572e-02
9.524180841762578398e-01 4.099245782135269023e-02
9.365760803434354242e-01 5.399048769492199168e-02
9.207500431432115162e-01 6.662781727926518627e-02
9.049439566958173975e-01 7.888291294900572070e-02
8.891618000989889303e-01 9.074403840161203438e-02
8.734075464262507360e-01 1.022071478776027109e-01
8.576851617267149397e-01 1.132740805543629992e-01
8.419986040266501659e-01 1.239510308101134384e-01
8.263518223330695855e-01 1.342472686192857645e-01
8.107487556395898132e-01 1.441740843771907032e-01
7.951933319348093443e-01 1.537439329078575667e-01
7.796894672134594417e-01 1.629697522293895584e-01
7.642410644905727191e-01 1.718644337800619981e-01
7.488520128189207758e-01 1.804404221895451743e-01
7.335261863099650226e-01 1.887094242578754855e-01
7.182674431585703845e-01 1.966822085268013498e-01
7.030796246717250231e-01 2.043684786432846123e-01
6.879665543015128781e-01 2.117768055760445023e-01
6.729320366825783939e-01 2.189146056099394999e-01
6.579798566743311206e-01 2.257881528710315999e-01
6.431137784081281117e-01 2.324026168936152437e-01
6.283375443396724824e-01 2.387621174006494540e-01
6.136548743068714895e-01 2.448697900075013922e-01
5.990694645933862805e-01 2.507278579575348831e-01
5.845849869981135649e-01 2.563377062438302878e-01
5.702050879108284676e-01 2.616999555561689839e-01
5.559333873942259308e-01 2.668145344129541074e-01
5.417734782725895926e-01 2.716807485949250256e-01
5.277289252273172915e-01 2.762973475961703063e-01
5.138032638995313484e-01 2.806625882563054675e-01
5.000000000000001110e-01 2.847742960469084039e-01
4.863226084265935834e-01 2.886299246689166265e-01
4.727745323894976259e-01 2.922266146910257878e-01
4.593591825444023335e-01 2.955612519388004511e-01
4.460799361338897429e-01 2.986305262475475453e-01
4.329401361372292589e-01 3.014309910365882694e-01
4.199430904288018462e-01 3.039591239656875277e-01
4.070920709453594855e-01 3.062113887126724499e-01
3.943903128623333920e-01 3.081842976802190992e-01
3.818410137793947223e-01 3.098744752135058622e-01
3.694473329154774888e-01 3.112787207013473778e-01
3.572123903134606371e-01 3.123940707520376781e-01
3.451392660547150104e-01 3.132178594898983870e-01
3.332309994837083789e-01 3.137477759157938917e-01
3.214905884428678196e-01 3.139819172187752749e-01
3.099209885178879631e-01 3.139188369186167726e-01
2.985251122936787294e-01 3.135575867603039302e-01
2.873058286211370715e-01 3.128977513696476476e-01
2.762659618949298013e-01 3.119394748105277504e-01
2.654082913424666845e-01 3.106834783537354983e-01
2.547355503242452190e-01 3.091310689686332935e-01
2.442504256457417311e-01 3.072841382746001604e-01
2.339555568810219865e-01 3.051451519314456462e-01
2.238535357082431787e-01 3.027171296982606452e-01
2.139469052572124941e-01 3.000036166400018578e-01
2.042381594691679014e-01 2.970086462020656848e-01
1.947297424689413692e-01 2.937366960972734309e-01
1.854240479496642724e-01 2.901926381497049179e-01
1.763234185701672008e-01 2.863816834092440256e-01
1.674301453652287108e-01 2.823093239841085733e-01
1.587464671688187945e-01 2.779812731317729546e-01
1.502745700504856119e-01 2.734034051985971825e-01
1.420165867650229341e-01 2.685816970035079798e-01
1.339745962155614034e-01 2.635221722209972750e-01
1.261506229302150617e-01 2.582308502345747048e-01
1.185466365524179277e-01 2.527137008060453272e-01
1.111645513450765232e-01 2.469766057421544092e-01
1.040062257086641351e-01 2.410253285429359293e-01
9.707346171337882801e-02 2.348654927911523749e-01
9.036800464548166989e-02 2.285025697958698032e-01
8.389154256793041053e-02 2.219418757424813371e-01
7.764570589541863743e-02 2.151885783336635327e-01
7.163206698392743377e-02 2.082477126383563970e-01
6.585213973489323358e-02 2.011242056063253236e-01
6.030737921409157209e-02 1.938229084614060682e-01
5.499918128533154427e-02 1.863486359638788503e-01
4.992888225905456334e-02 1.787062113376978456e-01
4.509775855592612626e-02 1.709005154968180340e-01
4.050702638550263135e-02 1.629365390809862646e-01
3.615784144005795842e-02 1.548194357284597145e-01
3.205129860364375194e-02 1.465545749733336289e-01
2.818843167645834757e-02 1.381475931595584627e-01
2.457021311459295365e-02 1.296044408120799463e-01
2.119755378522125699e-02 1.209314249964808519e-01
1.807130273729329328e-02 1.121352453294830881e-01
1.519224698779197968e-02 1.032230224700946691e-01
1.256111132360571148e-02 9.420231812045372355e-02
1.017855811906731578e-02 8.508114579111128450e-02
8.045187169204659483e-03 7.586797183146713752e-02
6.161535538745877005e-03 6.657170648568203064e-02
4.528077426915411152e-03 5.720168500059357591e-02
3.145224048057615462e-03 4.776763907783805607e-02
2.013323528115562588e-03 3.827965922029966106e-02
1.132660816992037134e-03 2.874814876632351621e-02
5.034576168149174080e-04 1.918377062725619073e-02
1.258723261249317105e-04 9.597387938882383923e-03
0.000000000000000000e+00 0.000000000000000000e+00
1.258723261249317105e-04 -9.478184936893129658e-03
5.034576168149174080e-04 -1.893926317539402007e-02
1.132660816992037134e-03 -2.836624396757099834e-02
2.013323528115562588e-03 -3.774248984071326696e-02
3.145224048057615462e-03 -4.705188208577043563e-02
4.528077426915411152e-03 -5.627897321117231871e-02
6.161535538745877005e-03 -6.540912259619151292e-02
8.045187169204659483e-03 -7.442861205322762186e-02
1.017855811906731578e-02 -8.332473857666096440e-02
1.256111132360571148e-02 -9.208588220114490019e-02
1.519224698779197968e-02 -1.007015475960573725e-01
1.807130273729329328e-02 -1.091623787652164501e-01
2.119755378522125699e-02 -1.174601469807412396e-01
2.457021311459295365e-02 -1.255877128352496097e-01
2.818843167645834757e-02 -1.335389640257164667e-01
3.205129860364375194e-02 -1.413087311641384458e-01
3.615784144005795842e-02 -1.488926845247902919e-01
4.050702638550263135e-02 -1.562872151672543009e-01
4.509775855592612626e-02 -1.634893043028174120e-01
4.992888225905456334e-02 -1.704963850863187025e-01
5.499918128533154427e-02 -1.773062012063520709e-01
6.030737921409157209e-02 -1.839166667076129746e-01
6.585213973489323358e-02 -1.903257314076137185e-01
7.163206698392743377e-02 -1.965312560672276831e-01
7.764570589541863743e-02 -2.025309011457401831e-01
8.389154256793041053e-02 -2.083220325251240457e-01
9.036800464548166989e-02 -2.139016470375763868e-01
9.707346171337882801e-02 -2.192663199906257354e-01
1.040062257086641351e-01 -2.244121761738689935e-01
1.111645513450765232e-01 -2.293348850715341836e-01
1.185466365524179277e-01 -2.340296802182893210e-01
1.261506229302150617e-01 -2.384914018459209639e-01
1.339745962155614034e-01 -2.427145612001082309e-01
1.420165867650229341e-01 -2.466934241837381303e-01
1.502745700504856119e-01 -2.504221113293949030e-01
1.587464671688187945e-01 -2.538947105405579552e-01
1.674301453652287108e-01 -2.571053985881259774e-01
1.763234185701672008e-01 -2.600485670227395407e-01
1.854240479496642724e-01 -2.627189479770795089e-01
1.947297424689413692e-01 -2.651117352950444483e-01
2.042381594691679014e-01 -2.672226965412205502e-01
2.139469052572124941e-01 -2.690482717145163960e-01
2.238535357082431787e-01 -2.705856549096119501e-01
2.339555568810219865e-01 -2.718328557294651393e-01
2.442504256457417311e-01 -2.727887379373718502e-01
2.547355503242452190e-01 -2.734530336292627095e-01
2.654082913424666845e-01 -2.738263320832891590e-01
2.762659618949298013e-01 -2.739100433778802746e-01
2.873058286211370715e-01 -2.737063378320032103e-01
2.985251122936787294e-01 -2.732180632807353349e-01
3.099209885178879631e-01 -2.724486431225082717e-01
3.214905884428678196e-01 -2.714019589280691203e-01
3.332309994837083789e-01 -2.700822221524536992e-01
3.451392660547150104e-01 -2.684938401086869320e-01
3.572123903134606371e-01 -2.666412818167707144e-01
3.694473329154774888e-01 -2.645289496085625469e-01
3.818410137793947223e-01 -2.621610624277876944e-01
3.943903128623333920e-01 -2.595415565995024543e-01
4.070920709453594855e-01 -2.566740094459852850e-01
4.199430904288018462e-01 -2.535615904944098498e-01
4.329401361372292589e-01 -2.502070441614392959e-01
4.460799361338897429e-01 -2.466127067246708104e-01
4.593591825444023335e-01 -2.427805591224180548e-01
4.727745323894976259e-01 -2.387123156915431643e-01
4.863226084265935834e-01 -2.344095473957641951e-01
5.000000000000001110e-01 -2.298738364594354877e-01
5.138032638995313484e-01 -2.251069576564531938e-01
5.277289252273172915e-01 -2.201110798689240033e-01
5.417734782725895926e-01 -2.148889799887509777e-01
5.559333873942259308e-01 -2.094442598542006206e-01
5.702050879108284676e-01 -2.037815557619280515e-01
5.845849869981135649e-01 -1.979067292425753799e-01
5.990694645933862805e-01 -1.918270273035227180e-01
6.136548743068714895e-01 -1.855512002913287939e-01
6.283375443396724824e-01 -1.790895659696426778e-01
6.431137784081281117e-01 -1.724540093999308854e-01
6.579798566743311206e-01 -1.656579097975769410e-01
6.729320366825783939e-01 -1.587159877495656346e-01
6.879665543015128781e-01 -1.516440690445635953e-01
7.030796246717250231e-01 -1.444587648903530863e-01
7.182674431585703845e-01 -1.371770724705676237e-01
7.335261863099650226e-01 -1.298159045993086680e-01
7.488520128189207758e-01 -1.223915626278963553e-01
7.642410644905727191e-01 -1.149191726841128358e-01
7.796894672134594417e-01 -1.074121117039321671e-01
7.951933319348093443e-01 -9.988145645383585125e-02
8.107487556395898132e-01 -9.233549572559336671e-02
8.263518223330695855e-01 -8.477935298525132723e-02
8.419986040266501659e-01 -7.721477382885645613e-02
8.576851617267149397e-01 -6.964013948013272892e-02
8.734075464262507360e-01 -6.205077408912868658e-02
8.891618000989889303e-01 -5.443961957562999665e-02
9.049439566958173975e-01 -4.679835702022187155e-02
9.207500431432115162e-01 -3.911905794924347424e-02
9.365760803434354242e-01 -3.139645209743627263e-02
9.524180841762578398e-01 -2.363090017743975715e-02
9.682720665019324269e-01 -1.583216065943570533e-02
9.841340361651920166e-01 -8.024038399571125149e-03
9.999999999999998890e-01 -2.500000000000541069e-04
