9.999999999999998890e-01 2.500000000001143885e-04
9.841340361651920166e-01 1.653501548090284892e-02
9.682720665019324269e-01 3.262116280813071034e-02
9.524180841762578398e-01 4.842764299712339765e-02
9.365760803434354242e-01 6.389815727355838137e-02
9.207500431432115162e-01 7.899593511031220705e-02
9.049439566958173975e-01 9.369944600879974439e-02
8.891618000989889303e-01 1.079987466264331342e-01
8.734075464262507360e-01 1.218924117702011589e-01
8.576851617267149397e-01 1.353849958817807397e-01
8.419986040266501659e-01 1.484849708440990346e-01
8.263518223330695855e-01 1.612030861438977780e-01
8.107487556395898132e-01 1.735510985221690172e-01
7.951933319348093443e-01 1.855408201209995112e-01
7.796894672134594417e-01 1.971834366745069123e-01
7.642410644905727191e-01 2.084890503751723467e-01
7.488520128189207758e-01 2.194664055579670647e-01
7.335261863099650226e-01 2.301227591693464636e-01
7.182674431585703845e-01 2.404638620174366914e-01
7.030796246717250231e-01 2.504940209311528609e-01
6.879665543015128781e-01 2.602162160950490799e-01
6.729320366825783939e-01 2.696322518880477914e-01
6.579798566743311206e-01 2.787429234624244079e-01
6.431137784081281117e-01 2.875481849898077202e-01
6.283375443396724824e-01 2.960473089198199514e-01
6.136548743068714895e-01 3.042390287018044148e-01
5.990694645933862805e-01 3.121216601795500645e-01
5.845849869981135649e-01 3.196931992624449936e-01
5.702050879108284676e-01 3.269513954938855216e-01
5.559333873942259308e-01 3.338938027784908447e-01
5.417734782725895926e-01 3.405178098020284483e-01
5.277289252273172915e-01 3.468206535981386840e-01
5.138032638995313484e-01 3.527994203070206614e-01
5.000000000000001110e-01 3.584510374619969131e-01
4.863226084265935834e-01 3.637722621636724218e-01
4.727745323894976259e-01 3.687596692950195765e-01
4.593591825444023335e-01 3.734096435331529240e-01
4.460799361338897429e-01 3.777183783648772053e-01
4.329401361372292589e-01 3.816818846534454912e-01
4.199430904288018462e-01 3.852960105724202999e-01
4.070920709453594855e-01 3.885564739563596159e-01
3.943903128623333920e-01 3.914589073517369400e-01
3.818410137793947223e-01 3.939989153162086755e-01
3.694473329154774888e-01 3.961721428372670384e-01
3.572123903134606371e-01 3.979743531453084349e-01
3.451392660547150104e-01 3.994015126994068798e-01
3.332309994837083789e-01 4.004498807400498905e-01
3.214905884428678196e-01 4.011161005403353075e-01
3.099209885178879631e-01 4.013972893495759142e-01
2.985251122936787294e-01 4.012911240102678412e-01
2.873058286211370715e-01 4.007959193362210515e-01
2.762659618949298013e-01 3.999106965577347572e-01
2.654082913424666845e-01 3.986352394572595936e-01
2.547355503242452190e-01 3.969701362214164697e-01
2.442504256457417311e-01 3.949168055058910887e-01
2.339555568810219865e-01 3.924775057303035442e-01
2.238535357082431787e-01 3.896553271715644251e-01
2.139469052572124941e-01 3.864541669870126261e-01
2.042381594691679014e-01 3.828786878536437621e-01
1.947297424689413692e-01 3.789342614387326558e-01
1.854240479496642724e-01 3.746268984032157245e-01
1.763234185701672008e-01 3.699631670672518524e-01
1.674301453652287108e-01 3.649501032245804355e-01
1.587464671688187945e-01 3.595951138682811354e-01
1.502745700504856119e-01 3.539058777777095988e-01
1.420165867650229341e-01 3.478902460100172789e-01
1.339745962155614034e-01 3.415561453379878376e-01
1.261506229302150617e-01 3.349114875800514590e-01
1.185466365524179277e-01 3.279640875822438795e-01
1.111645513450765232e-01 3.207215923420920767e-01
1.040062257086641351e-01 3.131914234199155156e-01
9.707346171337882801e-02 3.053807343748224934e-01
9.036800464548166989e-02 2.972963845034975461e-01
8.389154256793041053e-02 2.889449296637652265e-01
7.764570589541863743e-02 2.803326304468161667e-01
7.163206698392743377e-02 2.714654774372861068e-01
6.585213973489323358e-02 2.623492327845114991e-01
6.030737921409157209e-02 2.529894868161980948e-01
5.499918128533154427e-02 2.433917279716186488e-01
4.992888225905456334e-02 2.335614239282021165e-01
4.509775855592612626e-02 2.235041114543502572e-01
4.050702638550263135e-02 2.132254922520215312e-01
3.615784144005795842e-02 2.027315318624344498e-01
3.205129860364375194e-02 1.920285586022572877e-01
2.818843167645834757e-02 1.811233594785641998e-01
2.457021311459295365e-02 1.700232700988746071e-01
2.119755378522125699e-02 1.587362557455489487e-01
1.807130273729329328e-02 1.472709810171111966e-01
1.519224698779197968e-02 1.356368657459283145e-01
1.256111132360571148e-02 1.238441252732954689e-01
1.017855811906731578e-02 1.119037935887965129e-01
8.045187169204659483e-03 9.982772830881610215e-02
6.161535538745877005e-03 8.762859696614358485e-02
4.528077426915411152e-03 7.531984459481538829e-02
3.145224048057615462e-03 6.291564310748043454e-02
2.013323528115562588e-03 5.043082346230320923e-02
1.132660816992037134e-03 3.788079208900090034e-02
5.034576168149174080e-04 2.528143347591038648e-02
1.258723261249317105e-04 1.264900120009811862e-02
0.000000000000000000e+00 0.000000000000000000e+00
1.258723261249317105e-04 -1.256953252611281782e-02
5.034576168149174080e-04 -2.511842849624900884e-02
1.132660816992037134e-03 -3.762618887277315027e-02
2.013323528115562588e-03 -5.007271052087399615e-02
3.145224048057615462e-03 -6.243847175392654852e-02
4.528077426915411152e-03 -7.470470337354638557e-02
6.161535538745877005e-03 -8.685354100978558145e-02
8.045187169204659483e-03 -9.886815509275605207e-02
1.017855811906731578e-02 -1.107328554159256323e-01
1.256111132360571148e-02 -1.224331679656942146e-01
1.519224698779197968e-02 -1.339558824714633667e-01
1.807130273729329328e-02 -1.452890699531197982e-01
2.119755378522125699e-02 -1.564220703853916039e-01
2.457021311459295365e-02 -1.673454514368131196e-01
2.818843167645834757e-02 -1.780509400511150198e-01
3.205129860364375194e-02 -1.885313293974258675e-01
3.615784144005795842e-02 -1.987803644007989368e-01
4.050702638550263135e-02 -2.087926096562710832e-01
4.509775855592612626e-02 -2.185633040105249558e-01
4.992888225905456334e-02 -2.280882064508519269e-01
5.499918128533154427e-02 -2.373634381606578303e-01
6.030737921409157209e-02 -2.463853256771438294e-01
6.585213973489323358e-02 -2.551502500170680920e-01
7.163206698392743377e-02 -2.636545064218471790e-01
7.764570589541863743e-02 -2.718941790191587438e-01
8.389154256793041053e-02 -2.798650342141788538e-01
9.036800464548166989e-02 -2.875624360231007759e-01
9.707346171337882801e-02 -2.949812858616581712e-01
1.040062257086641351e-01 -3.021159885221860741e-01
1.111645513450765232e-01 -3.089604452370696142e-01
1.185466365524179277e-01 -3.155080738590603229e-01
1.261506229302150617e-01 -3.217518553159839922e-01
1.339745962155614034e-01 -3.276844046455420489e-01
1.420165867650229341e-01 -3.332980641117774812e-01
1.502745700504856119e-01 -3.385850151739324132e-01
1.587464671688187945e-01 -3.435374054447962733e-01
1.674301453652287108e-01 -3.481474862606645515e-01
1.763234185701672008e-01 -3.524077561070398934e-01
1.854240479496642724e-01 -3.563111049177563050e-01
1.947297424689413692e-01 -3.598509542005744466e-01
2.042381594691679014e-01 -3.630213880450103292e-01
2.139469052572124941e-01 -3.658172703387521651e-01
2.238535357082431787e-01 -3.682343439527599460e-01
2.339555568810219865e-01 -3.702693082421139037e-01
2.442504256457417311e-01 -3.719198719347577842e-01
2.547355503242452190e-01 -3.731847793235251731e-01
2.654082913424666845e-01 -3.740638086137913487e-01
2.762659618949298013e-01 -3.745577422814009294e-01
2.873058286211370715e-01 -3.746683103315924246e-01
2.985251122936787294e-01 -3.743981083854658332e-01
3.099209885178879631e-01 -3.737504935205789858e-01
3.214905884428678196e-01 -3.727294617205053062e-01
3.332309994837083789e-01 -3.713395116091496306e-01
3.451392660547150104e-01 -3.695854998255100332e-01
3.572123903134606371e-01 -3.674724939023705228e-01
3.694473329154774888e-01 -3.650056288209845290e-01
3.818410137793947223e-01 -3.621899735009888044e-01
3.943903128623333920e-01 -3.590304133343239501e-01
4.070920709453594855e-01 -3.555315544744194756e-01
4.199430904288018462e-01 -3.516976549454670087e-01
4.329401361372292589e-01 -3.475325867475772545e-01
4.460799361338897429e-01 -3.430398320168985826e-01
4.593591825444023335e-01 -3.382225149790606400e-01
4.727745323894976259e-01 -3.330834699421021949e-01
4.863226084265935834e-01 -3.276253439524112743e-01
5.000000000000001110e-01 -3.218507310333117433e-01
5.138032638995313484e-01 -3.157623331973405389e-01
5.277289252273172915e-01 -3.093631417329673616e-01
5.417734782725895926e-01 -3.026566306828082920e-01
5.559333873942259308e-01 -2.956469530254196565e-01
5.702050879108284676e-01 -2.883391289210235353e-01
5.845849869981135649e-01 -2.807392145579925002e-01
5.990694645933862805e-01 -2.728544397152944945e-01
6.136548743068714895e-01 -2.646933022066733643e-01
6.283375443396724824e-01 -2.562656079599992531e-01
6.431137784081281117e-01 -2.475824466673530733e-01
6.579798566743311206e-01 -2.386560947657836718e-01
6.729320366825783939e-01 -2.294998400114702519e-01
6.879665543015128781e-01 -2.201277251139255875e-01
7.030796246717250231e-01 -2.105542118093229886e-01
7.182674431585703845e-01 -2.007937713637321375e-01
7.335261863099650226e-01 -1.908604127806538819e-01
7.488520128189207758e-01 -1.807671658964411232e-01
7.642410644905727191e-01 -1.705255430160309005e-01
7.796894672134594417e-01 -1.601450096840270620e-01
7.951933319348093443e-01 -1.496325024969829276e-01
8.107487556395898132e-01 -1.389920394169125162e-01
8.263518223330695855e-01 -1.282244757006085478e-01
8.419986040266501659e-01 -1.173274661544524977e-01
8.576851617267149397e-01 -1.062957017853748687e-01
8.734075464262507360e-01 -9.512149585814783093e-02
8.891618000989889303e-01 -8.379580069007291909e-02
9.049439566958173975e-01 -7.230974201235892962e-02
9.207500431432115162e-01 -6.065676219572607025e-02
9.365760803434354242e-01 -4.883546686904313705e-02
9.524180841762578398e-01 -3.685327125153004674e-02
9.682720665019324269e-01 -2.473094267717368747e-02
9.841340361651920166e-01 -1.250813413332915215e-02
9.999999999999998890e-01 -2.500000000000856572e-04
