9.999999999999998890e-01 2.500000000000406086e-04
9.841340361651920166e-01 5.954887186522849103e-03
9.682720665019324269e-01 1.148122264861129241e-02
9.524180841762578398e-01 1.685806570652693265e-02
9.365760803434354242e-01 2.210550716982132707e-02
9.207500431432115162e-01 2.723660411983399796e-02
9.049439566958173975e-01 3.225903973894379134e-02
8.891618000989889303e-01 3.717652675717562916e-02
8.734075464262507360e-01 4.198997454823730213e-02
8.576851617267149397e-01 4.669844089788843799e-02
8.419986040266501659e-01 5.129989001685555938e-02
8.263518223330695855e-01 5.579177851214174588e-02
8.107487556395898132e-01 6.017149080216769447e-02
7.951933319348093443e-01 6.443664490326844740e-02
7.796894672134594417e-01 6.858528867019884900e-02
7.642410644905727191e-01 7.261600548516179698e-02
7.488520128189207758e-01 7.652794710244854859e-02
7.335261863099650226e-01 8.032080991258698510e-02
7.182674431585703845e-01 8.399476933323875294e-02
7.030796246717250231e-01 8.755038540443856043e-02
6.879665543015128781e-01 9.098849100115356803e-02
6.729320366825783939e-01 9.431007241169006572e-02
6.579798566743311206e-01 9.751615039797296991e-02
6.431137784081281117e-01 1.006076682813433626e-01
6.283375443396724824e-01 1.035853921095492985e-01
6.136548743068714895e-01 1.064498265773424351e-01
5.990694645933862805e-01 1.092011491107770654e-01
5.845849869981135649e-01 1.118391633961467041e-01
5.702050879108284676e-01 1.143632726467715688e-01
5.559333873942259308e-01 1.167724720590922471e-01
5.417734782725895926e-01 1.190653592147415674e-01
5.277289252273172915e-01 1.212401606352162819e-01
5.138032638995313484e-01 1.232947722853118544e-01
5.000000000000001110e-01 1.252268115429215622e-01
4.863226084265935834e-01 1.270336779962796536e-01
4.727745323894976259e-01 1.287126203836337079e-01
4.593591825444023335e-01 1.302608070417052011e-01
4.460799361338897429e-01 1.316753973642239561e-01
4.329401361372292589e-01 1.329536119758671087e-01
4.199430904288018462e-01 1.340927995854633847e-01
4.070920709453594855e-01 1.350904987809123659e-01
3.943903128623333920e-01 1.359444933529883326e-01
3.818410137793947223e-01 1.366528600729144394e-01
3.694473329154774888e-01 1.372140081872085249e-01
3.572123903134606371e-01 1.376267102219731753e-01
3.451392660547150104e-01 1.378901239980684090e-01
3.332309994837083789e-01 1.380038060405517908e-01
3.214905884428678196e-01 1.379677168140402144e-01
3.099209885178879631e-01 1.377822184255211024e-01
2.985251122936787294e-01 1.374480656044879123e-01
2.873058286211370715e-01 1.369663908955135456e-01
2.762659618949298013e-01 1.363386850803834649e-01
2.654082913424666845e-01 1.355667738869129613e-01
2.547355503242452190e-01 1.346527920419796354e-01
2.442504256457417311e-01 1.335991556905762045e-01
2.339555568810219865e-01 1.324085341351234901e-01
2.238535357082431787e-01 1.310838217548597751e-01
2.139469052572124941e-01 1.296281108492782219e-01
2.042381594691679014e-01 1.280446660180277196e-01
1.947297424689413692e-01 1.263369005482382901e-01
1.854240479496642724e-01 1.245083551345794459e-01
1.763234185701672008e-01 1.225626791129653670e-01
1.674301453652287108e-01 1.205036142507273089e-01
1.587464671688187945e-01 1.183349810087900023e-01
1.502745700504856119e-01 1.160606670787878575e-01
1.420165867650229341e-01 1.136846179032792725e-01
1.339745962155614034e-01 1.112108288126400085e-01
1.261506229302150617e-01 1.086433383593921748e-01
1.185466365524179277e-01 1.059862224004003567e-01
1.111645513450765232e-01 1.032435884694826583e-01
1.040062257086641351e-01 1.004195699967329186e-01
9.707346171337882801e-02 9.751831996471529984e-02
9.036800464548166989e-02 9.454400364354412223e-02
8.389154256793041053e-02 9.150079011404461948e-02
7.764570589541863743e-02 8.839284236762211255e-02
7.163206698392743377e-02 8.522430585976181749e-02
6.585213973489323358e-02 8.199929548765955145e-02
6.030737921409157209e-02 7.872188105769774291e-02
5.499918128533154427e-02 7.539607140172512045e-02
4.992888225905456334e-02 7.202579738893422068e-02
4.509775855592612626e-02 6.861489415937541136e-02
4.050702638550263135e-02 6.516708297297323094e-02
3.615784144005795842e-02 6.168595312194483093e-02
3.205129860364375194e-02 5.817494439286189506e-02
2.818843167645834757e-02 5.463733058592612490e-02
2.457021311459295365e-02 5.107620460258018025e-02
2.119755378522125699e-02 4.749446559819844177e-02
1.807130273729329328e-02 4.389480866471747594e-02
1.519224698779197968e-02 4.027971745967421496e-02
1.256111132360571148e-02 3.665146013473676717e-02
1.017855811906731578e-02 3.301208884043419639e-02
8.045187169204659483e-03 2.936344299681122386e-02
6.161535538745877005e-03 2.570715642488092742e-02
4.528077426915411152e-03 2.204466833397215192e-02
3.145224048057615462e-03 1.837723805849680522e-02
2.013323528115562588e-03 1.470596333741806643e-02
1.132660816992037134e-03 1.103180183392187680e-02
5.034576168149174080e-04 7.355595504420463226e-03
1.258723261249317105e-04 3.678097347781919980e-03
0.000000000000000000e+00 0.000000000000000000e+00
1.258723261249317105e-04 -3.434867591261283291e-03
5.034576168149174080e-04 -6.859930879313661141e-03
1.132660816992037134e-03 -1.026544550408150201e-02
2.013323528115562588e-03 -1.364190995087024780e-02
3.145224048057615462e-03 -1.698017973990260943e-02
4.528077426915411152e-03 -2.027157315271593818e-02
6.161535538745877005e-03 -2.350796604436809767e-02
8.045187169204659483e-03 -2.668187359393659613e-02
1.017855811906731578e-02 -2.978651720864066224e-02
1.256111132360571148e-02 -3.281587520870780234e-02
1.519224698779197968e-02 -3.576471636906564805e-02
1.807130273729329328e-02 -3.862861586717827866e-02
2.119755378522125699e-02 -4.140395367028996271e-02
2.457021311459295365e-02 -4.408789587601789906e-02
2.818843167645834757e-02 -4.667835998377338480e-02
3.205129860364375194e-02 -4.917396550742635097e-02
3.615784144005795842e-02 -5.157397172935163088e-02
4.050702638550263135e-02 -5.387820473108247132e-02
4.509775855592612626e-02 -5.608697610636580178e-02
4.992888225905456334e-02 -5.820099596040574641e-02
5.499918128533154427e-02 -6.022128291852438253e-02
6.030737921409157209e-02 -6.214907390465047171e-02
6.585213973489323358e-02 -6.398573640367159754e-02
7.163206698392743377e-02 -6.573268579290515723e-02
7.764570589541863743e-02 -6.739131012039771551e-02
8.389154256793041053e-02 -6.896290442745518778e-02
9.036800464548166989e-02 -7.044861636800853200e-02
9.707346171337882801e-02 -7.184940447843406186e-02
1.040062257086641351e-01 -7.316601001034064855e-02
1.111645513450765232e-01 -7.439894276912974169e-02
1.185466365524179277e-01 -7.554848091740776206e-02
1.261506229302150617e-01 -7.661468421982818577e-02
1.339745962155614034e-01 -7.759741974012077104e-02
1.420165867650229341e-01 -7.849639856714783759e-02
1.502745700504856119e-01 -7.931122175932726892e-02
1.587464671688187945e-01 -8.004143336904509520e-02
1.674301453652287108e-01 -8.068657815251667476e-02
1.763234185701672008e-01 -8.124626139573555561e-02
1.854240479496642724e-01 -8.172020820111290662e-02
1.947297424689413692e-01 -8.210831958696511446e-02
2.042381594691679014e-01 -8.241072285508498074e-02
2.139469052572124941e-01 -8.262781387913462061e-02
2.238535357082431787e-01 -8.276028925433272232e-02
2.339555568810219865e-01 -8.280916661958724612e-02
2.442504256457417311e-01 -8.277579190657684272e-02
2.547355503242452190e-01 -8.266183277325009349e-02
2.654082913424666845e-01 -8.246925802622652457e-02
2.762659618949298013e-01 -8.220030340994433082e-02
2.873058286211370715e-01 -8.185742472072204956e-02
2.985251122936787294e-01 -8.144323977063594455e-02
3.099209885178879631e-01 -8.096046125812854377e-02
3.214905884428678196e-01 -8.041182307846958532e-02
3.332309994837083789e-01 -7.980000300722089879e-02
3.451392660547150104e-01 -7.912754499471669201e-02
3.572123903134606371e-01 -7.839678450236332863e-02
3.694473329154774888e-01 -7.760978037809813934e-02
3.818410137793947223e-01 -7.676825669783146622e-02
3.943903128623333920e-01 -7.587355778524963734e-02
4.070920709453594855e-01 -7.492661926156360397e-02
4.199430904288018462e-01 -7.392795747207925317e-02
4.329401361372292589e-01 -7.287767899545498362e-02
4.460799361338897429e-01 -7.177551117716335360e-02
4.593591825444023335e-01 -7.062085375939343435e-02
4.727745323894976259e-01 -6.941285072916429655e-02
4.863226084265935834e-01 -6.815048050364874710e-02
5.000000000000001110e-01 -6.683266155026383604e-02
5.138032638995313484e-01 -6.545836953684248949e-02
5.277289252273172915e-01 -6.402676116559080643e-02
5.417734782725895926e-01 -6.253729900775185924e-02
5.559333873942259308e-01 -6.098987096994163554e-02
5.702050879108284676e-01 -5.938489753476599436e-02
5.845849869981135649e-01 -5.772341967393560674e-02
5.990694645933862805e-01 -5.600716037640926515e-02
6.136548743068714895e-01 -5.423855310892957554e-02
6.283375443396724824e-01 -5.242073126923615933e-02
6.431137784081281117e-01 -5.055747383525106137e-02
6.579798566743311206e-01 -4.865310398175069079e-02
6.729320366825783939e-01 -4.671233944647860958e-02
6.879665543015128781e-01 -4.474009588804826049e-02
7.030796246717250231e-01 -4.274124738575284244e-02
7.182674431585703845e-01 -4.072035157275680217e-02
7.335261863099650226e-01 -3.868135064337517581e-02
7.488520128189207758e-01 -3.662726359410282961e-02
7.642410644905727191e-01 -3.455988949585858672e-02
7.796894672134594417e-01 -3.247954628790028497e-02
7.951933319348093443e-01 -3.038487445584874685e-02
8.107487556395898132e-01 -2.827273991896377819e-02
8.263518223330695855e-01 -2.613827540570764704e-02
8.419986040266501659e-01 -2.397510443194958082e-02
8.576851617267149397e-01 -2.177579659428252601e-02
8.734075464262507360e-01 -1.953260712595648527e-02
8.891618000989889303e-01 -1.723855740362231423e-02
9.049439566958173975e-01 -1.488891620490291612e-02
9.207500431432115162e-01 -1.248314386430966066e-02
9.365760803434354242e-01 -1.002736292431811484e-02
9.524180841762578398e-01 -7.537419299857741999e-03
9.682720665019324269e-01 -5.042597245386360762e-03
9.841340361651920166e-01 -2.590049421255245614e-03
9.999999999999998890e-01 -2.500000000000157261e-04
