9.999999999999998890e-01 2.500000000000665752e-04
9.841340361651920166e-01 9.627029412539650499e-03
9.682720665019324269e-01 1.875147741156095102e-02
9.524180841762578398e-01 2.765304517518858002e-02
9.365760803434354242e-01 3.635257425961126859e-02
9.207500431432115162e-01 4.486390826734059506e-02
9.049439566958173975e-01 5.319549733942653680e-02
8.891618000989889303e-01 6.135176158294560617e-02
8.734075464262507360e-01 6.933423107746877756e-02
8.576851617267149397e-01 7.714248120526318031e-02
8.419986040266501659e-01 8.477488274290072290e-02
8.263518223330695855e-01 9.222918646449952684e-02
8.107487556395898132e-01 9.950296197049963987e-02
7.951933319348093443e-01 1.065939101051577020e-01
7.796894672134594417e-01 1.135000676974949052e-01
7.642410644905727191e-01 1.202199224923371501e-01
7.488520128189207758e-01 1.267524550691012664e-01
7.335261863099650226e-01 1.330971233148523225e-01
7.182674431585703845e-01 1.392538036629296649e-01
7.030796246717250231e-01 1.452227018659027202e-01
6.879665543015128781e-01 1.510042445767130481e-01
6.729320366825783939e-01 1.565989614972758126e-01
6.579798566743311206e-01 1.620073663495265881e-01
6.431137784081281117e-01 1.672298434569188808e-01
6.283375443396724824e-01 1.722665453184363538e-01
6.136548743068714895e-01 1.771173052326312225e-01
5.990694645933862805e-01 1.817815678028738557e-01
5.845849869981135649e-01 1.862583390402009764e-01
5.702050879108284676e-01 1.905461567867348938e-01
5.559333873942259308e-01 1.946430813170538232e-01
5.417734782725895926e-01 1.985467052404106814e-01
5.277289252273172915e-01 2.022541812235669478e-01
5.138032638995313484e-01 2.057622655797721745e-01
5.000000000000001110e-01 2.090673754191552103e-01
4.863226084265935834e-01 2.121656568224437045e-01
4.727745323894976259e-01 2.150530613746546860e-01
4.593591825444023335e-01 2.177254283678869140e-01
4.460799361338897429e-01 2.201785700411955371e-01
4.329401361372292589e-01 2.224083573585741436e-01
4.199430904288018462e-01 2.244108040207062060e-01
4.070920709453594855e-01 2.261821466496775068e-01
3.943903128623333920e-01 2.277189193657310762e-01
3.818410137793947223e-01 2.290180212793244685e-01
3.694473329154774888e-01 2.300767757388154922e-01
3.572123903134606371e-01 2.308929804935578589e-01
3.451392660547150104e-01 2.314649482445657047e-01
3.332309994837083789e-01 2.317915373519465194e-01
3.214905884428678196e-01 2.318721727429896851e-01
3.099209885178879631e-01 2.317068573114727525e-01
2.985251122936787294e-01 2.312961743130825254e-01
2.873058286211370715e-01 2.306412814408537459e-01
2.762659618949298013e-01 2.297438974065106054e-01
2.654082913424666845e-01 2.286062819580737815e-01
2.547355503242452190e-01 2.272312103317067067e-01
2.442504256457417311e-01 2.256219431681749932e-01
2.339555568810219865e-01 2.237821929239840468e-01
2.238535357082431787e-01 2.217160877774992100e-01
2.139469052572124941e-01 2.194281339749517834e-01
2.042381594691679014e-01 2.169231774844184724e-01
1.947297424689413692e-01 2.142063657321464643e-01
1.854240479496642724e-01 2.112831100895684044e-01
1.763234185701672008e-01 2.081590496656046951e-01
1.674301453652287108e-01 2.048400168417890133e-01
1.587464671688187945e-01 2.013320048715155353e-01
1.502745700504856119e-01 1.976411377530480906e-01
1.420165867650229341e-01 1.937736424821281944e-01
1.339745962155614034e-01 1.897358236968473277e-01
1.261506229302150617e-01 1.855340406470673831e-01
1.185466365524179277e-01 1.811746863546766784e-01
1.111645513450765232e-01 1.766641687803200411e-01
1.040062257086641351e-01 1.720088937773110171e-01
9.707346171337882801e-02 1.672152495940315009e-01
9.036800464548166989e-02 1.622895926815186851e-01
8.389154256793041053e-02 1.572382345719451624e-01
7.764570589541863743e-02 1.520674296147180582e-01
7.163206698392743377e-02 1.467833633880448463e-01
6.585213973489323358e-02 1.413921416428682298e-01
6.030737921409157209e-02 1.358997796807506486e-01
5.499918128533154427e-02 1.303121921151889628e-01
4.992888225905456334e-02 1.246351830145972506e-01
4.509775855592612626e-02 1.188744364725107111e-01
4.050702638550263135e-02 1.130355076943222181e-01
3.615784144005795842e-02 1.071238147281792646e-01
3.205129860364375194e-02 1.011446309989235542e-01
2.818843167645834757e-02 9.510307882689081338e-02
2.457021311459295365e-02 8.900412412707311982e-02
2.119755378522125699e-02 8.285257248805855124e-02
1.807130273729329328e-02 7.665306682414323169e-02
1.519224698779197968e-02 7.041008677830068452e-02
1.256111132360571148e-02 6.412795002887486384e-02
1.017855811906731578e-02 5.781081561986576439e-02
8.045187169204659483e-03 5.146268939470869525e-02
6.161535538745877005e-03 4.508743156797630214e-02
4.528077426915411152e-03 3.868876642008042127e-02
3.145224048057615462e-03 3.227029404862858525e-02
2.013323528115562588e-03 2.583550405837641353e-02
1.132660816992037134e-03 1.938779102160547926e-02
5.034576168149174080e-04 1.293047149397825481e-02
1.258723261249317105e-04 6.466802329137448860e-03
0.000000000000000000e+00 0.000000000000000000e+00
1.258723261249317105e-04 -6.142496004315657100e-03
5.034576168149174080e-04 -1.226958536090908686e-02
1.132660816992037134e-03 -1.836598263077484500e-02
2.013323528115562588e-03 -2.441676627190573698e-02
3.145224048057615462e-03 -3.040754969696286142e-02
4.528077426915411152e-03 -3.632463959286573452e-02
6.161535538745877005e-03 -4.215517781323314256e-02
8.045187169204659483e-03 -4.788726361157871064e-02
1.017855811906731578e-02 -5.351005352948703941e-02
1.256111132360571148e-02 -5.901383687410552414e-02
1.519224698779197968e-02 -6.439008539549316568e-02
1.807130273729329328e-02 -6.963147648729714478e-02
2.119755378522125699e-02 -7.473188996349332258e-02
2.457021311459295365e-02 -7.968637918851474711e-02
2.818843167645834757e-02 -8.449111803714159930e-02
3.205129860364375194e-02 -8.914332581377917841e-02
3.615784144005795842e-02 -9.364117284922297835e-02
4.050702638550263135e-02 -9.798366999948476819e-02
4.509775855592612626e-02 -1.021705456808246065e-01
4.992888225905456334e-02 -1.062021143756168434e-01
5.499918128533154427e-02 -1.100791407260152677e-01
6.030737921409157209e-02 -1.138027033909099484e-01
6.585213973489323358e-02 -1.173740627743299625e-01
7.163206698392743377e-02 -1.207945365418706118e-01
7.764570589541863743e-02 -1.240653865312701526e-01
8.389154256793041053e-02 -1.271877202428363662e-01
9.036800464548166989e-02 -1.301624095773524226e-01
9.707346171337882801e-02 -1.329900288887490845e-01
1.040062257086641351e-01 -1.356708137542677051e-01
1.111645513450765232e-01 -1.382046411562836419e-01
1.185466365524179277e-01 -1.405910310392793905e-01
1.261506229302150617e-01 -1.428291684755128577e-01
1.339745962155614034e-01 -1.449179449669454889e-01
1.420165867650229341e-01 -1.468560167518657422e-01
1.502745700504856119e-01 -1.486418773942375093e-01
1.587464671688187945e-01 -1.502739414322867006e-01
1.674301453652287108e-01 -1.517506354680319691e-01
1.763234185701672008e-01 -1.530704928062294745e-01
1.854240479496642724e-01 -1.542322476109263540e-01
1.947297424689413692e-01 -1.552349245479423268e-01
2.042381594691679014e-01 -1.560779200252977450e-01
2.139469052572124941e-01 -1.567610714295142038e-01
2.238535357082431787e-01 -1.572847111778337137e-01
2.339555568810219865e-01 -1.576497029541156225e-01
2.442504256457417311e-01 -1.578574581543708277e-01
2.547355503242452190e-01 -1.579099313172913355e-01
2.654082913424666845e-01 -1.578095941326649876e-01
2.762659618949298013e-01 -1.575593884799355304e-01
2.873058286211370715e-01 -1.571626598215237758e-01
2.985251122936787294e-01 -1.566230731302315771e-01
3.099209885178879631e-01 -1.559445143355391583e-01
3.214905884428678196e-01 -1.551309809983250076e-01
3.332309994837083789e-01 -1.541864665369467868e-01
3.451392660547150104e-01 -1.531148428011709639e-01
3.572123903134606371e-01 -1.519197460986344006e-01
3.694473329154774888e-01 -1.506044718998764687e-01
3.818410137793947223e-01 -1.491718833659765597e-01
3.943903128623333920e-01 -1.476243385467773950e-01
4.070920709453594855e-01 -1.459636405834592587e-01
4.199430904288018462e-01 -1.441910145199486737e-01
4.329401361372292589e-01 -1.423071133940726485e-01
4.460799361338897429e-01 -1.403120551602635713e-01
4.593591825444023335e-01 -1.382054907178040248e-01
4.727745323894976259e-01 -1.359867019168916613e-01
4.863226084265935834e-01 -1.336547269316655517e-01
5.000000000000001110e-01 -1.312085088743399353e-01
5.138032638995313484e-01 -1.286470620336823412e-01
5.277289252273172915e-01 -1.259696487155168576e-01
5.417734782725895926e-01 -1.231759584082144782e-01
5.559333873942259308e-01 -1.202662799604644617e-01
5.702050879108284676e-01 -1.172416567114735186e-01
5.845849869981135649e-01 -1.141040141240673572e-01
5.990694645933862805e-01 -1.108562495055998437e-01
6.136548743068714895e-01 -1.075022739225063584e-01
6.283375443396724824e-01 -1.040469974779409112e-01
6.431137784081281117e-01 -1.004962507762222762e-01
6.579798566743311206e-01 -9.685663768066696266e-02
6.729320366825783939e-01 -9.313531740873180753e-02
6.879665543015128781e-01 -8.933971761245979026e-02
7.030796246717250231e-01 -8.547718436000374675e-02
7.182674431585703845e-01 -8.155457984590890053e-02
7.335261863099650226e-01 -7.757784417660935905e-02
7.488520128189207758e-01 -7.355154364755989160e-02
7.642410644905727191e-01 -6.947843447502173586e-02
7.796894672134594417e-01 -6.535907787522847456e-02
7.951933319348093443e-01 -6.119154958432214408e-02
8.107487556395898132e-01 -5.697129425397480518e-02
8.263518223330695855e-01 -5.269118249313116398e-02
8.419986040266501659e-01 -4.834183549371393052e-02
8.576851617267149397e-01 -4.391228900208993952e-02
8.734075464262507360e-01 -3.939107469238716658e-02
8.891618000989889303e-01 -3.476780256810061559e-02
9.049439566958173975e-01 -3.003533266556576709e-02
9.207500431432115162e-01 -2.519262785604791527e-02
9.365760803434354242e-01 -2.024838174381597689e-02
9.524180841762578398e-01 -1.522551634319464602e-02
9.682720665019324269e-01 -1.016664320598032432e-02
9.841340361651920166e-01 -5.140578793926276098e-03
9.999999999999998890e-01 -2.500000000000333986e-04
