9.999999999999998890e-01 2.500000000000690147e-04
9.841340361651920166e-01 1.004112374933278755e-02
9.682720665019324269e-01 1.966145368138591878e-02
9.524180841762578398e-01 2.909242751652017095e-02
9.365760803434354242e-01 3.832214666568137945e-02
9.207500431432115162e-01 4.734381709005260758e-02
9.049439566958173975e-01 5.615442668601611231e-02
8.891618000989889303e-01 6.475364072223739609e-02
8.734075464262507360e-01 7.314289593429602887e-02
8.576851617267149397e-01 8.132467338267529433e-02
8.419986040266501659e-01 8.930193006896988694e-02
8.263518223330695855e-01 9.707766954599165998e-02
8.107487556395898132e-01 1.046546323102661435e-01
7.951933319348093443e-01 1.120350875884853215e-01
7.796894672134594417e-01 1.192207091799644958e-01
7.642410644905727191e-01 1.262125192519520933e-01
7.488520128189207758e-01 1.330108853611784714e-01
7.335261863099650226e-01 1.396155574520017706e-01
7.182674431585703845e-01 1.460257331195084773e-01
7.030796246717250231e-01 1.522401409880669021e-01
6.879665543015128781e-01 1.582571336081904090e-01
6.729320366825783939e-01 1.640747827866465558e-01
6.579798566743311206e-01 1.696909717097344061e-01
6.431137784081281117e-01 1.751034795746962136e-01
6.283375443396724824e-01 1.803100556905232466e-01
6.136548743068714895e-01 1.853084811322754932e-01
5.990694645933862805e-01 1.900966170218570950e-01
5.845849869981135649e-01 1.946724393563052380e-01
5.702050879108284676e-01 1.990340610091794471e-01
5.559333873942259308e-01 2.031797420922016317e-01
5.417734782725895926e-01 2.071078902867398985e-01
5.277289252273172915e-01 2.108170530447385782e-01
5.138032638995313484e-01 2.143059037254558263e-01
5.000000000000001110e-01 2.175732237891084275e-01
4.863226084265935834e-01 2.206178831241142058e-01
4.727745323894976259e-01 2.234388204551454038e-01
4.593591825444023335e-01 2.260350255795198771e-01
4.460799361338897429e-01 2.284055249247636810e-01
4.329401361372292589e-01 2.305493716256869774e-01
4.199430904288018462e-01 2.324656409997809259e-01
4.070920709453594855e-01 2.341534319692429866e-01
3.943903128623333920e-01 2.356118746494788585e-01
3.818410137793947223e-01 2.368401440092822718e-01
3.694473329154774888e-01 2.378374792173196250e-01
3.572123903134606371e-01 2.386032080317044279e-01
3.451392660547150104e-01 2.391367753712416444e-01
3.332309994837083789e-01 2.394377750334836241e-01
3.214905884428678196e-01 2.395059833993887777e-01
3.099209885178879631e-01 2.393413938886792824e-01
2.985251122936787294e-01 2.389442509038410267e-01
2.873058286211370715e-01 2.383150820224150535e-01
2.762659618949298013e-01 2.374547272636994832e-01
2.654082913424666845e-01 2.363643643628857149e-01
2.547355503242452190e-01 2.350455291276101755e-01
2.442504256457417311e-01 2.335001301227259130e-01
2.339555568810219865e-01 2.317304571219803988e-01
2.238535357082431787e-01 2.297391829730629220e-01
2.139469052572124941e-01 2.275293587378457716e-01
2.042381594691679014e-01 2.251044021853406962e-01
1.947297424689413692e-01 2.224680799239805440e-01
1.854240479496642724e-01 2.196244836558210733e-01
1.763234185701672008e-01 2.165780012122944242e-01
1.674301453652287108e-01 2.133332831841707189e-01
1.587464671688187945e-01 2.098952060832302013e-01
1.502745700504856119e-01 2.062688330666306580e-01
1.420165867650229341e-01 2.024593733149394337e-01
1.339745962155614034e-01 1.984721411802126967e-01
1.261506229302150617e-01 1.943125162113365223e-01
1.185466365524179277e-01 1.899859051211189587e-01
1.111645513450765232e-01 1.854977066853369383e-01
1.040062257086641351e-01 1.808532804609627176e-01
9.707346171337882801e-02 1.760579200827936952e-01
9.036800464548166989e-02 1.711168317489748514e-01
8.389154256793041053e-02 1.660351183412816234e-01
7.764570589541863743e-02 1.608177694506851552e-01
7.163206698392743377e-02 1.554696573980630936e-01
6.585213973489323358e-02 1.499955391593831289e-01
6.030737921409157209e-02 1.444000639296141586e-01
5.499918128533154427e-02 1.386877858950913145e-01
4.992888225905456334e-02 1.328631816347781991e-01
4.509775855592612626e-02 1.269306714409864645e-01
4.050702638550263135e-02 1.208946437431877019e-01
3.615784144005795842e-02 1.147594817374107401e-01
3.205129860364375194e-02 1.085295912703908711e-01
2.818843167645834757e-02 1.022094290033524894e-01
2.457021311459295365e-02 9.580352988541029902e-02
2.119755378522125699e-02 8.931653300058389755e-02
1.807130273729329328e-02 8.275320491400553480e-02
1.519224698779197968e-02 7.611845972998122767e-02
1.256111132360571148e-02 6.941737518431373433e-02
1.017855811906731578e-02 6.265520422229478581e-02
8.045187169204659483e-03 5.583738165805372800e-02
6.161535538745877005e-03 4.896952566616701030e-02
4.528077426915411152e-03 4.205743401791842834e-02
3.145224048057615462e-03 3.510707513760829429e-02
2.013323528115562588e-03 2.812457421397922958e-02
1.132660816992037134e-03 2.111619475353980827e-02
5.034576168149174080e-04 1.408831610185857196e-02
1.258723261249317105e-04 7.047407581737137085e-03
0.000000000000000000e+00 0.000000000000000000e+00
1.258723261249317105e-04 -6.855145647129053457e-03
5.034576168149174080e-04 -1.369633611699901457e-02
1.132660816992037134e-03 -2.050970267805125175e-02
2.013323528115562588e-03 -2.728167181533022040e-02
3.145224048057615462e-03 -3.399910403632935146e-02
4.528077426915411152e-03 -4.064942237361786337e-02
6.161535538745877005e-03 -4.722072759055495617e-02
8.045187169204659483e-03 -5.370189745847194634e-02
1.017855811906731578e-02 -6.008266790715171418e-02
1.256111132360571148e-02 -6.635369434327757776e-02
1.519224698779197968e-02 -7.250659197011956325e-02
1.807130273729329328e-02 -7.853395451108910463e-02
2.119755378522125699e-02 -8.442935132415074762e-02
2.457021311459295365e-02 -9.018730347708357742e-02
2.818843167645834757e-02 -9.580323991898019587e-02
3.205129860364375194e-02 -1.012734354152754618e-01
3.615784144005795842e-02 -1.065949323970473983e-01
4.050702638550263135e-02 -1.117654492966388968e-01
4.509775855592612626e-02 -1.167832782888271748e-01
4.992888225905456334e-02 -1.216471756198462956e-01
5.499918128533154427e-02 -1.263562478779110543e-01
6.030737921409157209e-02 -1.309098376334058844e-01
6.585213973489323358e-02 -1.353074118522290259e-01
7.163206698392743377e-02 -1.395484563623470842e-01
7.764570589541863743e-02 -1.436323794347038607e-01
8.389154256793041053e-02 -1.475584272312598644e-01
9.036800464548166989e-02 -1.513256134837787370e-01
9.707346171337882801e-02 -1.549326653081046223e-01
1.040062257086641351e-01 -1.583779865432939638e-01
1.111645513450765232e-01 -1.616596394480674381e-01
1.185466365524179277e-01 -1.647753450050279955e-01
1.261506229302150617e-01 -1.677225014932494096e-01
1.339745962155614034e-01 -1.704982204099727561e-01
1.420165867650229341e-01 -1.730993782699711270e-01
1.502745700504856119e-01 -1.755226823038348039e-01
1.587464671688187945e-01 -1.777647476300879825e-01
1.674301453652287108e-01 -1.798221831052070063e-01
1.763234185701672008e-01 -1.816916827728018435e-01
1.854240479496642724e-01 -1.833701196485080231e-01
1.947297424689413692e-01 -1.848546384978277390e-01
2.042381594691679014e-01 -1.861427442944446897e-01
2.139469052572124941e-01 -1.872323831873417554e-01
2.238535357082431787e-01 -1.881220130538687474e-01
2.339555568810219865e-01 -1.888106610667906193e-01
2.442504256457417311e-01 -1.892979661469629538e-01
2.547355503242452190e-01 -1.895842046970906414e-01
2.654082913424666845e-01 -1.896702986005188718e-01
2.762659618949298013e-01 -1.895578051041008072e-01
2.873058286211370715e-01 -1.892488888656218837e-01
2.985251122936787294e-01 -1.887462771121860283e-01
3.099209885178879631e-01 -1.880531995034785964e-01
3.214905884428678196e-01 -1.871733148996515828e-01
3.332309994837083789e-01 -1.861106277747954230e-01
3.451392660547150104e-01 -1.848693974716695276e-01
3.572123903134606371e-01 -1.834540438414598296e-01
3.694473329154774888e-01 -1.818690530362044588e-01
3.818410137793947223e-01 -1.801188873067768315e-01
3.943903128623333920e-01 -1.782079025953670071e-01
4.070920709453594855e-01 -1.761402774921168590e-01
4.199430904288018462e-01 -1.739199567496961252e-01
4.329401361372292589e-01 -1.715506120212293428e-01
4.460799361338897429e-01 -1.690356218157181012e-01
4.593591825444023335e-01 -1.663780718662928593e-01
4.727745323894976259e-01 -1.635807762013132827e-01
4.863226084265935834e-01 -1.606463182231063214e-01
5.000000000000001110e-01 -1.575771100658075463e-01
5.138032638995313484e-01 -1.543754674589548348e-01
5.277289252273172915e-01 -1.510436963079030692e-01
5.417734782725895926e-01 -1.475841862599042986e-01
5.559333873942259308e-01 -1.439995057023824576e-01
5.702050879108284676e-01 -1.402924919855122743e-01
5.845849869981135649e-01 -1.364663302229222608e-01
5.990694645933862805e-01 -1.325246138494349524e-01
6.136548743068714895e-01 -1.284713802481854128e-01
6.283375443396724824e-01 -1.243111152425171312e-01
6.431137784081281117e-01 -1.200487211170090107e-01
6.579798566743311206e-01 -1.156894441167169996e-01
6.729320366825783939e-01 -1.112387590963949541e-01
6.879665543015128781e-01 -1.067022111653370547e-01
7.030796246717250231e-01 -1.020852168017362255e-01
7.182674431585703845e-01 -9.739282998521635315e-02
7.335261863099650226e-01 -9.262948239772858527e-02
7.488520128189207758e-01 -8.779871063909583384e-02
7.642410644905727191e-01 -8.290288764904291119e-02
7.796894672134594417e-01 -7.794298006443517446e-02
7.951933319348093443e-01 -7.291835799763360382e-02
8.107487556395898132e-01 -6.782668861578800001e-02
8.263518223330695855e-01 -6.266394983613593483e-02
8.419986040266501659e-01 -5.742460532267568835e-02
8.576851617267149397e-01 -5.210198665905393933e-02
8.734075464262507360e-01 -4.668893295720779463e-02
8.891618000989889303e-01 -4.117874211103195875e-02
9.049439566958173975e-01 -3.556649128472082200e-02
9.207500431432115162e-01 -2.985078690019564787e-02
9.365760803434354242e-01 -2.403600622148815286e-02
9.524180841762578398e-01 -1.813509349368677345e-02
9.682720665019324269e-01 -1.217297335363161023e-02
9.841340361651920166e-01 -6.190642771408456750e-03
9.999999999999998890e-01 -2.500000000000412049e-04
