9.999999999999998890e-01 2.500000000001333621e-04
9.841340361651920166e-01 1.772939880472457902e-02
9.682720665019324269e-01 3.246779034698367428e-02
9.524180841762578398e-01 4.503084732487504238e-02
9.365760803434354242e-01 5.588620243494447221e-02
9.207500431432115162e-01 6.541620179604877572e-02
9.049439566958173975e-01 7.392960242782170566e-02
8.891618000989889303e-01 8.167222294713004371e-02
8.734075464262507360e-01 8.883656808851045361e-02
8.576851617267149397e-01 9.557045765906820034e-02
8.419986040266501659e-01 1.019846991035704420e-01
8.263518223330695855e-01 1.081598500004510716e-01
8.107487556395898132e-01 1.141521225714233062e-01
7.951933319348093443e-01 1.199984867200465100e-01
7.796894672134594417e-01 1.257210312859313173e-01
7.642410644905727191e-01 1.313306451915594586e-01
7.488520128189207758e-01 1.368300810582869231e-01
7.335261863099650226e-01 1.422164637752848515e-01
7.182674431585703845e-01 1.474833055240455104e-01
7.030796246717250231e-01 1.526220869995084661e-01
6.879665543015128781e-01 1.576234621364741850e-01
6.729320366825783939e-01 1.624781406563687303e-01
6.579798566743311206e-01 1.671774993024017220e-01
6.431137784081281117e-01 1.717139688352205817e-01
6.283375443396724824e-01 1.760812398160807590e-01
6.136548743068714895e-01 1.802743260042105333e-01
5.990694645933862805e-01 1.842895199264181494e-01
5.845849869981135649e-01 1.881242709193155227e-01
5.702050879108284676e-01 1.917770117687172260e-01
5.559333873942259308e-01 1.952469560389425707e-01
5.417734782725895926e-01 1.985338843500090711e-01
5.277289252273172915e-01 2.016379342670677755e-01
5.138032638995313484e-01 2.045594051488991150e-01
5.000000000000001110e-01 2.072985862871237206e-01
4.863226084265935834e-01 2.098556139728202652e-01
4.727745323894976259e-01 2.122303607624679567e-01
4.593591825444023335e-01 2.144223581831876946e-01
4.460799361338897429e-01 2.164307524141536598e-01
4.329401361372292589e-01 2.182542910969368366e-01
4.199430904288018462e-01 2.198913383473806715e-01
4.070920709453594855e-01 2.213399142461147384e-01
3.943903128623333920e-01 2.225977545511364508e-01
3.818410137793947223e-01 2.236623860785285078e-01
3.694473329154774888e-01 2.245312131088970653e-01
3.572123903134606371e-01 2.252016102689251564e-01
3.451392660547150104e-01 2.256710175804881868e-01
3.332309994837083789e-01 2.259370337352362701e-01
3.214905884428678196e-01 2.259975041123098716e-01
3.099209885178879631e-01 2.258506005841586783e-01
2.985251122936787294e-01 2.254948907251949075e-01
2.873058286211370715e-01 2.249293946272623301e-01
2.762659618949298013e-01 2.241536281140317222e-01
2.654082913424666845e-01 2.231676317153957478e-01
2.547355503242452190e-01 2.219719852974026408e-01
2.442504256457417311e-01 2.205678087306560398e-01
2.339555568810219865e-01 2.189567494105965628e-01
2.238535357082431787e-01 2.171409578095230830e-01
2.139469052572124941e-01 2.151230525380490588e-01
2.042381594691679014e-01 2.129060766207185318e-01
1.947297424689413692e-01 2.104934468467679343e-01
1.854240479496642724e-01 2.078888981444600714e-01
1.763234185701672008e-01 2.050964249497283787e-01
1.674301453652287108e-01 2.021202215021230819e-01
1.587464671688187945e-01 1.989646229095226593e-01
1.502745700504856119e-01 1.956340486848517357e-01
1.420165867650229341e-01 1.921329502808675760e-01
1.339745962155614034e-01 1.884657639409839658e-01
1.261506229302150617e-01 1.846368699532554558e-01
1.185466365524179277e-01 1.806505591490732976e-01
1.111645513450765232e-01 1.765110072355453863e-01
1.040062257086641351e-01 1.722222572981773614e-01
9.707346171337882801e-02 1.677882105649446121e-01
9.036800464548166989e-02 1.632126252900237828e-01
8.389154256793041053e-02 1.584991234003918781e-01
7.764570589541863743e-02 1.536512043554015827e-01
7.163206698392743377e-02 1.486722655016089190e-01
6.585213973489323358e-02 1.435656280649723893e-01
6.030737921409157209e-02 1.383345678116226773e-01
5.499918128533154427e-02 1.329823493274338020e-01
4.992888225905456334e-02 1.275122628155789528e-01
4.509775855592612626e-02 1.219276622893920026e-01
4.050702638550263135e-02 1.162320040438300367e-01
3.615784144005795842e-02 1.104288843207941184e-01
3.205129860364375194e-02 1.045220751391958691e-01
2.818843167645834757e-02 9.851555733734704279e-02
2.457021311459295365e-02 9.241354997010034489e-02
2.119755378522125699e-02 8.622053531315211627e-02
1.807130273729329328e-02 7.994127884890478430e-02
1.519224698779197968e-02 7.358084373915267651e-02
1.256111132360571148e-02 6.714459942652210855e-02
1.017855811906731578e-02 6.063822414610059441e-02
8.045187169204659483e-03 5.406770126821361377e-02
6.161535538745877005e-03 4.743930953023330066e-02
4.528077426915411152e-03 4.075960734719766970e-02
3.145224048057615462e-03 3.403541151573021006e-02
2.013323528115562588e-03 2.727377074127827414e-02
1.132660816992037134e-03 2.048193452338099851e-02
5.034576168149174080e-04 1.366731802602921646e-02
1.258723261249317105e-04 6.837463638966258597e-03
0.000000000000000000e+00 0.000000000000000000e+00
1.258723261249317105e-04 -6.741775864034621826e-03
5.034576168149174080e-04 -1.347118534787629905e-02
1.132660816992037134e-03 -2.017593195762737435e-02
2.013323528115562588e-03 -2.684398135585901873e-02
3.145224048057615462e-03 -3.346368379230734574e-02
4.528077426915411152e-03 -4.002388643976054899e-02
6.161535538745877005e-03 -4.651403274687883338e-02
8.045187169204659483e-03 -5.292424630955957360e-02
1.017855811906731578e-02 -5.924539722702108074e-02
1.256111132360571148e-02 -6.546914943386036856e-02
1.519224698779197968e-02 -7.158798806890348532e-02
1.807130273729329328e-02 -7.759522653821734894e-02
2.119755378522125699e-02 -8.348499353492477848e-02
2.457021311459295365e-02 -8.925220087374756417e-02
2.818843167645834757e-02 -9.489249356512892419e-02
3.205129860364375194e-02 -1.004021840747243988e-01
3.615784144005795842e-02 -1.057781731727489571e-01
4.050702638550263135e-02 -1.110178601597090059e-01
4.509775855592612626e-02 -1.161190455483390588e-01
4.992888225905456334e-02 -1.210798294766895489e-01
5.499918128533154427e-02 -1.258985092179085719e-01
6.030737921409157209e-02 -1.305734791351727264e-01
6.585213973489323358e-02 -1.351031363057177415e-01
7.163206698392743377e-02 -1.394857948096326627e-01
7.764570589541863743e-02 -1.437196113540516462e-01
8.389154256793041053e-02 -1.478025244917582359e-01
9.036800464548166989e-02 -1.517322092081183349e-01
9.707346171337882801e-02 -1.555060481072836343e-01
1.040062257086641351e-01 -1.591211198454834941e-01
1.111645513450765232e-01 -1.625742048551959418e-01
1.185466365524179277e-01 -1.658618077993201101e-01
1.261506229302150617e-01 -1.689801956097253532e-01
1.339745962155614034e-01 -1.719254494200041228e-01
1.420165867650229341e-01 -1.746935282171818427e-01
1.502745700504856119e-01 -1.772803416291786061e-01
1.587464671688187945e-01 -1.796818289493528065e-01
1.674301453652287108e-01 -1.818940412890190372e-01
1.763234185701672008e-01 -1.839132236526144770e-01
1.854240479496642724e-01 -1.857358937536143229e-01
1.947297424689413692e-01 -1.873589145337212492e-01
2.042381594691679014e-01 -1.887795576103527273e-01
2.139469052572124941e-01 -1.899955552507476275e-01
2.238535357082431787e-01 -1.910051389435735159e-01
2.339555568810219865e-01 -1.918070631951171723e-01
2.442504256457417311e-01 -1.924006137976439490e-01
2.547355503242452190e-01 -1.927856004797541822e-01
2.654082913424666845e-01 -1.929623345273554225e-01
2.762659618949298013e-01 -1.929315926321616415e-01
2.873058286211370715e-01 -1.926945688543320323e-01
2.985251122936787294e-01 -1.922528171488214199e-01
3.099209885178879631e-01 -1.916081873739628461e-01
3.214905884428678196e-01 -1.907627580504557552e-01
3.332309994837083789e-01 -1.897187693470263892e-01
3.451392660547150104e-01 -1.884785598173522314e-01
3.572123903134606371e-01 -1.870445102882963839e-01
3.694473329154774888e-01 -1.854189979949604494e-01
3.818410137793947223e-01 -1.836043635732835522e-01
3.943903128623333920e-01 -1.816028928631412409e-01
4.070920709453594855e-01 -1.794168146594829760e-01
4.199430904288018462e-01 -1.770483145997136798e-01
4.329401361372292589e-01 -1.744995643245798866e-01
4.460799361338897429e-01 -1.717727639379788840e-01
4.593591825444023335e-01 -1.688701946672218623e-01
4.727745323894976259e-01 -1.657942775456885953e-01
4.863226084265935834e-01 -1.625476329675235310e-01
5.000000000000001110e-01 -1.591331351675856209e-01
5.138032638995313484e-01 -1.555539551320299363e-01
5.277289252273172915e-01 -1.518135852209878955e-01
5.417734782725895926e-01 -1.479158389609754320e-01
5.559333873942259308e-01 -1.438648201157930739e-01
5.702050879108284676e-01 -1.396648563423846523e-01
5.845849869981135649e-01 -1.353203945483357762e-01
5.990694645933862805e-01 -1.308358575484329933e-01
6.136548743068714895e-01 -1.262154648166672055e-01
6.283375443396724824e-01 -1.214630240822952845e-01
6.431137784081281117e-01 -1.165817052442280066e-01
6.579798566743311206e-01 -1.115738135802195330e-01
6.729320366825783939e-01 -1.064405854902894383e-01
6.879665543015128781e-01 -1.011820370010906439e-01
7.030796246717250231e-01 -9.579690291113304723e-02
7.182674431585703845e-01 -9.028271269448663594e-02
7.335261863099650226e-01 -8.463605799777952632e-02
7.488520128189207758e-01 -7.885311563318508910e-02
7.642410644905727191e-01 -7.293049923638456056e-02
7.796894672134594417e-01 -6.686652204827031598e-02
7.951933319348093443e-01 -6.066296239622874509e-02
8.107487556395898132e-01 -5.432743217958623666e-02
8.263518223330695855e-01 -4.787645677166222496e-02
8.419986040266501659e-01 -4.133938199126756946e-02
8.576851617267149397e-01 -3.476322991234304799e-02
8.734075464262507360e-01 -2.821863000809237201e-02
8.891618000989889303e-01 -2.180695519963489482e-02
9.049439566958173975e-01 -1.566879353568409461e-02
9.207500431432115162e-01 -9.993885213595093964e-03
9.365760803434354242e-01 -5.032651220924916347e-03
9.524180841762578398e-01 -1.109433806626452428e-03
9.682720665019324269e-01 1.362439917457449867e-03
9.841340361651920166e-01 1.863671860842015197e-03
9.999999999999998890e-01 -2.499999999999743096e-04
