9.999999999999998890e-01 2.500000000000416386e-04
9.841340361651920166e-01 6.089785374182513436e-03
9.682720665019324269e-01 1.172404913272469089e-02
9.524180841762578398e-01 1.718552055057137942e-02
9.365760803434354242e-01 2.249894572388307437e-02
9.207500431432115162e-01 2.768231901146039897e-02
9.049439566958173975e-01 3.274801473347502961e-02
8.891618000989889303e-01 3.770381765711913052e-02
8.734075464262507360e-01 4.255385205476221178e-02
8.576851617267149397e-01 4.729941027836228468e-02
8.419986040266501659e-01 5.193968284848575478e-02
8.263518223330695855e-01 5.647239300318695338e-02
8.107487556395898132e-01 6.089433948851372819e-02
7.951933319348093443e-01 6.520185209731721443e-02
7.796894672134594417e-01 6.939116507646429788e-02
7.642410644905727191e-01 7.345871402585897603e-02
7.488520128189207758e-01 7.740136230838443043e-02
7.335261863099650226e-01 8.121656328154361337e-02
7.182674431585703845e-01 8.490246485367640428e-02
7.030796246717250231e-01 8.845796296545549442e-02
6.879665543015128781e-01 9.188271060686957481e-02
6.729320366825783939e-01 9.517708890763920682e-02
6.579798566743311206e-01 9.834214669195387448e-02
6.431137784081281117e-01 1.013795146739017300e-01
6.283375443396724824e-01 1.042913001955423635e-01
6.136548743068714895e-01 1.070799680829286754e-01
5.990694645933862805e-01 1.097482128242445593e-01
5.845849869981135649e-01 1.122988268662479944e-01
5.702050879108284676e-01 1.147345693879279621e-01
5.559333873942259308e-01 1.170580394510181144e-01
5.417734782725895926e-01 1.192715569528104702e-01
5.277289252273172915e-01 1.213770543242999739e-01
5.138032638995313484e-01 1.233759814324105614e-01
5.000000000000001110e-01 1.252692256648370306e-01
4.863226084265935834e-01 1.270570487053673259e-01
4.727745323894976259e-01 1.287390410514372974e-01
4.593591825444023335e-01 1.303140948886406247e-01
4.460799361338897429e-01 1.317803955229844004e-01
4.329401361372292589e-01 1.331354311843722105e-01
4.199430904288018462e-01 1.343760206571109339e-01
4.070920709453594855e-01 1.354983578676900446e-01
3.943903128623333920e-01 1.364980722686869596e-01
3.818410137793947223e-01 1.373703036019423007e-01
3.694473329154774888e-01 1.381097894052039921e-01
3.572123903134606371e-01 1.387109634448738804e-01
3.451392660547150104e-01 1.391680631135155111e-01
3.332309994837083789e-01 1.394752437241852105e-01
3.214905884428678196e-01 1.396266975638520424e-01
3.099209885178879631e-01 1.396167755342316852e-01
2.985251122936787294e-01 1.394401092090124250e-01
2.873058286211370715e-01 1.390917311701167225e-01
2.762659618949298013e-01 1.385671915504798346e-01
2.654082913424666845e-01 1.378626688047297488e-01
2.547355503242452190e-01 1.369750728498038694e-01
2.442504256457417311e-01 1.359021388624186422e-01
2.339555568810219865e-01 1.346425101867347318e-01
2.238535357082431787e-01 1.331958089907077369e-01
2.139469052572124941e-01 1.315626935105535522e-01
2.042381594691679014e-01 1.297449009364598782e-01
1.947297424689413692e-01 1.277452752160784522e-01
1.854240479496642724e-01 1.255677792823297612e-01
1.763234185701672008e-01 1.232174914455441000e-01
1.674301453652287108e-01 1.207005859238832884e-01
1.587464671688187945e-01 1.180242977173192320e-01
1.502745700504856119e-01 1.151968722562661668e-01
1.420165867650229341e-01 1.122275004734458320e-01
1.339745962155614034e-01 1.091262401540472465e-01
1.261506229302150617e-01 1.059039246121916827e-01
1.185466365524179277e-01 1.025720599188177512e-01
1.111645513450765232e-01 9.914271206523808666e-02
1.040062257086641351e-01 9.562838558590472382e-02
9.707346171337882801e-02 9.204189528173260804e-02
9.036800464548166989e-02 8.839623278029783149e-02
8.389154256793041053e-02 8.470442974028478955e-02
7.764570589541863743e-02 8.097941955391567415e-02
7.163206698392743377e-02 7.723389942229388905e-02
6.585213973489323358e-02 7.348019467446104125e-02
6.030737921409157209e-02 6.973012717166728047e-02
5.499918128533154427e-02 6.599488958434973629e-02
4.992888225905456334e-02 6.228492725139222336e-02
4.509775855592612626e-02 5.860982923046987453e-02
4.050702638550263135e-02 5.497823002604353831e-02
3.615784144005795842e-02 5.139772333950656108e-02
3.205129860364375194e-02 4.787478902598717168e-02
2.818843167645834757e-02 4.441473426652127465e-02
2.457021311459295365e-02 4.102164977505137061e-02
2.119755378522125699e-02 3.769838165950636227e-02
1.807130273729329328e-02 3.444651934771895962e-02
1.519224698779197968e-02 3.126639977492201572e-02
1.256111132360571148e-02 2.815712781287228392e-02
1.017855811906731578e-02 2.511661270416379668e-02
8.045187169204659483e-03 2.214162005190053323e-02
6.161535538745877005e-03 1.922783870744452714e-02
4.528077426915411152e-03 1.636996170020919156e-02
3.145224048057615462e-03 1.356178016609901026e-02
2.013323528115562588e-03 1.079628905769362823e-02
1.132660816992037134e-03 8.065803261987219974e-03
5.034576168149174080e-04 5.362082612517891228e-03
1.258723261249317105e-04 2.676464163929358295e-03
0.000000000000000000e+00 0.000000000000000000e+00
1.258723261249317105e-04 -1.849990941579176314e-03
5.034576168149174080e-04 -3.684252959479230281e-03
1.132660816992037134e-03 -5.487196395891397530e-03
2.013323528115562588e-03 -7.243632677554591275e-03
3.145224048057615462e-03 -8.938966593237389346e-03
4.528077426915411152e-03 -1.055937882649435160e-02
6.161535538745877005e-03 -1.209199579528969642e-02
8.045187169204659483e-03 -1.352504409845229662e-02
1.017855811906731578e-02 -1.484798716883405090e-02
1.256111132360571148e-02 -1.605164207783127059e-02
1.519224698779197968e-02 -1.712827481796699164e-02
1.807130273729329328e-02 -1.807167280109552368e-02
2.119755378522125699e-02 -1.887719374048580853e-02
2.457021311459295365e-02 -1.954179052618059548e-02
2.818843167645834757e-02 -2.006401214509729788e-02
3.205129860364375194e-02 -2.044398113088436233e-02
3.615784144005795842e-02 -2.068334844443252621e-02
4.050702638550263135e-02 -2.078522707553700360e-02
4.509775855592612626e-02 -2.075410601160721305e-02
4.992888225905456334e-02 -2.059574653352239104e-02
5.499918128533154427e-02 -2.031706306579377300e-02
6.030737921409157209e-02 -1.992599102337256137e-02
6.585213973489323358e-02 -1.943134425729398096e-02
7.163206698392743377e-02 -1.884266480379491807e-02
7.764570589541863743e-02 -1.817006768591488894e-02
8.389154256793041053e-02 -1.742408350361630831e-02
9.036800464548166989e-02 -1.661550148023905465e-02
9.707346171337882801e-02 -1.575521551302259959e-02
1.040062257086641351e-01 -1.485407560806733043e-02
1.111645513450765232e-01 -1.392274687109278791e-02
1.185466365524179277e-01 -1.297157798120568591e-02
1.261506229302150617e-01 -1.201048080283519635e-02
1.339745962155614034e-01 -1.104882249874863769e-02
1.420165867650229341e-01 -1.009533120262777472e-02
1.502745700504856119e-01 -9.158016001122730107e-03
1.587464671688187945e-01 -8.244101670494465711e-03
1.674301453652287108e-01 -7.359978319403735758e-03
1.763234185701672008e-01 -6.511165814003270352e-03
1.854240479496642724e-01 -5.702292610338762467e-03
1.947297424689413692e-01 -4.937088397304631969e-03
2.042381594691679014e-01 -4.218389765057247928e-03
2.139469052572124941e-01 -3.548157961674861839e-03
2.238535357082431787e-01 -2.927507686482008157e-03
2.339555568810219865e-01 -2.356745792011384795e-03
2.442504256457417311e-01 -1.835418726911867623e-03
2.547355503242452190e-01 -1.362367546799900242e-03
2.654082913424666845e-01 -9.357893454669701568e-04
2.762659618949298013e-01 -5.533040103025043061e-04
2.873058286211370715e-01 -2.120252776666819278e-04
2.985251122936787294e-01 9.136485006038467377e-05
3.099209885178879631e-01 3.605391707099051403e-04
3.214905884428678196e-01 5.994465831722883527e-04
3.332309994837083789e-01 8.122322872525689248e-04
3.451392660547150104e-01 1.003157473310485603e-03
3.572123903134606371e-01 1.176519038227967886e-03
3.694473329154774888e-01 1.336569834551472975e-03
3.818410137793947223e-01 1.487439958502424471e-03
3.943903128623333920e-01 1.633059612535101273e-03
4.070920709453594855e-01 1.777084140222604750e-03
4.199430904288018462e-01 1.922821924640167940e-03
4.329401361372292589e-01 2.073165963318718275e-03
4.460799361338897429e-01 2.230530078458475927e-03
4.593591825444023335e-01 2.396790883556454768e-03
4.727745323894976259e-01 2.573236798011779066e-03
4.863226084265935834e-01 2.760525568781943637e-03
5.000000000000001110e-01 2.958651910136175702e-03
5.138032638995313484e-01 3.166926994783235416e-03
5.277289252273172915e-01 3.383971606652472555e-03
5.417734782725895926e-01 3.607724780950264179e-03
5.559333873942259308e-01 3.835469693835571667e-03
5.702050879108284676e-01 4.063878405109259441e-03
5.845849869981135649e-01 4.289076786054313827e-03
5.990694645933862805e-01 4.506730565299240168e-03
6.136548743068714895e-01 4.712152884097330768e-03
6.283375443396724824e-01 4.900433056567151183e-03
6.431137784081281117e-01 5.066585370689487972e-03
6.579798566743311206e-01 5.205715735834553527e-03
6.729320366825783939e-01 5.313202779620753748e-03
6.879665543015128781e-01 5.384888622470525646e-03
7.030796246717250231e-01 5.417273018412478366e-03
7.182674431585703845e-01 5.407702856512953786e-03
7.335261863099650226e-01 5.354547185062252281e-03
7.488520128189207758e-01 5.257345971954622763e-03
7.642410644905727191e-01 5.116918776736659180e-03
7.796894672134594417e-01 4.935417415157852643e-03
7.951933319348093443e-01 4.716304583639129369e-03
8.107487556395898132e-01 4.464238321798693308e-03
8.263518223330695855e-01 4.184840173571572480e-03
8.419986040266501659e-01 3.884323013138569949e-03
8.576851617267149397e-01 3.568952785868471228e-03
8.734075464262507360e-01 3.244316934433737112e-03
8.891618000989889303e-01 2.914371095581156940e-03
9.049439566958173975e-01 2.580234823855162736e-03
9.207500431432115162e-01 2.238706684654314608e-03
9.365760803434354242e-01 1.880469118591048287e-03
9.524180841762578398e-01 1.487954067700670690e-03
9.682720665019324269e-01 1.032841523053397090e-03
9.841340361651920166e-01 4.731649488861249865e-04
9.999999999999998890e-01 -2.499999999999941505e-04
