9.999999999999998890e-01 2.500000000002159783e-04
9.841340361651920166e-01 3.088500827195661894e-02
9.682720665019324269e-01 6.069451921187347943e-02
9.524180841762578398e-01 8.926909571897312379e-02
9.365760803434354242e-01 1.163514097007528059e-01
9.207500431432115162e-01 1.418049847914226447e-01
9.049439566958173975e-01 1.655869597612431576e-01
8.891618000989889303e-01 1.877246438475042023e-01
8.734075464262507360e-01 2.082956103263151892e-01
8.576851617267149397e-01 2.274110562464819463e-01
8.419986040266501659e-01 2.452021440186662737e-01
8.263518223330695855e-01 2.618090340823570616e-01
8.107487556395898132e-01 2.773723166906668092e-01
7.951933319348093443e-01 2.920265544445320716e-01
7.796894672134594417e-01 3.058956550264786411e-01
7.642410644905727191e-01 3.190898050613432679e-01
7.488520128189207758e-01 3.317037105887608583e-01
7.335261863099650226e-01 3.438159066919428408e-01
7.182674431585703845e-01 3.554889178218126888e-01
7.030796246717250231e-01 3.667700707369890845e-01
6.879665543015128781e-01 3.776927832279214914e-01
6.729320366825783939e-01 3.882781734217986003e-01
6.579798566743311206e-01 3.985368560280966865e-01
6.431137784081281117e-01 4.084708129824199951e-01
6.283375443396724824e-01 4.180752462268484404e-01
6.136548743068714895e-01 4.273403395276685335e-01
5.990694645933862805e-01 4.362528740278043271e-01
5.845849869981135649e-01 4.447976584656547216e-01
5.702050879108284676e-01 4.529587495202900271e-01
5.559333873942259308e-01 4.607204504709102033e-01
5.417734782725895926e-01 4.680680872393200853e-01
5.277289252273172915e-01 4.749885699151692453e-01
5.138032638995313484e-01 4.814707550821629156e-01
5.000000000000001110e-01 4.875056297423427387e-01
4.863226084265935834e-01 4.930863414786593180e-01
4.727745323894976259e-01 4.982081018329357902e-01
4.593591825444023335e-01 5.028679908570374835e-01
4.460799361338897429e-01 5.070646905849386377e-01
4.329401361372292589e-01 5.107981739479471317e-01
4.199430904288018462e-01 5.140693735952511778e-01
4.070920709453594855e-01 5.168798523684176027e-01
3.943903128623333920e-01 5.192314939888366121e-01
3.818410137793947223e-01 5.211262290211056136e-01
3.694473329154774888e-01 5.225658075315355866e-01
3.572123903134606371e-01 5.235516262139916499e-01
3.451392660547150104e-01 5.240846142334978364e-01
3.332309994837083789e-01 5.241651787517342953e-01
3.214905884428678196e-01 5.237932081388460004e-01
3.099209885178879631e-01 5.229681283140977799e-01
2.985251122936787294e-01 5.216890055452055863e-01
2.873058286211370715e-01 5.199546874044416178e-01
2.762659618949298013e-01 5.177639724420454170e-01
2.654082913424666845e-01 5.151157984899036313e-01
2.547355503242452190e-01 5.120094393309767566e-01
2.442504256457417311e-01 5.084446997288503134e-01
2.339555568810219865e-01 5.044220994617200082e-01
2.238535357082431787e-01 4.999430379913096800e-01
2.139469052572124941e-01 4.950099326579948111e-01
2.042381594691679014e-01 4.896263247624332293e-01
1.947297424689413692e-01 4.837969495027955591e-01
1.854240479496642724e-01 4.775277674168060815e-01
1.763234185701672008e-01 4.708259566629690029e-01
1.674301453652287108e-01 4.636998671033999431e-01
1.587464671688187945e-01 4.561589386652196154e-01
1.502745700504856119e-01 4.482135878092875503e-01
1.420165867650229341e-01 4.398750670832738408e-01
1.339745962155614034e-01 4.311553036489299551e-01
1.261506229302150617e-01 4.220667233287979658e-01
1.185466365524179277e-01 4.126220671031956555e-01
1.111645513450765232e-01 4.028342071015424408e-01
1.040062257086641351e-01 3.927159689797094511e-01
9.707346171337882801e-02 3.822799671725075066e-01
9.036800464548166989e-02 3.715384588808881561e-01
8.389154256793041053e-02 3.605032218269014765e-01
7.764570589541863743e-02 3.491854598213686156e-01
7.163206698392743377e-02 3.375957390792000967e-01
6.585213973489323358e-02 3.257439570276853269e-01
6.030737921409157209e-02 3.136393441275116545e-01
5.499918128533154427e-02 3.012904980082469208e-01
4.992888225905456334e-02 2.887054480515302002e-01
4.509775855592612626e-02 2.758917474753906363e-01
4.050702638550263135e-02 2.628565890171559727e-01
3.615784144005795842e-02 2.496069395105386668e-01
3.205129860364375194e-02 2.361496880290400446e-01
2.818843167645834757e-02 2.224918018407865683e-01
2.457021311459295365e-02 2.086404842003484750e-01
2.119755378522125699e-02 1.946033279950302453e-01
1.807130273729329328e-02 1.803884594635266070e-01
1.519224698779197968e-02 1.660046666038897389e-01
1.256111132360571148e-02 1.514615074692310936e-01
1.017855811906731578e-02 1.367693942915481908e-01
8.045187169204659483e-03 1.219396502495826012e-01
6.161535538745877005e-03 1.069845366747650406e-01
4.528077426915411152e-03 9.191724953606889015e-02
3.145224048057615462e-03 7.675188512423140874e-02
2.013323528115562588e-03 6.150337593160105920e-02
1.132660816992037134e-03 4.618739875982449256e-02
5.034576168149174080e-04 3.082025804904897984e-02
1.258723261249317105e-04 1.541874827740207128e-02
0.000000000000000000e+00 0.000000000000000000e+00
1.258723261249317105e-04 -1.497280505480418078e-02
5.034576168149174080e-04 -2.991798542670753500e-02
1.132660816992037134e-03 -4.480807738797778356e-02
2.013323528115562588e-03 -5.961606093557177133e-02
3.145224048057615462e-03 -7.431557155361777356e-02
4.528077426915411152e-03 -8.888110006072016955e-02
6.161535538745877005e-03 -1.032881769236508457e-01
8.045187169204659483e-03 -1.175135377148052579e-01
1.017855811906731578e-02 -1.315352667517735163e-01
1.256111132360571148e-02 -1.453329163777955235e-01
1.519224698779197968e-02 -1.588875998149582025e-01
1.807130273729329328e-02 -1.721820560398931999e-01
2.119755378522125699e-02 -1.852006856858734174e-01
2.457021311459295365e-02 -1.979295575559276710e-01
2.818843167645834757e-02 -2.103563859287372328e-01
3.205129860364375194e-02 -2.224704794417320664e-01
3.615784144005795842e-02 -2.342626629326751975e-01
4.050702638550263135e-02 -2.457251742004638861e-01
4.509775855592612626e-02 -2.568515381961267718e-01
4.992888225905456334e-02 -2.676364216643231653e-01
5.499918128533154427e-02 -2.780754717126254216e-01
6.030737921409157209e-02 -2.881651421794738099e-01
6.585213973489323358e-02 -2.979025119917006470e-01
7.163206698392743377e-02 -3.072850999395518312e-01
7.764570589541863743e-02 -3.163106804430883545e-01
8.389154256793041053e-02 -3.249771049319461480e-01
9.036800464548166989e-02 -3.332821334056153550e-01
9.707346171337882801e-02 -3.412232805804304991e-01
1.040062257086641351e-01 -3.487976807611748997e-01
1.111645513450765232e-01 -3.560019752006464699e-01
1.185466365524179277e-01 -3.628322252331631637e-01
1.261506229302150617e-01 -3.692838538936531467e-01
1.339745962155614034e-01 -3.753516180711407024e-01
1.420165867650229341e-01 -3.810296125050099958e-01
1.502745700504856119e-01 -3.863113061278278804e-01
1.587464671688187945e-01 -3.911896104055346823e-01
1.674301453652287108e-01 -3.956569784424160408e-01
1.763234185701672008e-01 -3.997055327243951850e-01
1.854240479496642724e-01 -4.033272184914086234e-01
1.947297424689413692e-01 -4.065139788808327381e-01
2.042381594691679014e-01 -4.092579471928242674e-01
2.139469052572124941e-01 -4.115516509191503025e-01
2.238535357082431787e-01 -4.133882215735517618e-01
2.339555568810219865e-01 -4.147616038871084210e-01
2.442504256457417311e-01 -4.156667576083174498e-01
2.547355503242452190e-01 -4.160998449945093602e-01
2.654082913424666845e-01 -4.160583971160203287e-01
2.762659618949298013e-01 -4.155414523311646291e-01
2.873058286211370715e-01 -4.145496607384772658e-01
2.985251122936787294e-01 -4.130853490784682780e-01
3.099209885178879631e-01 -4.111525414406090317e-01
3.214905884428678196e-01 -4.087569322273932326e-01
3.332309994837083789e-01 -4.059058091249479472e-01
3.451392660547150104e-01 -4.026079253115102397e-01
3.572123903134606371e-01 -3.988733217772946205e-01
3.694473329154774888e-01 -3.947131024015529399e-01
3.818410137793947223e-01 -3.901391662981649744e-01
3.943903128623333920e-01 -3.851639038568376305e-01
4.070920709453594855e-01 -3.797998648240339947e-01
4.199430904288018462e-01 -3.740594086317778344e-01
4.329401361372292589e-01 -3.679543489345784013e-01
4.460799361338897429e-01 -3.614956058920795190e-01
4.593591825444023335e-01 -3.546928810721175496e-01
4.727745323894976259e-01 -3.475543708784163965e-01
4.863226084265935834e-01 -3.400865350615547844e-01
5.000000000000001110e-01 -3.322939370845595097e-01
5.138032638995313484e-01 -3.241791728215042134e-01
5.277289252273172915e-01 -3.157429032089703602e-01
5.417734782725895926e-01 -3.069840049921391256e-01
5.559333873942259308e-01 -2.978998515630085775e-01
5.702050879108284676e-01 -2.884867330404152774e-01
5.845849869981135649e-01 -2.787404211634761375e-01
5.990694645933862805e-01 -2.686568802475260420e-01
6.136548743068714895e-01 -2.582331203840613765e-01
6.283375443396724824e-01 -2.474681832682722737e-01
6.431137784081281117e-01 -2.363642445403056069e-01
6.579798566743311206e-01 -2.249278093774970677e-01
6.729320366825783939e-01 -2.131709703403272538e-01
6.879665543015128781e-01 -2.011126882389380199e-01
7.030796246717250231e-01 -1.887800481521522133e-01
7.182674431585703845e-01 -1.762094338176844466e-01
7.335261863099650226e-01 -1.634475545587013856e-01
7.488520128189207758e-01 -1.505522498728203429e-01
7.642410644905727191e-01 -1.375929879550122359e-01
7.796894672134594417e-01 -1.246509659392716768e-01
7.951933319348093443e-01 -1.118187117205032416e-01
8.107487556395898132e-01 -9.919908006209991747e-02
8.263518223330695855e-01 -8.690352951685741123e-02
8.419986040266501659e-01 -7.504956170315843500e-02
8.576851617267149397e-01 -6.375720089878057772e-02
8.734075464262507360e-01 -5.314438995158961287e-02
8.891618000989889303e-01 -4.332117836277373651e-02
9.049439566958173975e-01 -3.438258026576319903e-02
9.207500431432115162e-01 -2.639998407883636239e-02
9.365760803434354242e-01 -1.941100200843723367e-02
9.524180841762578398e-01 -1.340765645676387716e-02
9.682720665019324269e-01 -8.322811847150640707e-03
9.841340361651920166e-01 -4.014774498938532450e-03
9.999999999999998890e-01 -2.500000000000251587e-04
