9.999999999999998890e-01 2.500000000000848982e-04
9.841340361651920166e-01 1.153666897810362059e-02
9.682720665019324269e-01 2.157073771649193825e-02
9.524180841762578398e-01 3.087082880210802183e-02
9.365760803434354242e-01 3.978751476042192287e-02
9.207500431432115162e-01 4.854141147816085078e-02
9.049439566958173975e-01 5.725548010535515958e-02
8.891618000989889303e-01 6.598199281326649901e-02
8.734075464262507360e-01 7.472464052642971422e-02
8.576851617267149397e-01 8.345627308562317270e-02
8.419986040266501659e-01 9.213276504552436741e-02
8.263518223330695855e-01 1.007034943712419167e-01
8.107487556395898132e-01 1.091189076483873449e-01
7.951933319348093443e-01 1.173356250878130613e-01
7.796894672134594417e-01 1.253195126423664596e-01
7.642410644905727191e-01 1.330471180199948589e-01
7.488520128189207758e-01 1.405058333240199742e-01
7.335261863099650226e-01 1.476931104959554597e-01
7.182674431585703845e-01 1.546150176509964169e-01
7.030796246717250231e-01 1.612843856926673147e-01
6.879665543015128781e-01 1.677187561094673485e-01
6.729320366825783939e-01 1.739383033480443319e-01
6.579798566743311206e-01 1.799638692888816394e-01
6.431137784081281117e-01 1.858152136896407125e-01
6.283375443396724824e-01 1.915095534762459029e-01
6.136548743068714895e-01 1.970604358195459926e-01
5.990694645933862805e-01 2.024769653027772842e-01
5.845849869981135649e-01 2.077633843314542761e-01
5.702050879108284676e-01 2.129189883392123006e-01
5.559333873942259308e-01 2.179383432901462470e-01
5.417734782725895926e-01 2.228117623805496716e-01
5.277289252273172915e-01 2.275259915399876764e-01
5.138032638995313484e-01 2.320650491011897187e-01
5.000000000000001110e-01 2.364111635767698893e-01
4.863226084265935834e-01 2.405457545336984748e-01
4.727745323894976259e-01 2.444504047488119391e-01
4.593591825444023335e-01 2.481077767955890412e-01
4.460799361338897429e-01 2.515024335793732968e-01
4.329401361372292589e-01 2.546215297306763659e-01
4.199430904288018462e-01 2.574553488186532291e-01
4.070920709453594855e-01 2.599976697111097690e-01
3.943903128623333920e-01 2.622459537598050838e-01
3.818410137793947223e-01 2.642013525373412830e-01
3.694473329154774888e-01 2.658685433373824680e-01
3.572123903134606371e-01 2.672554063556740744e-01
3.451392660547150104e-01 2.683725632199715494e-01
3.332309994837083789e-01 2.692328012009129190e-01
3.214905884428678196e-01 2.698504109254171168e-01
3.099209885178879631e-01 2.702404676849498588e-01
2.985251122936787294e-01 2.704180874798813305e-01
2.873058286211370715e-01 2.703976888036913051e-01
2.762659618949298013e-01 2.701922899175007164e-01
2.654082913424666845e-01 2.698128690976265842e-01
2.547355503242452190e-01 2.692678121838334993e-01
2.442504256457417311e-01 2.685624678617078986e-01
2.339555568810219865e-01 2.676988266424252805e-01
2.238535357082431787e-01 2.666753346301636851e-01
2.139469052572124941e-01 2.654868480687991861e-01
2.042381594691679014e-01 2.641247295113880456e-01
1.947297424689413692e-01 2.625770814282084031e-01
1.854240479496642724e-01 2.608291083208112426e-01
1.763234185701672008e-01 2.588635940846679140e-01
1.674301453652287108e-01 2.566614775870871834e-01
1.587464671688187945e-01 2.542025063041818411e-01
1.502745700504856119e-01 2.514659454712548925e-01
1.420165867650229341e-01 2.484313186004753204e-01
1.339745962155614034e-01 2.450791544377851627e-01
1.261506229302150617e-01 2.413917154715797264e-01
1.185466365524179277e-01 2.373536839478126714e-01
1.111645513450765232e-01 2.329527829451890908e-01
1.040062257086641351e-01 2.281803123538705402e-01
9.707346171337882801e-02 2.230315824964137217e-01
9.036800464548166989e-02 2.175062315292682902e-01
8.389154256793041053e-02 2.116084165531022521e-01
7.764570589541863743e-02 2.053468724174716264e-01
7.163206698392743377e-02 1.987348364014751845e-01
6.585213973489323358e-02 1.917898411571021255e-01
6.030737921409157209e-02 1.845333823882390478e-01
5.499918128533154427e-02 1.769904715838362397e-01
4.992888225905456334e-02 1.691890876158179402e-01
4.509775855592612626e-02 1.611595440504449139e-01
4.050702638550263135e-02 1.529337915203690390e-01
3.615784144005795842e-02 1.445446763950184177e-01
3.205129860364375194e-02 1.360251782193275250e-01
2.818843167645834757e-02 1.274076489352535535e-01
2.457021311459295365e-02 1.187230767473927140e-01
2.119755378522125699e-02 1.100003966542103112e-01
1.807130273729329328e-02 1.012658681705971425e-01
1.519224698779197968e-02 9.254253866510328552e-02
1.256111132360571148e-02 8.384980809280578873e-02
1.017855811906731578e-02 7.520310780395002281e-02
8.045187169204659483e-03 6.661370264345842229e-02
6.161535538745877005e-03 5.808862183116395017e-02
4.528077426915411152e-03 4.963072023800464000e-02
3.145224048057615462e-03 4.123886776391558207e-02
2.013323528115562588e-03 3.290826069352529443e-02
1.132660816992037134e-03 2.463084526803066207e-02
5.034576168149174080e-04 1.639584037166828129e-02
1.258723261249317105e-04 8.190343285992551792e-03
0.000000000000000000e+00 0.000000000000000000e+00
1.258723261249317105e-04 -6.358837434993420620e-03
5.034576168149174080e-04 -1.268110961724868736e-02
1.132660816992037134e-03 -1.893111418344062616e-02
2.013323528115562588e-03 -2.507497335569114014e-02
3.145224048057615462e-03 -3.108147933212888556e-02
4.528077426915411152e-03 -3.692286158538703872e-02
6.161535538745877005e-03 -4.257545363744053013e-02
8.045187169204659483e-03 -4.802023983088150177e-02
1.017855811906731578e-02 -5.324326614409768260e-02
1.256111132360571148e-02 -5.823590309931101633e-02
1.519224698779197968e-02 -6.299495317258343996e-02
1.807130273729329328e-02 -6.752259970746780915e-02
2.119755378522125699e-02 -7.182619902560787029e-02
2.457021311459295365e-02 -7.591792208133178732e-02
2.818843167645834757e-02 -7.981425648664645933e-02
3.205129860364375194e-02 -8.353538390572429195e-02
3.615784144005795842e-02 -8.710445155972222631e-02
4.050702638550263135e-02 -9.054675978092585620e-02
4.509775855592612626e-02 -9.388889011202752877e-02
4.992888225905456334e-02 -9.715780028191269013e-02
5.499918128533154427e-02 -1.003799134440355595e-01
6.030737921409157209e-02 -1.035802292999097179e-01
6.585213973489323358e-02 -1.067814841345830490e-01
7.163206698392743377e-02 -1.100033853736003542e-01
7.764570589541863743e-02 -1.132619440665571103e-01
8.389154256793041053e-02 -1.165689257691999853e-01
9.036800464548166989e-02 -1.199314367147252675e-01
9.707346171337882801e-02 -1.233516580363999554e-01
1.040062257086641351e-01 -1.268267362465615167e-01
1.111645513450765232e-01 -1.303488333247809494e-01
1.185466365524179277e-01 -1.339053347648812287e-01
1.261506229302150617e-01 -1.374792089280394980e-01
1.339745962155614034e-01 -1.410495062016204615e-01
1.420165867650229341e-01 -1.445919819232987236e-01
1.502745700504856119e-01 -1.480798229438741176e-01
1.587464671688187945e-01 -1.514844542058248755e-01
1.674301453652287108e-01 -1.547763989290320830e-01
1.763234185701672008e-01 -1.579261640223842134e-01
1.854240479496642724e-01 -1.609051212598511527e-01
1.947297424689413692e-01 -1.636863546264202829e-01
2.042381594691679014e-01 -1.662454450795066152e-01
2.139469052572124941e-01 -1.685611657820769715e-01
2.238535357082431787e-01 -1.706160636113605855e-01
2.339555568810219865e-01 -1.723969063677652791e-01
2.442504256457417311e-01 -1.738949795089279604e-01
2.547355503242452190e-01 -1.751062212921322137e-01
2.654082913424666845e-01 -1.760311907776151708e-01
2.762659618949298013e-01 -1.766748690564653168e-01
2.873058286211370715e-01 -1.770463001328757557e-01
2.985251122936787294e-01 -1.771580839114106354e-01
3.099209885178879631e-01 -1.770257395080254703e-01
3.214905884428678196e-01 -1.766669624096046110e-01
3.332309994837083789e-01 -1.761008036461824688e-01
3.451392660547150104e-01 -1.753468029194590605e-01
3.572123903134606371e-01 -1.744241103751653088e-01
3.694473329154774888e-01 -1.733506332639583036e-01
3.818410137793947223e-01 -1.721422439849245312e-01
3.943903128623333920e-01 -1.708120848625917232e-01
4.070920709453594855e-01 -1.693700024288962991e-01
4.199430904288018462e-01 -1.678221399674662273e-01
4.329401361372292589e-01 -1.661707116792042194e-01
4.460799361338897429e-01 -1.644139751466706934e-01
4.593591825444023335e-01 -1.625464109632379639e-01
4.727745323894976259e-01 -1.605591096560327058e-01
4.863226084265935834e-01 -1.584403566238052619e-01
5.000000000000001110e-01 -1.561763960333507617e-01
5.138032638995313484e-01 -1.537523448145463600e-01
5.277289252273172915e-01 -1.511532184443998561e-01
5.417734782725895926e-01 -1.483650215238143388e-01
5.559333873942259308e-01 -1.453758486567144070e-01
5.702050879108284676e-01 -1.421769352804101161e-01
5.845849869981135649e-01 -1.387635943095341107e-01
5.990694645933862805e-01 -1.351359731734528835e-01
6.136548743068714895e-01 -1.312995674554504888e-01
6.283375443396724824e-01 -1.272654322524693349e-01
6.431137784081281117e-01 -1.230500408900323389e-01
6.579798566743311206e-01 -1.186747530111857546e-01
6.729320366825783939e-01 -1.141648705017691418e-01
6.879665543015128781e-01 -1.095482803247079945e-01
7.030796246717250231e-01 -1.048537081276794958e-01
7.182674431585703845e-01 -1.001086353737036944e-01
7.335261863099650226e-01 -9.533696552594279894e-02
7.488520128189207758e-01 -9.055656118461584414e-02
7.642410644905727191e-01 -8.577681359586801502e-02
7.796894672134594417e-01 -8.099644808107966942e-02
7.951933319348093443e-01 -7.620181300426549786e-02
8.107487556395898132e-01 -7.136594512496209630e-02
8.263518223330695855e-01 -6.644874968723628317e-02
8.419986040266501659e-01 -6.139867838705174996e-02
8.576851617267149397e-01 -5.615633136893609378e-02
8.734075464262507360e-01 -5.066044948560560063e-02
8.891618000989889303e-01 -4.485679901289803956e-02
9.049439566958173975e-01 -3.871048161308783542e-02
9.207500431432115162e-01 -3.222222633372155004e-02
9.365760803434354242e-01 -2.544923657590349164e-02
9.524180841762578398e-01 -1.853117205727468353e-02
9.682720665019324269e-01 -1.172184268027173099e-02
9.841340361651920166e-01 -5.427176828865495906e-03
9.999999999999998890e-01 -2.500000000000304713e-04
