9.999999999999998890e-01 2.500000000001043597e-04
9.841340361651920166e-01 1.507108074942028857e-02
9.682720665019324269e-01 2.964004586392452248e-02
9.524180841762578398e-01 4.388605069131722158e-02
9.365760803434354242e-01 5.775616025287698407e-02
9.207500431432115162e-01 7.121261049257861242e-02
9.049439566958173975e-01 8.423033895927267700e-02
8.891618000989889303e-01 9.679477491840468573e-02
8.734075464262507360e-01 1.088998769031080949e-01
8.576851617267149397e-01 1.205464041334859127e-01
8.419986040266501659e-01 1.317404070382275083e-01
8.263518223330695855e-01 1.424919212806481650e-01
8.107487556395898132e-01 1.528138491943799582e-01
7.951933319348093443e-01 1.627210123420448351e-01
7.796894672134594417e-01 1.722293589909328904e-01
7.642410644905727191e-01 1.813553106192783426e-01
7.488520128189207758e-01 1.901152320907716908e-01
7.335261863099650226e-01 1.985250108291159166e-01
7.182674431585703845e-01 2.065997311549727378e-01
7.030796246717250231e-01 2.143534308820164436e-01
6.879665543015128781e-01 2.217989282761404501e-01
6.729320366825783939e-01 2.289477085334040152e-01
6.579798566743311206e-01 2.358098600017603241e-01
6.431137784081281117e-01 2.423940514354323839e-01
6.283375443396724824e-01 2.487075426083755481e-01
6.136548743068714895e-01 2.547562216070416441e-01
5.990694645933862805e-01 2.605446630582238798e-01
5.845849869981135649e-01 2.660762024137862114e-01
5.702050879108284676e-01 2.713530222022968452e-01
5.559333873942259308e-01 2.763762468626119184e-01
5.417734782725895926e-01 2.811460433936320280e-01
5.277289252273172915e-01 2.856617255876179318e-01
5.138032638995313484e-01 2.899218600636672138e-01
5.000000000000001110e-01 2.939243726872216578e-01
4.863226084265935834e-01 2.976666542564507800e-01
4.727745323894976259e-01 3.011456645639677965e-01
4.593591825444023335e-01 3.043580341105551756e-01
4.460799361338897429e-01 3.073001628649827399e-01
4.329401361372292589e-01 3.099683155396035228e-01
4.199430904288018462e-01 3.123587128942204028e-01
4.070920709453594855e-01 3.144676185995953221e-01
3.943903128623333920e-01 3.162914211953137267e-01
3.818410137793947223e-01 3.178267106722730273e-01
3.694473329154774888e-01 3.190703492047596290e-01
3.572123903134606371e-01 3.200195355568676292e-01
3.451392660547150104e-01 3.206718626977807518e-01
3.332309994837083789e-01 3.210253681839460027e-01
3.214905884428678196e-01 3.210785769059933958e-01
3.099209885178879631e-01 3.208305358558419806e-01
2.985251122936787294e-01 3.202808406451050360e-01
2.873058286211370715e-01 3.194296535989281649e-01
2.762659618949298013e-01 3.182777133581107809e-01
2.654082913424666845e-01 3.168263360442559184e-01
2.547355503242452190e-01 3.150774081745913446e-01
2.442504256457417311e-01 3.130333716512597730e-01
2.339555568810219865e-01 3.106972012901879077e-01
2.238535357082431787e-01 3.080723754927652824e-01
2.139469052572124941e-01 3.051628407951301747e-01
2.042381594691679014e-01 3.019729711505642067e-01
1.947297424689413692e-01 2.985075229063233193e-01
1.854240479496642724e-01 2.947715865235330246e-01
1.763234185701672008e-01 2.907705361544024036e-01
1.674301453652287108e-01 2.865099782324500022e-01
1.587464671688187945e-01 2.819957002468254093e-01
1.502745700504856119e-01 2.772336208600704177e-01
1.420165867650229341e-01 2.722297424894622453e-01
1.339745962155614034e-01 2.669901074058937951e-01
1.261506229302150617e-01 2.615207583123186352e-01
1.185466365524179277e-01 2.558277042481026942e-01
1.111645513450765232e-01 2.499168925288516585e-01
1.040062257086641351e-01 2.437941872766990759e-01
9.707346171337882801e-02 2.374653549274410858e-01
9.036800464548166989e-02 2.309360569224832571e-01
8.389154256793041053e-02 2.242118496098300107e-01
7.764570589541863743e-02 2.172981911939573518e-01
7.163206698392743377e-02 2.102004553940749476e-01
6.585213973489323358e-02 2.029239512986310556e-01
6.030737921409157209e-02 1.954739487453523716e-01
5.499918128533154427e-02 1.878557084147257916e-01
4.992888225905456334e-02 1.800745157042754896e-01
4.509775855592612626e-02 1.721357173543689445e-01
4.050702638550263135e-02 1.640447597260949741e-01
3.615784144005795842e-02 1.558072275898292336e-01
3.205129860364375194e-02 1.474288822704868107e-01
2.818843167645834757e-02 1.389156980125208496e-01
2.457021311459295365e-02 1.302738954739897925e-01
2.119755378522125699e-02 1.215099713333148701e-01
1.807130273729329328e-02 1.126307230927461184e-01
1.519224698779197968e-02 1.036432682864819182e-01
1.256111132360571148e-02 9.455505744563323656e-02
1.017855811906731578e-02 8.537388033308969393e-02
8.045187169204659483e-03 7.610786513467346359e-02
6.161535538745877005e-03 6.676547047432446202e-02
4.528077426915411152e-03 5.735547030574487948e-02
3.145224048057615462e-03 4.788693191625648105e-02
2.013323528115562588e-03 3.836918745579959156e-02
1.132660816992037134e-03 2.881179957056077129e-02
5.034576168149174080e-04 1.922452187232818327e-02
1.258723261249317105e-04 9.617255107468273764e-03
0.000000000000000000e+00 0.000000000000000000e+00
1.258723261249317105e-04 -9.458317772062147660e-03
5.034576168149174080e-04 -1.889851193769008161e-02
1.132660816992037134e-03 -2.830259317403682404e-02
2.013323528115562588e-03 -3.765296161884768011e-02
3.145224048057615462e-03 -4.693258926340363596e-02
4.528077426915411152e-03 -5.612518792388550282e-02
6.161535538745877005e-03 -6.521535862655483684e-02
8.045187169204659483e-03 -7.418871876945540289e-02
1.017855811906731578e-02 -8.303200405381835902e-02
1.256111132360571148e-02 -9.173314289409063849e-02
1.519224698779197968e-02 -1.002813017961148162e-01
1.807130273729329328e-02 -1.086669010161156607e-01
2.119755378522125699e-02 -1.168816006552774178e-01
2.457021311459295365e-02 -1.249182581815203030e-01
2.818843167645834757e-02 -1.327708591774756364e-01
3.205129860364375194e-02 -1.404344238681175527e-01
3.615784144005795842e-02 -1.479048926609781989e-01
4.050702638550263135e-02 -1.551789945162872497e-01
4.509775855592612626e-02 -1.622541024362903483e-01
4.992888225905456334e-02 -1.691280807080726423e-01
5.499918128533154427e-02 -1.757991287416806325e-01
6.030737921409157209e-02 -1.822656264083121203e-01
6.585213973489323358e-02 -1.885259856991137184e-01
7.163206698392743377e-02 -1.945785132952021768e-01
7.764570589541863743e-02 -2.004212882697603004e-01
8.389154256793041053e-02 -2.060520586434194945e-01
9.036800464548166989e-02 -2.114681598985928557e-01
9.707346171337882801e-02 -2.166664578445256506e-01
1.040062257086641351e-01 -2.216433174333181932e-01
1.111645513450765232e-01 -2.263945982814085933e-01
1.185466365524179277e-01 -2.309156767763526907e-01
1.261506229302150617e-01 -2.352014937718798493e-01
1.339745962155614034e-01 -2.392466260223690133e-01
1.420165867650229341e-01 -2.430453787081094663e-01
1.502745700504856119e-01 -2.465918956809800278e-01
1.587464671688187945e-01 -2.498802834407280182e-01
1.674301453652287108e-01 -2.529047443564912956e-01
1.763234185701672008e-01 -2.556597142950086665e-01
1.854240479496642724e-01 -2.581399996205846481e-01
1.947297424689413692e-01 -2.603409085024023795e-01
2.042381594691679014e-01 -2.622583716073944582e-01
2.139469052572124941e-01 -2.638890475715741646e-01
2.238535357082431787e-01 -2.652304091241513007e-01
2.339555568810219865e-01 -2.662808063760977451e-01
2.442504256457417311e-01 -2.670395045620494456e-01
2.547355503242452190e-01 -2.675066944204162467e-01
2.654082913424666845e-01 -2.676834743856639220e-01
2.762659618949298013e-01 -2.675718048191898513e-01
2.873058286211370715e-01 -2.671744355880287802e-01
2.985251122936787294e-01 -2.664948093782618099e-01
3.099209885178879631e-01 -2.655369441654100160e-01
3.214905884428678196e-01 -2.643052992196961437e-01
3.332309994837083789e-01 -2.628046298628855526e-01
3.451392660547150104e-01 -2.610398368802047675e-01
3.572123903134606371e-01 -2.590158169932397225e-01
3.694473329154774888e-01 -2.567373210893820756e-01
3.818410137793947223e-01 -2.542088269571152748e-01
3.943903128623333920e-01 -2.514344330771380309e-01
4.070920709453594855e-01 -2.484177795569934011e-01
4.199430904288018462e-01 -2.451620015693255494e-01
4.329401361372292589e-01 -2.416697196674262860e-01
4.460799361338897429e-01 -2.379430701215265176e-01
4.593591825444023335e-01 -2.339837769696722913e-01
4.727745323894976259e-01 -2.297932658414627571e-01
4.863226084265935834e-01 -2.253728178338124666e-01
5.000000000000001110e-01 -2.207237598460717876e-01
5.138032638995313484e-01 -2.158476858758955341e-01
5.277289252273172915e-01 -2.107467019025404675e-01
5.417734782725895926e-01 -2.054236852117818646e-01
5.559333873942259308e-01 -1.998825474214744879e-01
5.702050879108284676e-01 -1.941284891266554791e-01
5.845849869981135649e-01 -1.881682330764397060e-01
5.990694645933862805e-01 -1.820102221990662628e-01
6.136548743068714895e-01 -1.756647686803662900e-01
6.283375443396724824e-01 -1.691441407433164346e-01
6.431137784081281117e-01 -1.624625748333861919e-01
6.579798566743311206e-01 -1.556362026376111318e-01
6.729320366825783939e-01 -1.486828847944919041e-01
6.879665543015128781e-01 -1.416219463130496126e-01
7.030796246717250231e-01 -1.344738126232407627e-01
7.182674431585703845e-01 -1.272595498199919073e-01
7.335261863099650226e-01 -1.200003180144343512e-01
7.488520128189207758e-01 -1.127167527241824813e-01
7.642410644905727191e-01 -1.054282958552142657e-01
7.796894672134594417e-01 -9.815250496614677522e-02
7.951933319348093443e-01 -9.090437705616945252e-02
8.107487556395898132e-01 -8.369573095545891628e-02
8.263518223330695855e-01 -7.653470037754690758e-02
8.419986040266501659e-01 -6.942539765535875318e-02
8.576851617267149397e-01 -6.236781594940941226e-02
8.734075464262507360e-01 -5.535804509754818636e-02
8.891618000989889303e-01 -4.838888306973612718e-02
9.049439566958173975e-01 -4.145093099020324273e-02
9.207500431432115162e-01 -3.453426468058139881e-02
9.365760803434354242e-01 -2.763077944865864263e-02
9.524180841762578398e-01 -2.073730718952450716e-02
9.682720665019324269e-01 -1.385960557842552676e-02
9.841340361651920166e-01 -7.017318029458039126e-03
9.999999999999998890e-01 -2.500000000000469512e-04
