9.999999999999998890e-01 2.500000000000327481e-04
9.841340361651920166e-01 4.866458506749044358e-03
9.682720665019324269e-01 9.354967814928522724e-03
9.524180841762578398e-01 1.372768148215519103e-02
9.365760803434354242e-01 1.799443492082889937e-02
9.207500431432115162e-01 2.216292911591074069e-02
9.049439566958173975e-01 2.623893658825963288e-02
8.891618000989889303e-01 3.022652249987116055e-02
8.734075464262507360e-01 3.412827421364851566e-02
8.576851617267149397e-01 3.794553312278723528e-02
8.419986040266501659e-01 4.167862313888726078e-02
8.263518223330695855e-01 4.532707085856962914e-02
8.107487556395898132e-01 4.888981310061569358e-02
7.951933319348093443e-01 5.236538820458937205e-02
7.796894672134594417e-01 5.575210819308180216e-02
7.642410644905727191e-01 5.904820960931957130e-02
7.488520128189207758e-01 6.225198153693399516e-02
7.335261863099650226e-01 6.536186997727708170e-02
7.182674431585703845e-01 6.837655839104837818e-02
7.030796246717250231e-01 7.129502479575466900e-02
6.879665543015128781e-01 7.411657634065604849e-02
6.729320366825783939e-01 7.684086274984759657e-02
6.579798566743311206e-01 7.946787042699328396e-02
6.431137784081281117e-01 8.199789934851033080e-02
6.283375443396724824e-01 8.443152513375880297e-02
6.136548743068714895e-01 8.676954887054277865e-02
5.990694645933862805e-01 8.901293739290727647e-02
5.845849869981135649e-01 9.116275675804785816e-02
5.702050879108284676e-01 9.322010165356381384e-02
5.559333873942259308e-01 9.518602338977653898e-02
5.417734782725895926e-01 9.706145899982020209e-02
5.277289252273172915e-01 9.884716378888229460e-02
5.138032638995313484e-01 1.005436494501324579e-01
5.000000000000001110e-01 1.021511296057850959e-01
4.863226084265935834e-01 1.036694743449360356e-01
4.727745323894976259e-01 1.050981750229641049e-01
4.593591825444023335e-01 1.064363202680369547e-01
4.460799361338897429e-01 1.076825838160648668e-01
4.329401361372292589e-01 1.088352244734632768e-01
4.199430904288018462e-01 1.098920981940210012e-01
4.070920709453594855e-01 1.108506819581992348e-01
3.943903128623333920e-01 1.117081088658313792e-01
3.818410137793947223e-01 1.124612136012713565e-01
3.694473329154774888e-01 1.131065872075832091e-01
3.572123903134606371e-01 1.136406399166106362e-01
3.451392660547150104e-01 1.140596706270909089e-01
3.332309994837083789e-01 1.143599415049427331e-01
3.214905884428678196e-01 1.145377560991753252e-01
3.099209885178879631e-01 1.145895393234632742e-01
2.985251122936787294e-01 1.145119176464682587e-01
2.873058286211370715e-01 1.143017978619335906e-01
2.762659618949298013e-01 1.139564428702594528e-01
2.654082913424666845e-01 1.134735429939608548e-01
2.547355503242452190e-01 1.128512814669181547e-01
2.442504256457417311e-01 1.120883928780791183e-01
2.339555568810219865e-01 1.111842135103795204e-01
2.238535357082431787e-01 1.101387226910687522e-01
2.139469052572124941e-01 1.089525744561785775e-01
2.042381594691679014e-01 1.076271190253847571e-01
1.947297424689413692e-01 1.061644137798840454e-01
1.854240479496642724e-01 1.045672236311866871e-01
1.763234185701672008e-01 1.028390108591964447e-01
1.674301453652287108e-01 1.009839146801817938e-01
1.587464671688187945e-01 9.900672097615448308e-02
1.502745700504856119e-01 9.691282277407331502e-02
1.420165867650229341e-01 9.470817220391050673e-02
1.339745962155614034e-01 9.239922478714104881e-02
1.261506229302150617e-01 8.999287701027133823e-02
1.185466365524179277e-01 8.749639822071290929e-02
1.111645513450765232e-01 8.491735794417580585e-02
1.040062257086641351e-01 8.226354976378223716e-02
9.707346171337882801e-02 7.954291292167378624e-02
9.036800464548166989e-02 7.676345280475151134e-02
8.389154256793041053e-02 7.393316145845141296e-02
7.764570589541863743e-02 7.105993923747548624e-02
7.163206698392743377e-02 6.815151865179754076e-02
6.585213973489323358e-02 6.521539140183332806e-02
6.030737921409157209e-02 6.225873952034227665e-02
5.499918128533154427e-02 5.928837145242694256e-02
4.992888225905456334e-02 5.631066381096817841e-02
4.509775855592612626e-02 5.333150944500392177e-02
4.050702638550263135e-02 5.035627235490596626e-02
3.615784144005795842e-02 4.738974988260679505e-02
3.205129860364375194e-02 4.443614249931403942e-02
2.818843167645834757e-02 4.149903140871316620e-02
2.457021311459295365e-02 3.858136408199266953e-02
2.119755378522125699e-02 3.568544774333961417e-02
1.807130273729329328e-02 3.281295073183786160e-02
1.519224698779197968e-02 2.996491157875374664e-02
1.256111132360571148e-02 2.714175555859441383e-02
1.017855811906731578e-02 2.434331839846880230e-02
8.045187169204659483e-03 2.156887676338018270e-02
6.161535538745877005e-03 1.881718507518972960e-02
4.528077426915411152e-03 1.608651817001860440e-02
3.145224048057615462e-03 1.337471925262095213e-02
2.013323528115562588e-03 1.067925256645518503e-02
1.132660816992037134e-03 7.997260164490807219e-03
5.034576168149174080e-04 5.325622137825913351e-03
1.258723261249317105e-04 2.661019636588116567e-03
0.000000000000000000e+00 0.000000000000000000e+00
1.258723261249317105e-04 -2.188749244455217170e-03
5.034576168149174080e-04 -4.366862376589273655e-03
1.132660816992037134e-03 -6.523770585556360260e-03
2.013323528115562588e-03 -8.649163281326833000e-03
3.145224048057615462e-03 -1.073311158493949619e-02
4.528077426915411152e-03 -1.276618519751949836e-02
6.161535538745877005e-03 -1.473956065839585224e-02
8.045187169204659483e-03 -1.664511918242023505e-02
1.017855811906731578e-02 -1.847553248324366321e-02
1.256111132360571148e-02 -2.022433523778260911e-02
1.519224698779197968e-02 -2.188598312160139683e-02
1.807130273729329328e-02 -2.345589563905753350e-02
2.119755378522125699e-02 -2.493048327900009714e-02
2.457021311459295365e-02 -2.630715883949018286e-02
2.818843167645834757e-02 -2.758433307627768463e-02
3.205129860364375194e-02 -2.876139513254914390e-02
3.615784144005795842e-02 -2.983867849496063540e-02
4.050702638550263135e-02 -3.081741348682228918e-02
4.509775855592612626e-02 -3.169966754773324152e-02
4.992888225905456334e-02 -3.248827475493655526e-02
5.499918128533154427e-02 -3.318675621098483852e-02
6.030737921409157209e-02 -3.379923305174713233e-02
6.585213973489323358e-02 -3.433033391614637858e-02
7.163206698392743377e-02 -3.478509876316975002e-02
7.764570589541863743e-02 -3.516888092262700910e-02
8.389154256793041053e-02 -3.548724922491509198e-02
9.036800464548166989e-02 -3.574589197381557865e-02
9.707346171337882801e-02 -3.595052440823280626e-02
1.040062257086641351e-01 -3.610680114780248640e-02
1.111645513450765232e-01 -3.622023493828586960e-02
1.185466365524179277e-01 -3.629612281108351990e-02
1.261506229302150617e-01 -3.633948055302749919e-02
1.339745962155614034e-01 -3.635498615414294726e-02
1.420165867650229341e-01 -3.634693266876364709e-02
1.502745700504856119e-01 -3.631919069566584557e-02
1.587464671688187945e-01 -3.627518046196026580e-02
1.674301453652287108e-01 -3.621785328917152130e-02
1.763234185701672008e-01 -3.614968203349546577e-02
1.854240479496642724e-01 -3.607265993019819622e-02
1.947297424689413692e-01 -3.598830713819905353e-02
2.042381594691679014e-01 -3.589768417778907428e-02
2.139469052572124941e-01 -3.580141138385790206e-02
2.238535357082431787e-01 -3.569969345950925466e-02
2.339555568810219865e-01 -3.559234820998467136e-02
2.442504256457417311e-01 -3.547883856271445008e-02
2.547355503242452190e-01 -3.535830703332510511e-02
2.654082913424666845e-01 -3.522961187581017534e-02
2.762659618949298013e-01 -3.509136425318098995e-02
2.873058286211370715e-01 -3.494196587738188781e-02
2.985251122936787294e-01 -3.477964668812473514e-02
3.099209885178879631e-01 -3.460250226323843131e-02
3.214905884428678196e-01 -3.440853077163845419e-02
3.332309994837083789e-01 -3.419566938766150505e-02
3.451392660547150104e-01 -3.396183017614107236e-02
3.572123903134606371e-01 -3.370493552562597167e-02
3.694473329154774888e-01 -3.342295324774466336e-02
3.818410137793947223e-01 -3.311393147008354770e-02
3.943903128623333920e-01 -3.277603342547748266e-02
4.070920709453594855e-01 -3.240757218111445237e-02
4.199430904288018462e-01 -3.200704525669345601e-02
4.329401361372292589e-01 -3.157316895409011115e-02
4.460799361338897429e-01 -3.110491206537565473e-02
4.593591825444023335e-01 -3.060152844719012111e-02
4.727745323894976259e-01 -3.006258775475361203e-02
4.863226084265935834e-01 -2.948800342727396842e-02
5.000000000000001110e-01 -2.887805681882479533e-02
5.138032638995313484e-01 -2.823341618697529018e-02
5.277289252273172915e-01 -2.755514909878048133e-02
5.417734782725895926e-01 -2.684472670430867666e-02
5.559333873942259308e-01 -2.610401827637878411e-02
5.702050879108284676e-01 -2.533527443648741356e-02
5.845849869981135649e-01 -2.454109759569704508e-02
5.990694645933862805e-01 -2.372439834955671414e-02
6.136548743068714895e-01 -2.288833689086076234e-02
6.283375443396724824e-01 -2.203624895457132610e-02
6.431137784081281117e-01 -2.117155639485217289e-02
6.579798566743311206e-01 -2.029766322170345472e-02
6.729320366825783939e-01 -1.941783879802878518e-02
6.879665543015128781e-01 -1.853509091765057071e-02
7.030796246717250231e-01 -1.765203264764764537e-02
7.182674431585703845e-01 -1.677074811724544798e-02
7.335261863099650226e-01 -1.589266385890141658e-02
7.488520128189207758e-01 -1.501843383933444860e-02
7.642410644905727191e-01 -1.414784793866551149e-02
7.796894672134594417e-01 -1.327977531967578298e-02
7.951933319348093443e-01 -1.241215584714997107e-02
8.107487556395898132e-01 -1.154205443584637066e-02
8.263518223330695855e-01 -1.066579488741314571e-02
8.419986040266501659e-01 -9.779191380649561796e-03
8.576851617267149397e-01 -8.877897262013491678e-03
8.734075464262507360e-01 -7.957892097957091487e-03
8.891618000989889303e-01 -7.016129049631822379e-03
9.049439566958173975e-01 -6.051365464977098013e-03
9.207500431432115162e-01 -5.065200104439753458e-03
9.365760803434354242e-01 -4.063340576752181091e-03
9.524180841762578398e-01 -3.057124314447404786e-03
9.682720665019324269e-01 -2.065315722182484680e-03
9.841340361651920166e-01 -1.116200945550815731e-03
9.999999999999998890e-01 -2.500000000000056431e-04
