9.999999999999998890e-01 2.500000000001546124e-04
9.841340361651920166e-01 2.199285876375339788e-02
9.682720665019324269e-01 4.306610192617964239e-02
9.524180841762578398e-01 6.352690119084715425e-02
9.365760803434354242e-01 8.341505853375172364e-02
9.207500431432115162e-01 1.027565548043350013e-01
9.049439566958173975e-01 1.215666629311190072e-01
8.891618000989889303e-01 1.398526447856859589e-01
8.734075464262507360e-01 1.576160542083875626e-01
8.576851617267149397e-01 1.748546714896306864e-01
8.419986040266501659e-01 1.915640967501327230e-01
8.263518223330695855e-01 2.077390311984104176e-01
8.107487556395898132e-01 2.233742761971348190e-01
7.951933319348093443e-01 2.384654804810693862e-01
7.796894672134594417e-01 2.530096657822480388e-01
7.642410644905727191e-01 2.670055605809422139e-01
7.488520128189207758e-01 2.804537707647655753e-01
7.335261863099650226e-01 2.933568146958412948e-01
7.182674431585703845e-01 3.057190486110691885e-01
7.030796246717250231e-01 3.175465064669487636e-01
6.879665543015128781e-01 3.288466763410163862e-01
6.729320366825783939e-01 3.396282333680094578e-01
6.579798566743311206e-01 3.499007469692385630e-01
6.431137784081281117e-01 3.596743778742820252e-01
6.283375443396724824e-01 3.689595781774354655e-01
6.136548743068714895e-01 3.777668054558617761e-01
5.990694645933862805e-01 3.861062598363884657e-01
5.845849869981135649e-01 3.939876508631579566e-01
5.702050879108284676e-01 4.014199991140377510e-01
5.559333873942259308e-01 4.084114757603314327e-01
5.417734782725895926e-01 4.149692816777825199e-01
5.277289252273172915e-01 4.210995663084440843e-01
5.138032638995313484e-01 4.268073852497404896e-01
5.000000000000001110e-01 4.320966945118476232e-01
4.863226084265935834e-01 4.369703785365357529e-01
4.727745323894976259e-01 4.414303084054844728e-01
4.593591825444023335e-01 4.454774261764750665e-01
4.460799361338897429e-01 4.491118509617068044e-01
4.329401361372292589e-01 4.523330021915667465e-01
4.199430904288018462e-01 4.551397354754189717e-01
4.070920709453594855e-01 4.575304865629955531e-01
3.943903128623333920e-01 4.595034191093927967e-01
3.818410137793947223e-01 4.610565722366468666e-01
3.694473329154774888e-01 4.621880042483326734e-01
3.572123903134606371e-01 4.628959292738054065e-01
3.451392660547150104e-01 4.631788440792564132e-01
3.332309994837083789e-01 4.630356427682300602e-01
3.214905884428678196e-01 4.624657175901976114e-01
3.099209885178879631e-01 4.614690445690454723e-01
2.985251122936787294e-01 4.600462531421336543e-01
2.873058286211370715e-01 4.581986794547187603e-01
2.762659618949298013e-01 4.559284033753569498e-01
2.654082913424666845e-01 4.532382696784606479e-01
2.547355503242452190e-01 4.501318941751172864e-01
2.442504256457417311e-01 4.466136558588475469e-01
2.339555568810219865e-01 4.426886763669968250e-01
2.238535357082431787e-01 4.383627882400983333e-01
2.139469052572124941e-01 4.336424935914199308e-01
2.042381594691679014e-01 4.285349148786677942e-01
1.947297424689413692e-01 4.230477395022644860e-01
1.854240479496642724e-01 4.171891599433354414e-01
1.763234185701672008e-01 4.109678111038462256e-01
1.674301453652287108e-01 4.043927064260804394e-01
1.587464671688187945e-01 3.974731742540514867e-01
1.502745700504856119e-01 3.902187957609290492e-01
1.420165867650229341e-01 3.826393456096032764e-01
1.339745962155614034e-01 3.747447363435568723e-01
1.261506229302150617e-01 3.665449673274294717e-01
1.185466365524179277e-01 3.580500788760215825e-01
1.111645513450765232e-01 3.492701120314412599e-01
1.040062257086641351e-01 3.402150742747732104e-01
9.707346171337882801e-02 3.308949112945460125e-01
9.036800464548166989e-02 3.213194847823799827e-01
8.389154256793041053e-02 3.114985560889546590e-01
7.764570589541863743e-02 3.014417754526598214e-01
7.163206698392743377e-02 2.911586764102697122e-01
6.585213973489323358e-02 2.806586749144722726e-01
6.030737921409157209e-02 2.699510726172915653e-01
5.499918128533154427e-02 2.590450637311839110e-01
4.992888225905456334e-02 2.479497448502221979e-01
4.509775855592612626e-02 2.366741271013416692e-01
4.050702638550263135e-02 2.252271499988368897e-01
3.615784144005795842e-02 2.136176963927133021e-01
3.205129860364375194e-02 2.018546079314013364e-01
2.818843167645834757e-02 1.899467005000352871e-01
2.457021311459295365e-02 1.779027791450955021e-01
2.119755378522125699e-02 1.657316520529419912e-01
1.807130273729329328e-02 1.534421432117817896e-01
1.519224698779197968e-02 1.410431034522390270e-01
1.256111132360571148e-02 1.285434196292716269e-01
1.017855811906731578e-02 1.159520217762399219e-01
8.045187169204659483e-03 1.032778881290896261e-01
6.161535538745877005e-03 9.053004798369075623e-02
4.528077426915411152e-03 7.771758241126817957e-02
3.145224048057615462e-03 6.484962291473159168e-02
2.013323528115562588e-03 5.193534816169322749e-02
1.132660816992037134e-03 3.898397897752266250e-02
5.034576168149174080e-04 2.600477182334626214e-02
1.258723261249317105e-04 1.300701101907030151e-02
0.000000000000000000e+00 0.000000000000000000e+00
1.258723261249317105e-04 -1.253483641110281557e-02
5.034576168149174080e-04 -2.504123895073091452e-02
1.132660816992037134e-03 -3.749103287218546326e-02
2.013323528115562588e-03 -4.985667967360174480e-02
3.145224048057615462e-03 -6.211157571793796128e-02
4.528077426915411152e-03 -7.423032805578877458e-02
6.161535538745877005e-03 -8.618900085845507264e-02
8.045187169204659483e-03 -9.796532669433268004e-02
1.017855811906731578e-02 -1.095388778685211922e-01
1.256111132360571148e-02 -1.208911941653616207e-01
1.519224698779197968e-02 -1.320058645542896147e-01
1.807130273729329328e-02 -1.428685617058007007e-01
2.119755378522125699e-02 -1.534670294795139056e-01
2.457021311459295365e-02 -1.637910248522137235e-01
2.818843167645834757e-02 -1.738322170125846944e-01
3.205129860364375194e-02 -1.835840475244894521e-01
3.615784144005795842e-02 -1.930415565177734938e-01
4.050702638550263135e-02 -2.022011807736671385e-01
4.509775855592612626e-02 -2.110605303040518077e-01
4.992888225905456334e-02 -2.196181505583133520e-01
5.499918128533154427e-02 -2.278732777120622832e-01
6.030737921409157209e-02 -2.358255945886662541e-01
6.585213973489323358e-02 -2.434749946339140048e-01
7.163206698392743377e-02 -2.508213610094638946e-01
7.764570589541863743e-02 -2.578643673020696303e-01
8.389154256793041053e-02 -2.646033055793646782e-01
9.036800464548166989e-02 -2.710369465818509016e-01
9.707346171337882801e-02 -2.771634357527832382e-01
1.040062257086641351e-01 -2.829802276057757360e-01
1.111645513450765232e-01 -2.884840596509521404e-01
1.185466365524179277e-01 -2.936709657840105292e-01
1.261506229302150617e-01 -2.985363277300172036e-01
1.339745962155614034e-01 -3.030749618670377510e-01
1.420165867650229341e-01 -3.072812375750512692e-01
1.502745700504856119e-01 -3.111492222021948750e-01
1.587464671688187945e-01 -3.146728468492988040e-01
1.674301453652287108e-01 -3.178460864765097482e-01
1.763234185701672008e-01 -3.206631473587556735e-01
1.854240479496642724e-01 -3.231186546796179782e-01
1.947297424689413692e-01 -3.252078330683940144e-01
2.042381594691679014e-01 -3.269266731574289597e-01
2.139469052572124941e-01 -3.282720777626328967e-01
2.238535357082431787e-01 -3.292419820575007150e-01
2.339555568810219865e-01 -3.298354430995558695e-01
2.442504256457417311e-01 -3.300526952495518862e-01
2.547355503242452190e-01 -3.298951693620504888e-01
2.654082913424666845e-01 -3.293654750785366958e-01
2.762659618949298013e-01 -3.284673470727248468e-01
2.873058286211370715e-01 -3.272055576294247148e-01
2.985251122936787294e-01 -3.255857994275763723e-01
3.099209885178879631e-01 -3.236145437877472331e-01
3.214905884428678196e-01 -3.212988808777827443e-01
3.332309994837083789e-01 -3.186463493928956558e-01
3.451392660547150104e-01 -3.156647639877440681e-01
3.572123903134606371e-01 -3.123620491934275267e-01
3.694473329154774888e-01 -3.087460886649183722e-01
3.818410137793947223e-01 -3.048245983468180209e-01
3.943903128623333920e-01 -3.006050315009830554e-01
4.070920709453594855e-01 -2.960945225043682960e-01
4.199430904288018462e-01 -2.912998749086404549e-01
4.329401361372292589e-01 -2.862275974782629850e-01
4.460799361338897429e-01 -2.808839898290451664e-01
4.593591825444023335e-01 -2.752752769276944900e-01
4.727745323894976259e-01 -2.694077891523369295e-01
4.863226084265935834e-01 -2.632881819358505182e-01
5.000000000000001110e-01 -2.569236863125611281e-01
5.138032638995313484e-01 -2.503223790700839224e-01
5.277289252273172915e-01 -2.434934587869776179e-01
5.417734782725895926e-01 -2.364475119356849731e-01
5.559333873942259308e-01 -2.291967515756995477e-01
5.702050879108284676e-01 -2.217552100823432237e-01
5.845849869981135649e-01 -2.141388669785505849e-01
5.990694645933862805e-01 -2.063656933821235995e-01
6.136548743068714895e-01 -1.984555959618112264e-01
6.283375443396724824e-01 -1.904302457126721970e-01
6.431137784081281117e-01 -1.823127803988510431e-01
6.579798566743311206e-01 -1.741273742348875830e-01
6.729320366825783939e-01 -1.658986743266743225e-01
6.879665543015128781e-01 -1.576511105857164030e-01
7.030796246717250231e-01 -1.494080942519041277e-01
7.182674431585703845e-01 -1.411911297656641140e-01
7.335261863099650226e-01 -1.330188754418206165e-01
7.488520128189207758e-01 -1.249062001018216850e-01
7.642410644905727191e-01 -1.168632953698230115e-01
7.796894672134594417e-01 -1.088949165477027803e-01
7.951933319348093443e-01 -1.009998386359803324e-01
8.107487556395898132e-01 -9.317062791015930101e-02
8.263518223330695855e-01 -8.539384321265776345e-02
8.419986040266501659e-01 -7.765079446876413383e-02
8.576851617267149397e-01 -6.991899854653245427e-02
8.734075464262507360e-01 -6.217448410132664360e-02
8.891618000989889303e-01 -5.439510710790226855e-02
9.049439566958173975e-01 -4.656504701039589078e-02
9.207500431432115162e-01 -3.868065943575787341e-02
9.365760803434354242e-01 -3.075786484688073155e-02
9.524180841762578398e-01 -2.284125299875634091e-02
9.682720665019324269e-01 -1.501508026590118137e-02
9.841340361651920166e-01 -7.416330522033944342e-03
9.999999999999998890e-01 -2.500000000000479812e-04
