9.999999999999998890e-01 2.500000000000867414e-04
9.841340361651920166e-01 1.263061431357304608e-02
9.682720665019324269e-01 2.491904786509923503e-02
9.524180841762578398e-01 3.705234439855143586e-02
9.365760803434354242e-01 4.898550487039383949e-02
9.207500431432115162e-01 6.068823914217971738e-02
9.049439566958173975e-01 7.214203408766900472e-02
8.891618000989889303e-01 8.333753993976399099e-02
8.734075464262507360e-01 9.427227208489960542e-02
8.576851617267149397e-01 1.049486212755058323e-01
8.419986040266501659e-01 1.153721614136778151e-01
8.263518223330695855e-01 1.255502406922624492e-01
8.107487556395898132e-01 1.354908389861129991e-01
7.951933319348093443e-01 1.452016719810925727e-01
7.796894672134594417e-01 1.546895206182694049e-01
7.642410644905727191e-01 1.639597630145426532e-01
7.488520128189207758e-01 1.730160850899940816e-01
7.335261863099650226e-01 1.818603456707964250e-01
7.182674431585703845e-01 1.904925718220921160e-01
7.030796246717250231e-01 1.989110605694722478e-01
6.879665543015128781e-01 2.071125639567479026e-01
6.729320366825783939e-01 2.150925355232867764e-01
6.579798566743311206e-01 2.228454177241149248e-01
6.431137784081281117e-01 2.303649515151924287e-01
6.283375443396724824e-01 2.376444912375432483e-01
6.136548743068714895e-01 2.446773100088360520e-01
5.990694645933862805e-01 2.514568830207923877e-01
5.845849869981135649e-01 2.579771383970865806e-01
5.702050879108284676e-01 2.642326675421710624e-01
5.559333873942259308e-01 2.702188891616660871e-01
5.417734782725895926e-01 2.759321633173272281e-01
5.277289252273172915e-01 2.813698539552170197e-01
5.138032638995313484e-01 2.865303402795612575e-01
5.000000000000001110e-01 2.914129791062765040e-01
4.863226084265935834e-01 2.960180218934732599e-01
4.727745323894976259e-01 3.003464914906008310e-01
4.593591825444023335e-01 3.044000247577899332e-01
4.460799361338897429e-01 3.081806880721526531e-01
4.329401361372292589e-01 3.116907733534599045e-01
4.199430904288018462e-01 3.149325826080650592e-01
4.070920709453594855e-01 3.179082091125289278e-01
3.943903128623333920e-01 3.206193232472251409e-01
3.818410137793947223e-01 3.230669706597104618e-01
3.694473329154774888e-01 3.252513899062381419e-01
3.572123903134606371e-01 3.271718560093129224e-01
3.451392660547150104e-01 3.288265555043590749e-01
3.332309994837083789e-01 3.302124975564898479e-01
3.214905884428678196e-01 3.313254646377544188e-01
3.099209885178879631e-01 3.321600050959729877e-01
2.985251122936787294e-01 3.327094687486238378e-01
2.873058286211370715e-01 3.329660854293456929e-01
2.762659618949298013e-01 3.329210852297959655e-01
2.654082913424666845e-01 3.325648580438458901e-01
2.547355503242452190e-01 3.318871489604776071e-01
2.442504256457417311e-01 3.308772850900215667e-01
2.339555568810219865e-01 3.295244285664156725e-01
2.238535357082431787e-01 3.278178497637700972e-01
2.139469052572124941e-01 3.257472142129619885e-01
2.042381594691679014e-01 3.233028763138951489e-01
1.947297424689413692e-01 3.204761727182560138e-01
1.854240479496642724e-01 3.172597082090166110e-01
1.763234185701672008e-01 3.136476270256571275e-01
1.674301453652287108e-01 3.096358628734299234e-01
1.587464671688187945e-01 3.052223613026781024e-01
1.502745700504856119e-01 3.004072687386303842e-01
1.420165867650229341e-01 2.951930831685131151e-01
1.339745962155614034e-01 2.895847623338767551e-01
1.261506229302150617e-01 2.835897862120188018e-01
1.185466365524179277e-01 2.772181715797885637e-01
1.111645513450765232e-01 2.704824375129614711e-01
1.040062257086641351e-01 2.633975217610063368e-01
9.707346171337882801e-02 2.559806490263181189e-01
9.036800464548166989e-02 2.482511532448476166e-01
8.389154256793041053e-02 2.402302569882180105e-01
7.764570589541863743e-02 2.319408120636769488e-01
7.163206698392743377e-02 2.234070062569797621e-01
6.585213973489323358e-02 2.146540419259456434e-01
6.030737921409157209e-02 2.057077927927346006e-01
5.499918128533154427e-02 1.965944457873407825e-01
4.992888225905456334e-02 1.873401351528216630e-01
4.509775855592612626e-02 1.779705762269500890e-01
4.050702638550263135e-02 1.685107063611802902e-01
3.615784144005795842e-02 1.589843403252944043e-01
3.205129860364375194e-02 1.494138472773999526e-01
2.818843167645834757e-02 1.398198559599767854e-01
2.457021311459295365e-02 1.302209942223916672e-01
2.119755378522125699e-02 1.206336682806771338e-01
1.807130273729329328e-02 1.110718863209986529e-01
1.519224698779197968e-02 1.015471301511102348e-01
1.256111132360571148e-02 9.206827762319366726e-02
1.017855811906731578e-02 8.264157751237838356e-02
8.045187169204659483e-03 7.327067745970228252e-02
6.161535538745877005e-03 6.395670449878942954e-02
4.528077426915411152e-03 5.469839660478641868e-02
3.145224048057615462e-03 4.549228265469047738e-02
2.013323528115562588e-03 3.633290719187110690e-02
1.132660816992037134e-03 2.721309546512550720e-02
5.034576168149174080e-04 1.812425338311919251e-02
1.258723261249317105e-04 9.056696305773279457e-03
0.000000000000000000e+00 0.000000000000000000e+00
1.258723261249317105e-04 -8.078994180444824813e-03
5.034576168149174080e-04 -1.612188728244202257e-02
1.132660816992037134e-03 -2.409311146754344185e-02
2.013323528115562588e-03 -3.195827815188818227e-02
3.145224048057615462e-03 -3.968473516772534626e-02
4.528077426915411152e-03 -4.724208581793955947e-02
6.161535538745877005e-03 -5.460265853451971851e-02
8.045187169204659483e-03 -6.174191701909204077e-02
1.017855811906731578e-02 -6.863880214857988327e-02
1.256111132360571148e-02 -7.527599853768623950e-02
1.519224698779197968e-02 -8.164012042319993001e-02
1.807130273729329328e-02 -8.772181343003508658e-02
2.119755378522125699e-02 -9.351577074949202206e-02
2.457021311459295365e-02 -9.902066425858899179e-02
2.818843167645834757e-02 -1.042389930869958153e-01
3.205129860364375194e-02 -1.091768540470731408e-01
3.615784144005795842e-02 -1.138436401364957828e-01
4.050702638550263135e-02 -1.182516749584035382e-01
4.509775855592612626e-02 -1.224157923413927013e-01
4.992888225905456334e-02 -1.263528716461988777e-01
5.499918128533154427e-02 -1.300813401886592446e-01
6.030737921409157209e-02 -1.336206548669482130e-01
6.585213973489323358e-02 -1.369907754397169941e-01
7.163206698392743377e-02 -1.402116419525888946e-01
7.764570589541863743e-02 -1.433026685531570421e-01
8.389154256793041053e-02 -1.462822653765535885e-01
9.036800464548166989e-02 -1.491673993397410469e-01
9.707346171337882801e-02 -1.519732035750664401e-01
1.040062257086641351e-01 -1.547126438911439195e-01
1.111645513450765232e-01 -1.573962491066300262e-01
1.185466365524179277e-01 -1.600319103999142678e-01
1.261506229302150617e-01 -1.626247529993150309e-01
1.339745962155614034e-01 -1.651770816512710682e-01
1.420165867650229341e-01 -1.676883993973605214e-01
1.502745700504856119e-01 -1.701554973145122107e-01
1.587464671688187945e-01 -1.725726110756123921e-01
1.674301453652287108e-01 -1.749316385170716082e-01
1.763234185701672008e-01 -1.772224108998613212e-01
1.854240479496642724e-01 -1.794330092608089067e-01
1.947297424689413692e-01 -1.815501162058893447e-01
2.042381594691679014e-01 -1.835593927248586332e-01
2.139469052572124941e-01 -1.854458691276304472e-01
2.238535357082431787e-01 -1.871943390302993337e-01
2.339555568810219865e-01 -1.887897454573830569e-01
2.442504256457417311e-01 -1.902175485729054039e-01
2.547355503242452190e-01 -1.914640652940479415e-01
2.654082913424666845e-01 -1.925167720565982565e-01
2.762659618949298013e-01 -1.933645632627278843e-01
2.873058286211370715e-01 -1.939979594128428686e-01
2.985251122936787294e-01 -1.944092605620416081e-01
3.099209885178879631e-01 -1.945926425003076110e-01
3.214905884428678196e-01 -1.945441948819751354e-01
3.332309994837083789e-01 -1.942619023693707980e-01
3.451392660547150104e-01 -1.937455716515730231e-01
3.572123903134606371e-01 -1.929967088958032262e-01
3.694473329154774888e-01 -1.920183537316533240e-01
3.818410137793947223e-01 -1.908148772060813958e-01
3.943903128623333920e-01 -1.893917522336947545e-01
4.070920709453594855e-01 -1.877553058625331672e-01
4.199430904288018462e-01 -1.859124631483855539e-01
4.329401361372292589e-01 -1.838704925577400173e-01
4.460799361338897429e-01 -1.816367625879611869e-01
4.593591825444023335e-01 -1.792185187013867476e-01
4.727745323894976259e-01 -1.766226887274420787e-01
4.863226084265935834e-01 -1.738557236151865304e-01
5.000000000000001110e-01 -1.709234788514113756e-01
5.138032638995313484e-01 -1.678311400416593324e-01
5.277289252273172915e-01 -1.645831941394874376e-01
5.417734782725895926e-01 -1.611834456693057027e-01
5.559333873942259308e-01 -1.576350750954454427e-01
5.702050879108284676e-01 -1.539407343274894757e-01
5.845849869981135649e-01 -1.501026723077254210e-01
5.990694645933862805e-01 -1.461228817929456636e-01
6.136548743068714895e-01 -1.420032569132406997e-01
6.283375443396724824e-01 -1.377457499575105160e-01
6.431137784081281117e-01 -1.333525151882971882e-01
6.579798566743311206e-01 -1.288260274103585068e-01
6.729320366825783939e-01 -1.241691635826540629e-01
6.879665543015128781e-01 -1.193852370354561016e-01
7.030796246717250231e-01 -1.144779758828258776e-01
7.182674431585703845e-01 -1.094514400395261156e-01
7.335261863099650226e-01 -1.043098748763525430e-01
7.488520128189207758e-01 -9.905750397488230496e-02
7.642410644905727191e-01 -9.369826864649347109e-02
7.796894672134594417e-01 -8.823552781357943409e-02
7.951933319348093443e-01 -8.267173844253555837e-02
8.107487556395898132e-01 -7.700814387443445652e-02
8.263518223330695855e-01 -7.124450500349556459e-02
8.419986040266501659e-01 -6.537891716647029061e-02
8.576851617267149397e-01 -5.940776366803088987e-02
8.734075464262507360e-01 -5.332586489924832918e-02
8.891618000989889303e-01 -4.712688981268586125e-02
9.049439566958173975e-01 -4.080410388906639124e-02
9.207500431432115162e-01 -3.435153444692308489e-02
9.365760803434354242e-01 -2.776563998132181715e-02
9.524180841762578398e-01 -2.104757494117004760e-02
9.682720665019324269e-01 -1.420614473902095595e-02
9.841340361651920166e-01 -7.261547611264653618e-03
9.999999999999998890e-01 -2.500000000000491738e-04
