9.999999999999998890e-01 2.500000000000985592e-04
9.841340361651920166e-01 1.422293174652031721e-02
9.682720665019324269e-01 2.794614090359413480e-02
9.524180841762578398e-01 4.140183626912441461e-02
9.365760803434354242e-01 5.458108956381906018e-02
9.207500431432115162e-01 6.748125122247528029e-02
9.049439566958173975e-01 8.010383537979291757e-02
8.891618000989889303e-01 9.245282894643225280e-02
8.734075464262507360e-01 1.045333786376846236e-01
8.576851617267149397e-01 1.163508096943688258e-01
8.419986040266501659e-01 1.279099307393114782e-01
8.263518223330695855e-01 1.392145806514570316e-01
8.107487556395898132e-01 1.502673754162859587e-01
7.951933319348093443e-01 1.610696155255265383e-01
7.796894672134594417e-01 1.716213175494950005e-01
7.642410644905727191e-01 1.819213368907869610e-01
7.488520128189207758e-01 1.919675523497837710e-01
7.335261863099650226e-01 2.017570868958822594e-01
7.182674431585703845e-01 2.112865428542548274e-01
7.030796246717250231e-01 2.205522335038000714e-01
6.879665543015128781e-01 2.295503967629714537e-01
6.729320366825783939e-01 2.382773801502581223e-01
6.579798566743311206e-01 2.467297894883212772e-01
6.431137784081281117e-01 2.549045968279609053e-01
6.283375443396724824e-01 2.627992057628341094e-01
6.136548743068714895e-01 2.704114746607019781e-01
5.990694645933862805e-01 2.777397003341567916e-01
5.845849869981135649e-01 2.847825663048171307e-01
5.702050879108284676e-01 2.915390610801861238e-01
5.559333873942259308e-01 2.980083727702043661e-01
5.417734782725895926e-01 3.041897669367626400e-01
5.277289252273172915e-01 3.100824548162876559e-01
5.138032638995313484e-01 3.156854590106589753e-01
5.000000000000001110e-01 3.209974834373143238e-01
4.863226084265935834e-01 3.260167938010112842e-01
4.727745323894976259e-01 3.307411141352645245e-01
4.593591825444023335e-01 3.351675441002361922e-01
4.460799361338897429e-01 3.392925007554209449e-01
4.329401361372292589e-01 3.431116874888379686e-01
4.199430904288018462e-01 3.466200917171579632e-01
4.070920709453594855e-01 3.498120119085344482e-01
3.943903128623333920e-01 3.526811134542464088e-01
3.818410137793947223e-01 3.552205119554481261e-01
3.694473329154774888e-01 3.574228816222765337e-01
3.572123903134606371e-01 3.592805857248934642e-01
3.451392660547150104e-01 3.607858254058387559e-01
3.332309994837083789e-01 3.619308026718322524e-01
3.214905884428678196e-01 3.627078930377560240e-01
3.099209885178879631e-01 3.631098230983886288e-01
2.985251122936787294e-01 3.631298482526816307e-01
2.873058286211370715e-01 3.627619258951679249e-01
2.762659618949298013e-01 3.620008796100914750e-01
2.654082913424666845e-01 3.608425502435829713e-01
2.547355503242452190e-01 3.592839301725773704e-01
2.442504256457417311e-01 3.573232776190591320e-01
2.339555568810219865e-01 3.549602084559429493e-01
2.238535357082431787e-01 3.521957635969191758e-01
2.139469052572124941e-01 3.490324507369496621e-01
2.042381594691679014e-01 3.454742598930357622e-01
1.947297424689413692e-01 3.415266528673608915e-01
1.854240479496642724e-01 3.371965273990149004e-01
1.763234185701672008e-01 3.324921573699703425e-01
1.674301453652287108e-01 3.274231109714240695e-01
1.587464671688187945e-01 3.220001492059615944e-01
1.502745700504856119e-01 3.162351074895927150e-01
1.420165867650229341e-01 3.101407634185245898e-01
1.339745962155614034e-01 3.037306939742575596e-01
1.261506229302150617e-01 2.970191255555622578e-01
1.185466365524179277e-01 2.900207802481186148e-01
1.111645513450765232e-01 2.827507216755297814e-01
1.040062257086641351e-01 2.752242036248517820e-01
9.707346171337882801e-02 2.674565244135192477e-01
9.036800464548166989e-02 2.594628896721539180e-01
8.389154256793041053e-02 2.512582858702397948e-01
7.764570589541863743e-02 2.428573665210958243e-01
7.163206698392743377e-02 2.342743525817296002e-01
6.585213973489323358e-02 2.255229481251469492e-01
6.030737921409157209e-02 2.166162719205145804e-01
5.499918128533154427e-02 2.075668051228993227e-01
4.992888225905456334e-02 1.983863548610053096e-01
4.509775855592612626e-02 1.890860331292291419e-01
4.050702638550263135e-02 1.796762500489477166e-01
3.615784144005795842e-02 1.701667202712338345e-01
3.205129860364375194e-02 1.605664810553323607e-01
2.818843167645834757e-02 1.508839203786639382e-01
2.457021311459295365e-02 1.411268133172616790e-01
2.119755378522125699e-02 1.313023648809511501e-01
1.807130273729329328e-02 1.214172574938534033e-01
1.519224698779197968e-02 1.114777013747745155e-01
1.256111132360571148e-02 1.014894861888873401e-01
1.017855811906731578e-02 9.145803250550540997e-02
8.045187169204659483e-03 8.138844179910696697e-02
6.161535538745877005e-03 7.128554396353373179e-02
4.528077426915411152e-03 6.115394156311974166e-02
3.145224048057615462e-03 5.099805030972894698e-02
2.013323528115562588e-03 4.082213552134340839e-02
1.132660816992037134e-03 3.063034457634086424e-02
5.034576168149174080e-04 2.042673561864900497e-02
1.258723261249317105e-04 1.021530298409419751e-02
0.000000000000000000e+00 0.000000000000000000e+00
1.258723261249317105e-04 -9.506897361027897078e-03
5.034576168149174080e-04 -1.898859590837963934e-02
1.132660816992037134e-03 -2.842011010856660899e-02
2.013323528115562588e-03 -3.777700146708160012e-02
3.145224048057615462e-03 -4.703563865923255510e-02
4.528077426915411152e-03 -5.617344193863298835e-02
6.161535538745877005e-03 -6.516910716211768428e-02
8.045187169204659483e-03 -7.400280524762897771e-02
1.017855811906731578e-02 -8.265635345563485115e-02
1.256111132360571148e-02 -9.111335554034327711e-02
1.519224698779197968e-02 -9.935930853775364058e-02
1.807130273729329328e-02 -1.073816747251342824e-01
2.119755378522125699e-02 -1.151699180815068668e-01
2.457021311459295365e-02 -1.227155053810258245e-01
2.818843167645834757e-02 -1.300118728406371715e-01
3.205129860364375194e-02 -1.370543600002833429e-01
3.615784144005795842e-02 -1.438401132193464216e-01
4.050702638550263135e-02 -1.503679618095391801e-01
4.509775855592612626e-02 -1.566382703765115958e-01
4.992888225905456334e-02 -1.626527713967350630e-01
5.499918128533154427e-02 -1.684143824021444302e-01
6.030737921409157209e-02 -1.739270123748173913e-01
6.585213973489323358e-02 -1.791953620630938326e-01
7.163206698392743377e-02 -1.842247229176346146e-01
7.764570589541863743e-02 -1.890207792129933451e-01
8.389154256793041053e-02 -1.935894176725326266e-01
9.036800464548166989e-02 -1.979365485603084840e-01
9.707346171337882801e-02 -2.020679417541114964e-01
1.040062257086641351e-01 -2.059890807830094261e-01
1.111645513450765232e-01 -2.097050372165307486e-01
1.185466365524179277e-01 -2.132203671488787089e-01
1.261506229302150617e-01 -2.165390308493719274e-01
1.339745962155614034e-01 -2.196643359695152342e-01
1.420165867650229341e-01 -2.225989040277530084e-01
1.502745700504856119e-01 -2.253446592546833882e-01
1.587464671688187945e-01 -2.279028382930080310e-01
1.674301453652287108e-01 -2.302740187249071591e-01
1.763234185701672008e-01 -2.324581639600115657e-01
1.854240479496642724e-01 -2.344546816722830884e-01
1.947297424689413692e-01 -2.362624927336239578e-01
2.042381594691679014e-01 -2.378801074623347889e-01
2.139469052572124941e-01 -2.393057059885601856e-01
2.238535357082431787e-01 -2.405372196358607495e-01
2.339555568810219865e-01 -2.415724104235813796e-01
2.442504256457417311e-01 -2.424089461006341539e-01
2.547355503242452190e-01 -2.430444685160811635e-01
2.654082913424666845e-01 -2.434766536006582882e-01
2.762659618949298013e-01 -2.437032617584647398e-01
2.873058286211370715e-01 -2.437221780294145657e-01
2.985251122936787294e-01 -2.435314419588809898e-01
3.099209885178879631e-01 -2.431292676782646767e-01
3.214905884428678196e-01 -2.425140552355445622e-01
3.332309994837083789e-01 -2.416843946950923694e-01
3.451392660547150104e-01 -2.406390649290900408e-01
3.572123903134606371e-01 -2.393770293286207884e-01
3.694473329154774888e-01 -2.378974308533848558e-01
3.818410137793947223e-01 -2.361995889009209648e-01
3.943903128623333920e-01 -2.342830003991713539e-01
4.070920709453594855e-01 -2.321473473049337488e-01
4.199430904288018462e-01 -2.297925123251118584e-01
4.329401361372292589e-01 -2.272186041733197936e-01
4.460799361338897429e-01 -2.244259930427878746e-01
4.593591825444023335e-01 -2.214153562352144389e-01
4.727745323894976259e-01 -2.181877330577678686e-01
4.863226084265935834e-01 -2.147445872162289660e-01
5.000000000000001110e-01 -2.110878740261087627e-01
5.138032638995313484e-01 -2.072201088751899622e-01
5.277289252273172915e-01 -2.031444325442379184e-01
5.417734782725895926e-01 -1.988646682748322347e-01
5.559333873942259308e-01 -1.943853649138659045e-01
5.702050879108284676e-01 -1.897118201138579818e-01
5.845849869981135649e-01 -1.848500774772374455e-01
5.990694645933862805e-01 -1.798068917500240393e-01
6.136548743068714895e-01 -1.745896567416684864e-01
6.283375443396724824e-01 -1.692062916144998208e-01
6.431137784081281117e-01 -1.636650825834962686e-01
6.579798566743311206e-01 -1.579744789226656398e-01
6.729320366825783939e-01 -1.521428445069265833e-01
6.879665543015128781e-01 -1.461781689364963499e-01
7.030796246717250231e-01 -1.400877455913533132e-01
7.182674431585703845e-01 -1.338778277307871023e-01
7.335261863099650226e-01 -1.275532779583848086e-01
7.488520128189207758e-01 -1.211172309730703667e-01
7.642410644905727191e-01 -1.145707944646813942e-01
7.796894672134594417e-01 -1.079128182162519128e-01
7.951933319348093443e-01 -1.011397668586944409e-01
8.107487556395898132e-01 -9.424573718726181326e-02
8.263518223330695855e-01 -8.722266638054484988e-02
8.419986040266501659e-01 -8.006078273770692033e-02
8.576851617267149397e-01 -7.274935553396638666e-02
8.734075464262507360e-01 -6.527780514551118074e-02
8.891618000989889303e-01 -5.763723856444986915e-02
9.049439566958173975e-01 -4.982247865969213069e-02
9.207500431432115162e-01 -4.183465788739158114e-02
9.365760803434354242e-01 -3.368444846312754204e-02
9.524180841762578398e-01 -2.539600113057007350e-02
9.682720665019324269e-01 -1.701166345916430706e-02
9.841340361651920166e-01 -8.597545948853967460e-03
9.999999999999998890e-01 -2.500000000000578474e-04
