9.999999999999998890e-01 2.500000000001684360e-04
9.841340361651920166e-01 2.169814601271657234e-02
9.682720665019324269e-01 3.864099843434233572e-02
9.524180841762578398e-01 5.206064017589939752e-02
9.365760803434354242e-01 6.276229215681722318e-02
9.207500431432115162e-01 7.139868878097470339e-02
9.049439566958173975e-01 7.849221805655899609e-02
8.891618000989889303e-01 8.445487921258738873e-02
8.734075464262507360e-01 8.960613154442936823e-02
8.576851617267149397e-01 9.418872585092873118e-02
8.419986040266501659e-01 9.838262427274740984e-02
8.263518223330695855e-01 1.023171257123809685e-01
8.107487556395898132e-01 1.060813224542030975e-01
7.951933319348093443e-01 1.097330192824047396e-01
7.796894672134594417e-01 1.133062495163433270e-01
7.642410644905727191e-01 1.168175231679901976e-01
7.488520128189207758e-01 1.202709411118558502e-01
7.335261863099650226e-01 1.236623059915579054e-01
7.182674431585703845e-01 1.269823558223504012e-01
7.030796246717250231e-01 1.302192401398307442e-01
6.879665543015128781e-01 1.333603513428794352e-01
6.729320366825783939e-01 1.363936158278119815e-01
6.579798566743311206e-01 1.393083408443026583e-01
6.431137784081281117e-01 1.420957039418961343e-01
6.283375443396724824e-01 1.447489626227177195e-01
6.136548743068714895e-01 1.472634525569939679e-01
5.990694645933862805e-01 1.496364336190697530e-01
5.845849869981135649e-01 1.518668342077192090e-01
5.702050879108284676e-01 1.539549359491213243e-01
5.559333873942259308e-01 1.559020330455878345e-01
5.417734782725895926e-01 1.577100933081638789e-01
5.277289252273172915e-01 1.593814413558151677e-01
5.138032638995313484e-01 1.609184786173481208e-01
5.000000000000001110e-01 1.623234496550306494e-01
4.863226084265935834e-01 1.635982599443939478e-01
4.727745323894976259e-01 1.647443465806817386e-01
4.593591825444023335e-01 1.657626004129589825e-01
4.460799361338897429e-01 1.666533357943785487e-01
4.329401361372292589e-01 1.674163024342197603e-01
4.199430904288018462e-01 1.680507326890883224e-01
4.070920709453594855e-01 1.685554169765021981e-01
3.943903128623333920e-01 1.689287997696889143e-01
3.818410137793947223e-01 1.691690887716394698e-01
3.694473329154774888e-01 1.692743703030329117e-01
3.572123903134606371e-01 1.692427246076988467e-01
3.451392660547150104e-01 1.690723356187719129e-01
3.332309994837083789e-01 1.687615906805265409e-01
3.214905884428678196e-01 1.683091667319427942e-01
3.099209885178879631e-01 1.677141004809437064e-01
2.985251122936787294e-01 1.669758410918569247e-01
2.873058286211370715e-01 1.660942848385013049e-01
2.762659618949298013e-01 1.650697920137176034e-01
2.654082913424666845e-01 1.639031871122277884e-01
2.547355503242452190e-01 1.625957439030860929e-01
2.442504256457417311e-01 1.611491574725592013e-01
2.339555568810219865e-01 1.595655056456820597e-01
2.238535357082431787e-01 1.578472023877779684e-01
2.139469052572124941e-01 1.559969458532278752e-01
2.042381594691679014e-01 1.540176636987915237e-01
1.947297424689413692e-01 1.519124581269393481e-01
1.854240479496642724e-01 1.496845528872769171e-01
1.763234185701672008e-01 1.473372441590446169e-01
1.674301453652287108e-01 1.448738568833958518e-01
1.587464671688187945e-01 1.422977077292635062e-01
1.502745700504856119e-01 1.396120754790930452e-01
1.420165867650229341e-01 1.368201792273563977e-01
1.339745962155614034e-01 1.339251644107407602e-01
1.261506229302150617e-01 1.309300963473704060e-01
1.185466365524179277e-01 1.278379606642075228e-01
1.111645513450765232e-01 1.246516697452125649e-01
1.040062257086641351e-01 1.213740741436463710e-01
9.707346171337882801e-02 1.180079777731841556e-01
9.036800464548166989e-02 1.145561556248611418e-01
8.389154256793041053e-02 1.110213727485071106e-01
7.764570589541863743e-02 1.074064032843175254e-01
7.163206698392743377e-02 1.037140484267743273e-01
6.585213973489323358e-02 9.994715234195418463e-02
6.030737921409157209e-02 9.610861523186257915e-02
5.499918128533154427e-02 9.220140293653539265e-02
4.992888225905456334e-02 8.822855267657958578e-02
4.509775855592612626e-02 8.419317475586901578e-02
4.050702638550263135e-02 8.009845025689005249e-02
3.615784144005795842e-02 7.594762496103769911e-02
3.205129860364375194e-02 7.174399990520519133e-02
2.818843167645834757e-02 6.749091913773798412e-02
2.457021311459295365e-02 6.319175535602108984e-02
2.119755378522125699e-02 5.884989419098947405e-02
1.807130273729329328e-02 5.446871794860003863e-02
1.519224698779197968e-02 5.005158962434020503e-02
1.256111132360571148e-02 4.560183797526923960e-02
1.017855811906731578e-02 4.112274436749484979e-02
8.045187169204659483e-03 3.661753201929641988e-02
6.161535538745877005e-03 3.208935813638935652e-02
4.528077426915411152e-03 2.754130929205951192e-02
3.145224048057615462e-03 2.297640024775748219e-02
2.013323528115562588e-03 1.839757624625002613e-02
1.132660816992037134e-03 1.380771864678494512e-02
5.034576168149174080e-04 9.209653616928945366e-03
1.258723261249317105e-04 4.606163455374281610e-03
0.000000000000000000e+00 0.000000000000000000e+00
1.258723261249317105e-04 -4.446683808428102125e-03
5.034576168149174080e-04 -8.882765776664596283e-03
1.132660816992037134e-03 -1.329771430743138284e-02
2.013323528115562588e-03 -1.768126052325810771e-02
3.145224048057615462e-03 -2.202352061341044526e-02
4.528077426915411152e-03 -2.631510767304164056e-02
6.161535538745877005e-03 -3.054723004996942257e-02
8.045187169204659483e-03 -3.471177363721862641e-02
1.017855811906731578e-02 -3.880136605206322559e-02
1.256111132360571148e-02 -4.280942120872284484e-02
1.519224698779197968e-02 -4.673016340401010826e-02
1.807130273729329328e-02 -5.055863067343932538e-02
2.119755378522125699e-02 -5.429065781909893362e-02
2.457021311459295365e-02 -5.792284013914292956e-02
2.818843167645834757e-02 -6.145247948170565189e-02
3.205129860364375194e-02 -6.487751478404349403e-02
3.615784144005795842e-02 -6.819643972310271418e-02
4.050702638550263135e-02 -7.140821048109506630e-02
4.509775855592612626e-02 -7.451214690639976213e-02
4.992888225905456334e-02 -7.750783051676789215e-02
5.499918128533154427e-02 -8.039500284250651607e-02
6.030737921409157209e-02 -8.317346753996214537e-02
6.585213973489323358e-02 -8.584299952201948636e-02
7.163206698392743377e-02 -8.840326405818549338e-02
7.764570589541863743e-02 -9.085374840164321675e-02
8.389154256793041053e-02 -9.319370801745449628e-02
9.036800464548166989e-02 -9.542212893106798155e-02
9.707346171337882801e-02 -9.753770710835042712e-02
1.040062257086641351e-01 -9.953884513852423455e-02
1.111645513450765232e-01 -1.014236658421642095e-01
1.185466365524179277e-01 -1.031900417910322360e-01
1.261506229302150617e-01 -1.048356391282441319e-01
1.339745962155614034e-01 -1.063579735385060676e-01
1.420165867650229341e-01 -1.077544757597680425e-01
1.502745700504856119e-01 -1.090225636681019933e-01
1.587464671688187945e-01 -1.101597177223338775e-01
1.674301453652287108e-01 -1.111635564356258793e-01
1.763234185701672008e-01 -1.120319085552393262e-01
1.854240479496642724e-01 -1.127628787818264061e-01
1.947297424689413692e-01 -1.133549041435165800e-01
2.042381594691679014e-01 -1.138067985503573160e-01
2.139469052572124941e-01 -1.141177835787740708e-01
2.238535357082431787e-01 -1.142875041561431382e-01
2.339555568810219865e-01 -1.143160285102376300e-01
2.442504256457417311e-01 -1.142038324910983615e-01
2.547355503242452190e-01 -1.139517691343427952e-01
2.654082913424666845e-01 -1.135610250831263768e-01
2.762659618949298013e-01 -1.130330661875123544e-01
2.873058286211370715e-01 -1.123695752211464199e-01
2.985251122936787294e-01 -1.115723851629948082e-01
3.099209885178879631e-01 -1.106434118557923507e-01
3.214905884428678196e-01 -1.095845900455312133e-01
3.332309994837083789e-01 -1.083978168053991858e-01
3.451392660547150104e-01 -1.070849061367270955e-01
3.572123903134606371e-01 -1.056475581097146704e-01
3.694473329154774888e-01 -1.040873452573516655e-01
3.818410137793947223e-01 -1.024057180757435709e-01
3.943903128623333920e-01 -1.006040304317718515e-01
4.070920709453594855e-01 -9.868358446404779105e-02
4.199430904288018462e-01 -9.664569322568311582e-02
4.329401361372292589e-01 -9.449175790857253232e-02
4.460799361338897429e-01 -9.222335507020522349e-02
4.593591825444023335e-01 -8.984232792691976277e-02
4.727745323894976259e-01 -8.735087456223110391e-02
4.863226084265935834e-01 -8.475162491320664682e-02
5.000000000000001110e-01 -8.204769773552883505e-02
5.138032638995313484e-01 -7.924272850649054234e-02
5.277289252273172915e-01 -7.634085950402098864e-02
5.417734782725895926e-01 -7.334668419741843803e-02
5.559333873942259308e-01 -7.026513969667513848e-02
5.702050879108284676e-01 -6.710134342057083590e-02
5.845849869981135649e-01 -6.386037343801655164e-02
5.990694645933862805e-01 -6.054699617880637125e-02
6.136548743068714895e-01 -5.716535044963957229e-02
6.283375443396724824e-01 -5.371860296097728804e-02
6.431137784081281117e-01 -5.020859788037485005e-02
6.579798566743311206e-01 -4.663553126454525466e-02
6.729320366825783939e-01 -4.299769054509931104e-02
6.879665543015128781e-01 -3.929130948264480255e-02
7.030796246717250231e-01 -3.551060006149062143e-02
7.182674431585703845e-01 -3.164803454217603867e-02
7.335261863099650226e-01 -2.769496315927325383e-02
7.488520128189207758e-01 -2.364266555363715716e-02
7.642410644905727191e-01 -1.948394673691680040e-02
7.796894672134594417e-01 -1.521540094772422941e-02
7.951933319348093443e-01 -1.084047889223860479e-02
8.107487556395898132e-01 -6.373505261748507213e-03
8.263518223330695855e-01 -1.844803759586306074e-03
8.419986040266501659e-01 2.692904192404906548e-03
8.576851617267149397e-01 7.156653716164172035e-03
8.734075464262507360e-01 1.142376529095290305e-02
8.891618000989889303e-01 1.532056710983231707e-02
9.049439566958173975e-01 1.860913020720968147e-02
9.207500431432115162e-01 2.097183898743661470e-02
9.365760803434354242e-01 2.199362666849830408e-02
9.524180841762578398e-01 2.114171580901764644e-02
9.682720665019324269e-01 1.774271876261981906e-02
9.841340361651920166e-01 1.095697180877129237e-02
9.999999999999998890e-01 -2.499999999999032944e-04
