9.999999999999998890e-01 2.500000000000820251e-04
9.841340361651920166e-01 1.186834656798668730e-02
9.682720665019324269e-01 2.322822075332910130e-02
9.524180841762578398e-01 3.427638579502571836e-02
9.365760803434354242e-01 4.496989228419607382e-02
9.207500431432115162e-01 5.527545879935006484e-02
9.049439566958173975e-01 6.516876199702321959e-02
8.891618000989889303e-01 7.463365743120876916e-02
8.734075464262507360e-01 8.366135151706362294e-02
8.576851617267149397e-01 9.224954393745007919e-02
8.419986040266501659e-01 1.004015584517764098e-01
8.263518223330695855e-01 1.081254785434341004e-01
8.107487556395898132e-01 1.154333026735909762e-01
7.951933319348093443e-01 1.223401321338432879e-01
7.796894672134594417e-01 1.288634026461524251e-01
7.642410644905727191e-01 1.350221689821854976e-01
7.488520128189207758e-01 1.408364500003234376e-01
7.335261863099650226e-01 1.463266396595288843e-01
7.182674431585703845e-01 1.515129877944945413e-01
7.030796246717250231e-01 1.564151527524076102e-01
6.879665543015128781e-01 1.610518264212095763e-01
6.729320366825783939e-01 1.654404307417477460e-01
6.579798566743311206e-01 1.695968835072658720e-01
6.431137784081281117e-01 1.735354301250626452e-01
6.283375443396724824e-01 1.772685370548442163e-01
6.136548743068714895e-01 1.808068418506242336e-01
5.990694645933862805e-01 1.841591541187550252e-01
5.845849869981135649e-01 1.873325012612400975e-01
5.702050879108284676e-01 1.903322125952643940e-01
5.559333873942259308e-01 1.931620353184803907e-01
5.417734782725895926e-01 1.958242758141936213e-01
5.277289252273172915e-01 1.983199599483133346e-01
5.138032638995313484e-01 2.006490062862119061e-01
5.000000000000001110e-01 2.028104065366300168e-01
4.863226084265935834e-01 2.048024079947480536e-01
4.727745323894976259e-01 2.066226932902859303e-01
4.593591825444023335e-01 2.082685533316785131e-01
4.460799361338897429e-01 2.097370499568914914e-01
4.329401361372292589e-01 2.110251654388005937e-01
4.199430904288018462e-01 2.121299366326270530e-01
4.070920709453594855e-01 2.130485721802130861e-01
3.943903128623333920e-01 2.137785517878627861e-01
3.818410137793947223e-01 2.143177071595005478e-01
3.694473329154774888e-01 2.146642846852086506e-01
3.572123903134606371e-01 2.148169904487661763e-01
3.451392660547150104e-01 2.147750185204521101e-01
3.332309994837083789e-01 2.145380638388288408e-01
3.214905884428678196e-01 2.141063212550124439e-01
3.099209885178879631e-01 2.134804725144052451e-01
2.985251122936787294e-01 2.126616630850007850e-01
2.873058286211370715e-01 2.116514708107084808e-01
2.762659618949298013e-01 2.104518683765828901e-01
2.654082913424666845e-01 2.090651815255001045e-01
2.547355503242452190e-01 2.074940448687736527e-01
2.442504256457417311e-01 2.057413569933551900e-01
2.339555568810219865e-01 2.038102363930480998e-01
2.238535357082431787e-01 2.017039795483882847e-01
2.139469052572124941e-01 1.994260222574595065e-01
2.042381594691679014e-01 1.969799050857681255e-01
1.947297424689413692e-01 1.943692435650315464e-01
1.854240479496642724e-01 1.915977035355067026e-01
1.763234185701672008e-01 1.886689818008821518e-01
1.674301453652287108e-01 1.855867920546561134e-01
1.587464671688187945e-01 1.823548558473407077e-01
1.502745700504856119e-01 1.789768981989002250e-01
1.420165867650229341e-01 1.754566473236956192e-01
1.339745962155614034e-01 1.717978378280214380e-01
1.261506229302150617e-01 1.680042166642528867e-01
1.185466365524179277e-01 1.640795510808428226e-01
1.111645513450765232e-01 1.600276377931976191e-01
1.040062257086641351e-01 1.558523126152089044e-01
9.707346171337882801e-02 1.515574598325831468e-01
9.036800464548166989e-02 1.471470206640556055e-01
8.389154256793041053e-02 1.426250002415484774e-01
7.764570589541863743e-02 1.379954726413490096e-01
7.163206698392743377e-02 1.332625836111775430e-01
6.585213973489323358e-02 1.284305507581791905e-01
6.030737921409157209e-02 1.235036610859679418e-01
5.499918128533154427e-02 1.184862658905719013e-01
4.992888225905456334e-02 1.133827731413885181e-01
4.509775855592612626e-02 1.081976375803156143e-01
4.050702638550263135e-02 1.029353488667863609e-01
3.615784144005795842e-02 9.760041817572993883e-02
3.205129860364375194e-02 9.219736371730492819e-02
2.818843167645834757e-02 8.673069569006283674e-02
2.457021311459295365e-02 8.120490120208373463e-02
2.119755378522125699e-02 7.562442969735633236e-02
1.807130273729329328e-02 6.999367940765981178e-02
1.519224698779197968e-02 6.431698531449453471e-02
1.256111132360571148e-02 5.859860905280656063e-02
1.017855811906731578e-02 5.284273112049793497e-02
8.045187169204659483e-03 4.705344567756220703e-02
6.161535538745877005e-03 4.123475812906605281e-02
4.528077426915411152e-03 3.539058559025726886e-02
3.145224048057615462e-03 2.952476023317752649e-02
2.013323528115562588e-03 2.364103541561622668e-02
1.132660816992037134e-03 1.774309439842554001e-02
5.034576168149174080e-04 1.183456136925497768e-02
1.258723261249317105e-04 5.919014412572777377e-03
0.000000000000000000e+00 0.000000000000000000e+00
1.258723261249317105e-04 -5.720342727754002682e-03
5.034576168149174080e-04 -1.142704892041579434e-02
1.132660816992037134e-03 -1.710658635838846822e-02
2.013323528115562588e-03 -2.274575306286038406e-02
3.145224048057615462e-03 -2.833183185047394650e-02
4.528077426915411152e-03 -3.385273253871310534e-02
6.161535538745877005e-03 -3.929711824032524475e-02
8.045187169204659483e-03 -4.465451264015645599e-02
1.017855811906731578e-02 -4.991538569169609585e-02
1.256111132360571148e-02 -5.507121578781787319e-02
1.519224698779197968e-02 -6.011452713295367678e-02
1.807130273729329328e-02 -6.503890175283195962e-02
2.119755378522125699e-02 -6.983896630251526516e-02
2.457021311459295365e-02 -7.451035455270621499e-02
2.818843167645834757e-02 -7.904964712721360143e-02
3.205129860364375194e-02 -8.345429071072933691e-02
3.615784144005795842e-02 -8.772249952656925587e-02
4.050702638550263135e-02 -9.185314238143629795e-02
4.509775855592612626e-02 -9.584561897354003379e-02
4.992888225905456334e-02 -9.969972944923251312e-02
5.499918128533154427e-02 -1.034155413625148096e-01
6.030737921409157209e-02 -1.069932582355393597e-01
6.585213973489323358e-02 -1.104330938344362106e-01
7.163206698392743377e-02 -1.137351560649788179e-01
7.764570589541863743e-02 -1.168993440621046154e-01
8.389154256793041053e-02 -1.199252616050552611e-01
9.036800464548166989e-02 -1.228121494482980053e-01
9.707346171337882801e-02 -1.255588385329748924e-01
1.040062257086641351e-01 -1.281637253526812514e-01
1.111645513450765232e-01 -1.306247700114682719e-01
1.185466365524179277e-01 -1.329395167533796995e-01
1.261506229302150617e-01 -1.351051359849697875e-01
1.339745962155614034e-01 -1.371184860789636251e-01
1.420165867650229341e-01 -1.389761925621359195e-01
1.502745700504856119e-01 -1.406747416762927638e-01
1.587464671688187945e-01 -1.422105847790351152e-01
1.674301453652287108e-01 -1.435802496395466865e-01
1.763234185701672008e-01 -1.447804543998963134e-01
1.854240479496642724e-01 -1.458082198267082741e-01
1.947297424689413692e-01 -1.466609754800513032e-01
2.042381594691679014e-01 -1.473366555802124722e-01
2.139469052572124941e-01 -1.478337806582607494e-01
2.238535357082431787e-01 -1.481515215278160491e-01
2.339555568810219865e-01 -1.482897427033040283e-01
2.442504256457417311e-01 -1.482490230995947289e-01
2.547355503242452190e-01 -1.480306526602776229e-01
2.654082913424666845e-01 -1.476366044538283684e-01
2.762659618949298013e-01 -1.470694827219506950e-01
2.873058286211370715e-01 -1.463324483328623249e-01
2.985251122936787294e-01 -1.454291240525034945e-01
3.099209885178879631e-01 -1.443634829654740770e-01
3.214905884428678196e-01 -1.431397242214090537e-01
3.332309994837083789e-01 -1.417621410184841946e-01
3.451392660547150104e-01 -1.402349863323193169e-01
3.572123903134606371e-01 -1.385623423268276533e-01
3.694473329154774888e-01 -1.367479996181932556e-01
3.818410137793947223e-01 -1.347953525833699706e-01
3.943903128623333920e-01 -1.327073166949227501e-01
4.070920709453594855e-01 -1.304862734156060078e-01
4.199430904288018462e-01 -1.281340474966541076e-01
4.329401361372292589e-01 -1.256519205987466081e-01
4.460799361338897429e-01 -1.230406840072886948e-01
4.593591825444023335e-01 -1.203007318654525926e-01
4.727745323894976259e-01 -1.174321948289083206e-01
4.863226084265935834e-01 -1.144351123928683683e-01
5.000000000000001110e-01 -1.113096404000427087e-01
5.138032638995313484e-01 -1.080562884593711942e-01
5.277289252273172915e-01 -1.046761802480681847e-01
5.417734782725895926e-01 -1.011713279967615536e-01
5.559333873942259308e-01 -9.754491093630791865e-02
5.702050879108284676e-01 -9.380154618462124838e-02
5.845849869981135649e-01 -8.994753954276264729e-02
5.990694645933862805e-01 -8.599110302094817304e-02
6.136548743068714895e-01 -8.194252569366985983e-02
6.283375443396724824e-01 -7.781428475087985575e-02
6.431137784081281117e-01 -7.362108442476154868e-02
6.579798566743311206e-01 -6.937981187626655888e-02
6.729320366825783939e-01 -6.510940115938411432e-02
6.879665543015128781e-01 -6.083059906915391779e-02
7.030796246717250231e-01 -5.656563003331308015e-02
7.182674431585703845e-01 -5.233776122380946749e-02
7.335261863099650226e-01 -4.817077372367123411e-02
7.488520128189207758e-01 -4.408835085027822120e-02
7.642410644905727191e-01 -4.011340055357345141e-02
7.796894672134594417e-01 -3.626733510477794797e-02
7.951933319348093443e-01 -3.256933797734402197e-02
8.107487556395898132e-01 -2.903565478921613097e-02
8.263518223330695855e-01 -2.567895229922664835e-02
8.419986040266501659e-01 -2.250779659031346483e-02
8.576851617267149397e-01 -1.952630857392393879e-02
8.734075464262507360e-01 -1.673406164718430067e-02
8.891618000989889303e-01 -1.412629255126023227e-02
9.049439566958173975e-01 -1.169450203296919233e-02
9.207500431432115162e-01 -9.427526615381489131e-03
9.365760803434354242e-01 -7.313166449494753335e-03
9.524180841762578398e-01 -5.340456663629495476e-03
9.682720665019324269e-01 -3.502670672118569396e-03
9.841340361651920166e-01 -1.801143382734511026e-03
9.999999999999998890e-01 -2.500000000000102509e-04
