9.999999999999998890e-01 2.500000000001244716e-04
9.841340361651920166e-01 1.773863397062797401e-02
9.682720665019324269e-01 3.468860833152654505e-02
9.524180841762578398e-01 5.118522779406051854e-02
9.365760803434354242e-01 6.728753259347756976e-02
9.207500431432115162e-01 8.303395427483084568e-02
9.049439566958173975e-01 9.844716925972511745e-02
8.891618000989889303e-01 1.135382041161291794e-01
8.734075464262507360e-01 1.283098507517947406e-01
8.576851617267149397e-01 1.427594526787747953e-01
8.419986040266501659e-01 1.568811251362983716e-01
8.263518223330695855e-01 1.706674723097551249e-01
8.107487556395898132e-01 1.841108642538047957e-01
7.951933319348093443e-01 1.972043345352322008e-01
7.796894672134594417e-01 2.099421571796011576e-01
7.642410644905727191e-01 2.223201583619135446e-01
7.488520128189207758e-01 2.343358145531884151e-01
7.335261863099650226e-01 2.459881846487047274e-01
7.182674431585703845e-01 2.572777190827167937e-01
7.030796246717250231e-01 2.682059841966105695e-01
6.879665543015128781e-01 2.787753352835412590e-01
6.729320366825783939e-01 2.889885668850346589e-01
6.579798566743311206e-01 2.988485641566487883e-01
6.431137784081281117e-01 3.083579745328932642e-01
6.283375443396724824e-01 3.175189145772944199e-01
6.136548743068714895e-01 3.263327228612401543e-01
5.990694645933862805e-01 3.347997660228053118e-01
5.845849869981135649e-01 3.429193018501115464e-01
5.702050879108284676e-01 3.506894003375553570e-01
5.559333873942259308e-01 3.581069211910870576e-01
5.417734782725895926e-01 3.651675442140722705e-01
5.277289252273172915e-01 3.718658473820742882e-01
5.138032638995313484e-01 3.781954261986278376e-01
5.000000000000001110e-01 3.841490470927692025e-01
4.863226084265935834e-01 3.897188271444202434e-01
4.727745323894976259e-01 3.948964322722399722e-01
4.593591825444023335e-01 3.996732861528062286e-01
4.460799361338897429e-01 4.040407825197399050e-01
4.329401361372292589e-01 4.079904940747409170e-01
4.199430904288018462e-01 4.115143719870550387e-01
4.070920709453594855e-01 4.146049308216742668e-01
3.943903128623333920e-01 4.172554146790586893e-01
3.818410137793947223e-01 4.194599413120871922e-01
3.694473329154774888e-01 4.212136219739845977e-01
3.572123903134606371e-01 4.225126557124045945e-01
3.451392660547150104e-01 4.233543977319674245e-01
3.332309994837083789e-01 4.237374022770641346e-01
3.214905884428678196e-01 4.236614412198922985e-01
3.099209885178879631e-01 4.231275001614510090e-01
2.985251122936787294e-01 4.221377543561641299e-01
2.873058286211370715e-01 4.206955271490075976e-01
2.762659618949298013e-01 4.188052338667932473e-01
2.654082913424666845e-01 4.164723142358490171e-01
2.547355503242452190e-01 4.137031564134329709e-01
2.442504256457417311e-01 4.105050156295983466e-01
2.339555568810219865e-01 4.068859302521078414e-01
2.238535357082431787e-01 4.028546378236136372e-01
2.139469052572124941e-01 3.984204932932805532e-01
2.042381594691679014e-01 3.935933912907600418e-01
1.947297424689413692e-01 3.883836938856957688e-01
1.854240479496642724e-01 3.828021648572184632e-01
1.763234185701672008e-01 3.768599110810125774e-01
1.674301453652287108e-01 3.705683312411284236e-01
1.587464671688187945e-01 3.639390717029222233e-01
1.502745700504856119e-01 3.569839890536716243e-01
1.420165867650229341e-01 3.497151185377481708e-01
1.339745962155614034e-01 3.421446473907859831e-01
1.261506229302150617e-01 3.342848919167675792e-01
1.185466365524179277e-01 3.261482770556679567e-01
1.111645513450765232e-01 3.177473171573597654e-01
1.040062257086641351e-01 3.090945967076899614e-01
9.707346171337882801e-02 3.002027498408925688e-01
9.036800464548166989e-02 2.910844376127907362e-01
8.389154256793041053e-02 2.817523221941222733e-01
7.764570589541863743e-02 2.722190373640585581e-01
7.163206698392743377e-02 2.624971549309433327e-01
6.585213973489323358e-02 2.525991469702919545e-01
6.030737921409157209e-02 2.425373440386960344e-01
5.499918128533154427e-02 2.323238897862089647e-01
4.992888225905456334e-02 2.219706926391500634e-01
4.509775855592612626e-02 2.114893754509230839e-01
4.050702638550263135e-02 2.008912242122741498e-01
3.615784144005795842e-02 1.901871370675342066e-01
3.205129860364375194e-02 1.793875749943066311e-01
2.818843167645834757e-02 1.685025155669075403e-01
2.457021311459295365e-02 1.575414112363744679e-01
2.119755378522125699e-02 1.465131535215000447e-01
1.807130273729329328e-02 1.354260444172465383e-01
1.519224698779197968e-02 1.242877761918190771e-01
1.256111132360571148e-02 1.131054205658765799e-01
1.017855811906731578e-02 1.018854280524672112e-01
8.045187169204659483e-03 9.063363799105830787e-02
6.161535538745877005e-03 7.935529954123210494e-02
4.528077426915411152e-03 6.805510361960176446e-02
3.145224048057615462e-03 5.673722547616923129e-02
2.013323528115562588e-03 4.540537732256789971e-02
1.132660816992037134e-03 3.406287015335124346e-02
5.034576168149174080e-04 2.271268365106829043e-02
1.258723261249317105e-04 1.135754284409964433e-02
0.000000000000000000e+00 0.000000000000000000e+00
1.258723261249317105e-04 -1.062785355533108975e-02
5.034576168149174080e-04 -2.122568973802060541e-02
1.132660816992037134e-03 -3.176380110892988023e-02
2.013323528115562588e-03 -4.221321709281259521e-02
3.145224048057615462e-03 -5.254605043756846450e-02
4.528077426915411152e-03 -6.273581798326853531e-02
6.161535538745877005e-03 -7.275772830069165975e-02
8.045187169204659483e-03 -8.258892968053502259e-02
1.017855811906731578e-02 -9.220871305593379696e-02
1.256111132360571148e-02 -1.015986656910006225e-01
1.519224698779197968e-02 -1.107427728310282355e-01
1.807130273729329328e-02 -1.196274659466658452e-01
2.119755378522125699e-02 -1.282416176735939883e-01
2.457021311459295365e-02 -1.365764850085706694e-01
2.818843167645834757e-02 -1.446256037300936714e-01
3.205129860364375194e-02 -1.523846383264562121e-01
3.615784144005795842e-02 -1.598511928973858631e-01
4.050702638550263135e-02 -1.670245895130677560e-01
4.509775855592612626e-02 -1.739056213361608039e-01
4.992888225905456334e-02 -1.804962884139391655e-01
5.499918128533154427e-02 -1.867995244107971409e-01
6.030737921409157209e-02 -1.928189226647506749e-01
6.585213973489323358e-02 -1.985584698113047886e-01
7.163206698392743377e-02 -2.040222948276057824e-01
7.764570589541863743e-02 -2.092144407201806666e-01
8.389154256793041053e-02 -2.141386652289884451e-01
9.036800464548166989e-02 -2.187982758740423528e-01
9.707346171337882801e-02 -2.231960034597627873e-01
1.040062257086641351e-01 -2.273339168130903698e-01
1.111645513450765232e-01 -2.312133801052430049e-01
1.185466365524179277e-01 -2.348350526380923453e-01
1.261506229302150617e-01 -2.381989295107054261e-01
1.339745962155614034e-01 -2.413044201665808519e-01
1.420165867650229341e-01 -2.441504605036773357e-01
1.502745700504856119e-01 -2.467356530515856239e-01
1.587464671688187945e-01 -2.490584287236781436e-01
1.674301453652287108e-01 -2.511172228725674915e-01
1.763234185701672008e-01 -2.529106578444353381e-01
1.854240479496642724e-01 -2.544377239643980659e-01
1.947297424689413692e-01 -2.556979509056825361e-01
2.042381594691679014e-01 -2.566915617059112309e-01
2.139469052572124941e-01 -2.574196022909766568e-01
2.238535357082431787e-01 -2.578840402381477048e-01
2.339555568810219865e-01 -2.580878276331480814e-01
2.442504256457417311e-01 -2.580349242198811122e-01
2.547355503242452190e-01 -2.577302785666701901e-01
2.654082913424666845e-01 -2.571797666321713471e-01
2.762659618949298013e-01 -2.563900888538314660e-01
2.873058286211370715e-01 -2.553686286431284813e-01
2.985251122936787294e-01 -2.541232768925322238e-01
3.099209885178879631e-01 -2.526622287150493973e-01
3.214905884428678196e-01 -2.509937600844171501e-01
3.332309994837083789e-01 -2.491259932606501859e-01
3.451392660547150104e-01 -2.470666608141099119e-01
3.572123903134606371e-01 -2.448228786502175958e-01
3.694473329154774888e-01 -2.424009386432969537e-01
3.818410137793947223e-01 -2.398061312789684651e-01
3.943903128623333920e-01 -2.370426080590853635e-01
4.070920709453594855e-01 -2.341132923339622474e-01
4.199430904288018462e-01 -2.310198457008657558e-01
4.329401361372292589e-01 -2.277626951683802137e-01
4.460799361338897429e-01 -2.243411239725362216e-01
4.593591825444023335e-01 -2.207534262981701301e-01
4.727745323894976259e-01 -2.169971232797775762e-01
4.863226084265935834e-01 -2.130692346175763752e-01
5.000000000000001110e-01 -2.089665970485019009e-01
5.138032638995313484e-01 -2.046862178731422288e-01
5.277289252273172915e-01 -2.002256488837476645e-01
5.417734782725895926e-01 -1.955833634993318637e-01
5.559333873942259308e-01 -1.907591178309746560e-01
5.702050879108284676e-01 -1.857542749154987571e-01
5.845849869981135649e-01 -1.805720706093175143e-01
5.990694645933862805e-01 -1.752177997620868177e-01
6.136548743068714895e-01 -1.696989024186731088e-01
6.283375443396724824e-01 -1.640249320418251944e-01
6.431137784081281117e-01 -1.582073912039151653e-01
6.579798566743311206e-01 -1.522594249404791711e-01
6.729320366825783939e-01 -1.461953680427251767e-01
6.879665543015128781e-01 -1.400301500143018851e-01
7.030796246717250231e-01 -1.337785702217704764e-01
7.182674431585703845e-01 -1.274544658867949598e-01
7.335261863099650226e-01 -1.210698069233046154e-01
7.488520128189207758e-01 -1.146337640993401880e-01
7.642410644905727191e-01 -1.081518104469478408e-01
7.796894672134594417e-01 -1.016249300615729434e-01
7.951933319348093443e-01 -9.504902319414498812e-02
8.107487556395898132e-01 -8.841461157707448948e-02
8.263518223330695855e-01 -8.170696293815997435e-02
8.419986040266501659e-01 -7.490676831138584624e-02
8.576851617267149397e-01 -6.799151969135258655e-02
8.734075464262507360e-01 -6.093774841715752372e-02
8.891618000989889303e-01 -5.372429601418676065e-02
9.049439566958173975e-01 -4.633679866078778409e-02
9.207500431432115162e-01 -3.877357357064147025e-02
9.365760803434354242e-01 -3.105309998503459623e-02
9.524180841762578398e-01 -2.322328875915022697e-02
9.682720665019324269e-01 -1.537273233107069696e-02
9.841340361651920166e-01 -7.644120839264675026e-03
9.999999999999998890e-01 -2.500000000000498785e-04
