9.999999999999998890e-01 2.500000000000466259e-04
9.841340361651920166e-01 6.835191559537907337e-03
9.682720665019324269e-01 1.323582393550507864e-02
9.524180841762578398e-01 1.942315498769863272e-02
9.365760803434354242e-01 2.537192870896370911e-02
9.207500431432115162e-01 3.106097908082496722e-02
9.049439566958173975e-01 3.647359395483935895e-02
8.891618000989889303e-01 4.159766922108421028e-02
8.734075464262507360e-01 4.642568347610679519e-02
8.576851617267149397e-01 5.095452284604497922e-02
8.419986040266501659e-01 5.518518460981960277e-02
8.263518223330695855e-01 5.912238685936791610e-02
8.107487556395898132e-01 6.277410968839680638e-02
7.951933319348093443e-01 6.615109137897476344e-02
7.796894672134594417e-01 6.926630081750022316e-02
7.642410644905727191e-01 7.213440497831406784e-02
7.488520128189207758e-01 7.477124782267179082e-02
7.335261863099650226e-01 7.719335442832896133e-02
7.182674431585703845e-01 7.941747164235168910e-02
7.030796246717250231e-01 8.146015408433918137e-02
6.879665543015128781e-01 8.333740196152106261e-02
6.729320366825783939e-01 8.506435492830632938e-02
6.579798566743311206e-01 8.665504416226353646e-02
6.431137784081281117e-01 8.812220296178949197e-02
6.283375443396724824e-01 8.947713451751408698e-02
6.136548743068714895e-01 9.072963408352152648e-02
5.990694645933862805e-01 9.188796158373710443e-02
5.845849869981135649e-01 9.295885973582374007e-02
5.702050879108284676e-01 9.394761205700423445e-02
5.559333873942259308e-01 9.485813462600538315e-02
5.417734782725895926e-01 9.569309520121076218e-02
5.277289252273172915e-01 9.645405322183600583e-02
5.138032638995313484e-01 9.714161432813415986e-02
5.000000000000001110e-01 9.775559330745148268e-02
4.863226084265935834e-01 9.829517978268105527e-02
4.727745323894976259e-01 9.875910148436789493e-02
4.593591825444023335e-01 9.914578056284824303e-02
4.460799361338897429e-01 9.945347907776881657e-02
4.329401361372292589e-01 9.968043052504882429e-02
4.199430904288018462e-01 9.982495500276358791e-02
4.070920709453594855e-01 9.988555635595090798e-02
3.943903128623333920e-01 9.986100035624058402e-02
3.818410137793947223e-01 9.975037364793520878e-02
3.694473329154774888e-01 9.955312381261913202e-02
3.572123903134606371e-01 9.926908145706342390e-02
3.451392660547150104e-01 9.889846570438205753e-02
3.332309994837083789e-01 9.844187485913168112e-02
3.214905884428678196e-01 9.790026431913796678e-02
3.099209885178879631e-01 9.727491401877004507e-02
2.985251122936787294e-01 9.656738781119916792e-02
2.873058286211370715e-01 9.577948723424022093e-02
2.762659618949298013e-01 9.491320206116050928e-02
2.654082913424666845e-01 9.397065992166116211e-02
2.547355503242452190e-01 9.295407709791861373e-02
2.442504256457417311e-01 9.186571236615381775e-02
2.339555568810219865e-01 9.070782547657314787e-02
2.238535357082431787e-01 8.948264155511639895e-02
2.139469052572124941e-01 8.819232238087339193e-02
2.042381594691679014e-01 8.683894515476896225e-02
1.947297424689413692e-01 8.542448903922149339e-02
1.854240479496642724e-01 8.395082942529354109e-02
1.763234185701672008e-01 8.241973958276128942e-02
1.674301453652287108e-01 8.083289907776944339e-02
1.587464671688187945e-01 7.919190810920298529e-02
1.502745700504856119e-01 7.749830672405536025e-02
1.420165867650229341e-01 7.575359772780590473e-02
1.339745962155614034e-01 7.395927201048971278e-02
1.261506229302150617e-01 7.211683496351026235e-02
1.185466365524179277e-01 7.022783266556667514e-02
1.111645513450765232e-01 6.829387656614972768e-02
1.040062257086641351e-01 6.631666548840293995e-02
9.707346171337882801e-02 6.429800390507493801e-02
9.036800464548166989e-02 6.223981560614637309e-02
8.389154256793041053e-02 6.014415206804982900e-02
7.764570589541863743e-02 5.801319504518048092e-02
7.163206698392743377e-02 5.584925312722809759e-02
6.585213973489323358e-02 5.365475223322293402e-02
6.030737921409157209e-02 5.143222023763162343e-02
5.499918128533154427e-02 4.918426613822211163e-02
4.992888225905456334e-02 4.691355437308438597e-02
4.509775855592612626e-02 4.462277506916349085e-02
4.050702638550263135e-02 4.231461115177941740e-02
3.615784144005795842e-02 3.999170335968198903e-02
3.205129860364375194e-02 3.765661429006646882e-02
2.818843167645834757e-02 3.531179264065124890e-02
2.457021311459295365e-02 3.295953882052383987e-02
2.119755378522125699e-02 3.060197306830592448e-02
1.807130273729329328e-02 2.824100714670432083e-02
1.519224698779197968e-02 2.587832057921296905e-02
1.256111132360571148e-02 2.351534226109939715e-02
1.017855811906731578e-02 2.115323811720728683e-02
8.045187169204659483e-03 1.879290529861933623e-02
6.161535538745877005e-03 1.643497321451624707e-02
4.528077426915411152e-03 1.407981149069422767e-02
3.145224048057615462e-03 1.172754473846530747e-02
2.013323528115562588e-03 9.378073813369259756e-03
1.132660816992037134e-03 7.031103048475833076e-03
5.034576168149174080e-04 4.686172767900364557e-03
1.258723261249317105e-04 2.342696227870234415e-03
0.000000000000000000e+00 0.000000000000000000e+00
1.258723261249317105e-04 -2.183758890305737606e-03
5.034576168149174080e-04 -4.360162829027555698e-03
1.132660816992037134e-03 -6.521896645801781092e-03
2.013323528115562588e-03 -8.661847968585470806e-03
3.145224048057615462e-03 -1.077320207639624952e-02
4.528077426915411152e-03 -1.284952909858397621e-02
6.161535538745877005e-03 -1.488486135584967188e-02
8.045187169204659483e-03 -1.687375892227067561e-02
1.017855811906731578e-02 -1.881136182699198051e-02
1.256111132360571148e-02 -2.069342769921124828e-02
1.519224698779197968e-02 -2.251635407948594444e-02
1.807130273729329328e-02 -2.427718506204697840e-02
2.119755378522125699e-02 -2.597360238386847708e-02
2.457021311459295365e-02 -2.760390152350965937e-02
2.818843167645834757e-02 -2.916695380307045976e-02
3.205129860364375194e-02 -3.066215588724337943e-02
3.615784144005795842e-02 -3.208936843244703657e-02
4.050702638550263135e-02 -3.344884594556124524e-02
4.509775855592612626e-02 -3.474116015647031597e-02
4.992888225905456334e-02 -3.596711938381047524e-02
5.499918128533154427e-02 -3.712768647333190147e-02
6.030737921409157209e-02 -3.822389790960209477e-02
6.585213973489323358e-02 -3.925678664316377409e-02
7.163206698392743377e-02 -4.022731103783068474e-02
7.764570589541863743e-02 -4.113629213004125346e-02
8.389154256793041053e-02 -4.198436110985875186e-02
9.036800464548166989e-02 -4.277191858924740686e-02
9.707346171337882801e-02 -4.349910682758154068e-02
1.040062257086641351e-01 -4.416579564859674650e-02
1.111645513450765232e-01 -4.477158232023224771e-02
1.185466365524179277e-01 -4.531580519317786326e-02
1.261506229302150617e-01 -4.579757042024607677e-02
1.339745962155614034e-01 -4.621579062202684635e-02
1.420165867650229341e-01 -4.656923393957144997e-02
1.502745700504856119e-01 -4.685658153639948864e-02
1.587464671688187945e-01 -4.707649129319751297e-02
1.674301453652287108e-01 -4.722766519097055388e-02
1.763234185701672008e-01 -4.730891771205930629e-02
1.854240479496642724e-01 -4.731924251106737339e-02
1.947297424689413692e-01 -4.725787462456634835e-02
2.042381594691679014e-01 -4.712434560191380156e-02
2.139469052572124941e-01 -4.691852914915606299e-02
2.238535357082431787e-01 -4.664067518028839482e-02
2.339555568810219865e-01 -4.629143055856736744e-02
2.442504256457417311e-01 -4.587184527558687414e-02
2.547355503242452190e-01 -4.538336334510154751e-02
2.654082913424666845e-01 -4.482779826718127220e-02
2.762659618949298013e-01 -4.420729352902345866e-02
2.873058286211370715e-01 -4.352426923259139491e-02
2.985251122936787294e-01 -4.278135655575011909e-02
3.099209885178879631e-01 -4.198132234144483915e-02
3.214905884428678196e-01 -4.112698664713726471e-02
3.332309994837083789e-01 -4.022113655296304102e-02
3.451392660547150104e-01 -3.926643990165246123e-02
3.572123903134606371e-01 -3.826536290757800302e-02
3.694473329154774888e-01 -3.722009571003476874e-02
3.818410137793947223e-01 -3.613248994362099065e-02
3.943903128623333920e-01 -3.500401224643505393e-02
4.070920709453594855e-01 -3.383571731882806938e-02
4.199430904288018462e-01 -3.262824368017130938e-02
4.329401361372292589e-01 -3.138183465186531601e-02
4.460799361338897429e-01 -3.009638633003266020e-02
4.593591825444023335e-01 -2.877152341462098362e-02
4.727745323894976259e-01 -2.740670275183514082e-02
4.863226084265935834e-01 -2.600134334787272336e-02
5.000000000000001110e-01 -2.455498045266872945e-02
5.138032638995313484e-01 -2.306744012605374539e-02
5.277289252273172915e-01 -2.153902952262807396e-02
5.417734782725895926e-01 -1.997073700628260867e-02
5.559333873942259308e-01 -1.836443517368286163e-02
5.702050879108284676e-01 -1.672307897282131889e-02
5.845849869981135649e-01 -1.505089039318267818e-02
5.990694645933862805e-01 -1.335352072293419234e-02
6.136548743068714895e-01 -1.163818115900419094e-02
6.283375443396724824e-01 -9.913732658284983568e-03
6.431137784081281117e-01 -8.190726368807061883e-03
6.579798566743311206e-01 -6.481386809663107831e-03
6.729320366825783939e-01 -4.799531202387201725e-03
6.879665543015128781e-01 -3.160420011577706398e-03
7.030796246717250231e-01 -1.580535837396810847e-03
7.182674431585703845e-01 -7.729031633825100454e-05
7.335261863099650226e-01 1.331338381763927815e-03
7.488520128189207758e-01 2.627231545037731365e-03
7.642410644905727191e-01 3.792609793568029169e-03
7.796894672134594417e-01 4.810553222283110719e-03
7.951933319348093443e-01 5.665543928891792792e-03
8.107487556395898132e-01 6.344008578520740800e-03
8.263518223330695855e-01 6.834834075849885102e-03
8.419986040266501659e-01 7.129824806479932199e-03
8.576851617267149397e-01 7.224065369125883505e-03
8.734075464262507360e-01 7.116148353927187996e-03
8.891618000989889303e-01 6.808222640909839148e-03
9.049439566958173975e-01 6.305814012248032313e-03
9.207500431432115162e-01 5.617366710984788777e-03
9.365760803434354242e-01 4.753452056453820809e-03
9.524180841762578398e-01 3.725588460392777451e-03
9.682720665019324269e-01 2.544616291329104482e-03
9.841340361651920166e-01 1.218571115608384735e-03
9.999999999999998890e-01 -2.499999999999892174e-04
