9.999999999999998890e-01 2.500000000002215077e-04
9.841340361651920166e-01 2.977985908475236712e-02
9.682720665019324269e-01 5.560399882458974541e-02
9.524180841762578398e-01 7.844483836746724004e-02
9.365760803434354242e-01 9.890497464475228595e-02
9.207500431432115162e-01 1.174816614117409480e-01
9.049439566958173975e-01 1.345802652464331284e-01
8.891618000989889303e-01 1.505266803020987032e-01
8.734075464262507360e-01 1.655786974019625712e-01
8.576851617267149397e-01 1.799363356296631300e-01
8.419986040266501659e-01 1.937511558505582154e-01
8.263518223330695855e-01 2.071345855607032993e-01
8.107487556395898132e-01 2.201652930863737534e-01
7.951933319348093443e-01 2.328956564500714310e-01
7.796894672134594417e-01 2.453573781991379155e-01
7.642410644905727191e-01 2.575663021965231558e-01
7.488520128189207758e-01 2.695264918504103324e-01
7.335261863099650226e-01 2.812336315735444181e-01
7.182674431585703845e-01 2.926778144884559230e-01
7.030796246717250231e-01 3.038457796147446821e-01
6.879665543015128781e-01 3.147226610799301882e-01
6.729320366825783939e-01 3.252933103824526273e-01
6.579798566743311206e-01 3.355432505043055569e-01
6.431137784081281117e-01 3.454593178237171935e-01
6.283375443396724824e-01 3.550300444178973724e-01
6.136548743068714895e-01 3.642458295736516471e-01
5.990694645933862805e-01 3.730989452386986871e-01
5.845849869981135649e-01 3.815834158440036816e-01
5.702050879108284676e-01 3.896948084976613047e-01
5.559333873942259308e-01 3.974299650781656368e-01
5.417734782725895926e-01 4.047867033168393025e-01
5.277289252273172915e-01 4.117635096258804306e-01
5.138032638995313484e-01 4.183592422620123763e-01
5.000000000000001110e-01 4.245728594698882086e-01
4.863226084265935834e-01 4.304031835694212549e-01
4.727745323894976259e-01 4.358487085737104416e-01
4.593591825444023335e-01 4.409074558772950181e-01
4.460799361338897429e-01 4.455768798578932377e-01
4.329401361372292589e-01 4.498538229003407052e-01
4.199430904288018462e-01 4.537345173834177459e-01
4.070920709453594855e-01 4.572146305658453813e-01
3.943903128623333920e-01 4.602893470577983370e-01
3.818410137793947223e-01 4.629534826538825310e-01
3.694473329154774888e-01 4.652016227127641623e-01
3.572123903134606371e-01 4.670282779732967682e-01
3.451392660547150104e-01 4.684280506694148971e-01
3.332309994837083789e-01 4.693958040158772160e-01
3.214905884428678196e-01 4.699268285518001798e-01
3.099209885178879631e-01 4.700169994153766129e-01
2.985251122936787294e-01 4.696629193472299790e-01
2.873058286211370715e-01 4.688620430478126488e-01
2.762659618949298013e-01 4.676127794132054483e-01
2.654082913424666845e-01 4.659145691121888699e-01
2.547355503242452190e-01 4.637679359159566084e-01
2.442504256457417311e-01 4.611745111232073979e-01
2.339555568810219865e-01 4.581370313130992966e-01
2.238535357082431787e-01 4.546593104852816314e-01
2.139469052572124941e-01 4.507461883917475154e-01
2.042381594691679014e-01 4.464034575147334816e-01
1.947297424689413692e-01 4.416377716869834824e-01
1.854240479496642724e-01 4.364565397774303745e-01
1.763234185701672008e-01 4.308678081721690201e-01
1.674301453652287108e-01 4.248801359661534272e-01
1.587464671688187945e-01 4.185024668470884723e-01
1.502745700504856119e-01 4.117440016040189166e-01
1.420165867650229341e-01 4.046140750362650085e-01
1.339745962155614034e-01 3.971220407829104126e-01
1.261506229302150617e-01 3.892771672502796099e-01
1.185466365524179277e-01 3.810885473974960913e-01
1.111645513450765232e-01 3.725650246622575490e-01
1.040062257086641351e-01 3.637151367851738093e-01
9.707346171337882801e-02 3.545470787365723186e-01
9.036800464548166989e-02 3.450686853798866638e-01
8.389154256793041053e-02 3.352874339356060052e-01
7.764570589541863743e-02 3.252104657537303045e-01
7.163206698392743377e-02 3.148446263742761264e-01
6.585213973489323358e-02 3.041965223670341500e-01
6.030737921409157209e-02 2.932725930044955964e-01
5.499918128533154427e-02 2.820791944451112587e-01
4.992888225905456334e-02 2.706226937955434342e-01
4.509775855592612626e-02 2.589095701862281218e-01
4.050702638550263135e-02 2.469465198383330173e-01
3.615784144005795842e-02 2.347405620241973245e-01
3.205129860364375194e-02 2.222991428276233361e-01
2.818843167645834757e-02 2.096302336932933108e-01
2.457021311459295365e-02 1.967424219125230023e-01
2.119755378522125699e-02 1.836449904204014438e-01
1.807130273729329328e-02 1.703479845703615436e-01
1.519224698779197968e-02 1.568622638984061568e-01
1.256111132360571148e-02 1.431995372813833767e-01
1.017855811906731578e-02 1.293723803218443658e-01
8.045187169204659483e-03 1.153942342453747882e-01
6.161535538745877005e-03 1.012793860637547921e-01
4.528077426915411152e-03 8.704293022749162723e-02
3.145224048057615462e-03 7.270071245302303642e-02
2.013323528115562588e-03 5.826925685214974504e-02
1.132660816992037134e-03 4.376567790375669037e-02
5.034576168149174080e-04 2.920757918093338720e-02
1.258723261249317105e-04 1.461294107157837599e-02
0.000000000000000000e+00 0.000000000000000000e+00
1.258723261249317105e-04 -1.448535739532449962e-02
5.034576168149174080e-04 -2.894606898981638698e-02
1.132660816992037134e-03 -4.335767455019070432e-02
2.013323528115562588e-03 -5.769620442417581346e-02
3.145224048057615462e-03 -7.193840892295279288e-02
4.528077426915411152e-03 -8.606196913016110617e-02
6.161535538745877005e-03 -1.000456838057060399e-01
8.045187169204659483e-03 -1.138696277562319253e-01
1.017855811906731578e-02 -1.275152778834631462e-01
1.256111132360571148e-02 -1.409656040716425751e-01
1.519224698779197968e-02 -1.542051231076225215e-01
1.807130273729329328e-02 -1.672199149107922167e-01
2.119755378522125699e-02 -1.799976014525205004e-01
2.457021311459295365e-02 -1.925272898328421745e-01
2.818843167645834757e-02 -2.047994820229075696e-01
3.205129860364375194e-02 -2.168059547436310686e-01
3.615784144005795842e-02 -2.285396138047000869e-01
4.050702638550263135e-02 -2.399943279474487656e-01
4.509775855592612626e-02 -2.511647477978392051e-01
4.992888225905456334e-02 -2.620461159243136495e-01
5.499918128533154427e-02 -2.726340741972674842e-01
6.030737921409157209e-02 -2.829244746555824586e-01
6.585213973489323358e-02 -2.929131999002996256e-01
7.163206698392743377e-02 -3.025959986612451469e-01
7.764570589541863743e-02 -3.119683416304254719e-01
8.389154256793041053e-02 -3.210253019429956667e-01
9.036800464548166989e-02 -3.297614638346003102e-01
9.707346171337882801e-02 -3.381708620394929810e-01
1.040062257086641351e-01 -3.462469534475354216e-01
1.111645513450765232e-01 -3.539826214434246832e-01
1.185466365524179277e-01 -3.613702122437982278e-01
1.261506229302150617e-01 -3.684016014635841385e-01
1.339745962155614034e-01 -3.750682881183315942e-01
1.420165867650229341e-01 -3.813615123391005945e-01
1.502745700504856119e-01 -3.872723922731817203e-01
1.587464671688187945e-01 -3.927920749962335312e-01
1.674301453652287108e-01 -3.979118957935141587e-01
1.763234185701672008e-01 -4.026235398984159275e-01
1.854240479496642724e-01 -4.069192007178336068e-01
1.947297424689413692e-01 -4.107917287314779009e-01
2.042381594691679014e-01 -4.142347656242681975e-01
2.139469052572124941e-01 -4.172428587880512296e-01
2.238535357082431787e-01 -4.198115520942995449e-01
2.339555568810219865e-01 -4.219374497691223969e-01
2.442504256457417311e-01 -4.236182512651470167e-01
2.547355503242452190e-01 -4.248527561848904899e-01
2.654082913424666845e-01 -4.256408395254446253e-01
2.762659618949298013e-01 -4.259833987390950205e-01
2.873058286211370715e-01 -4.258822752908796305e-01
2.985251122936787294e-01 -4.253401544931108003e-01
3.099209885178879631e-01 -4.243604483602921862e-01
3.214905884428678196e-01 -4.229471670098374214e-01
3.332309994837083789e-01 -4.211047846929532046e-01
3.451392660547150104e-01 -4.188381068403830843e-01
3.572123903134606371e-01 -4.161521445215244919e-01
3.694473329154774888e-01 -4.130520024241683408e-01
3.818410137793947223e-01 -4.095427858580273361e-01
3.943903128623333920e-01 -4.056295313725550855e-01
4.070920709453594855e-01 -4.013171643757229012e-01
4.199430904288018462e-01 -3.966104856764914866e-01
4.329401361372292589e-01 -3.915141871949779917e-01
4.460799361338897429e-01 -3.860328952502297684e-01
4.593591825444023335e-01 -3.801712379192329072e-01
4.727745323894976259e-01 -3.739339310485491619e-01
4.863226084265935834e-01 -3.673258756896719546e-01
5.000000000000001110e-01 -3.603522581289044791e-01
5.138032638995313484e-01 -3.530186424083788244e-01
5.277289252273172915e-01 -3.453310444084599640e-01
5.417734782725895926e-01 -3.372959763077151840e-01
5.559333873942259308e-01 -3.289204506790245341e-01
5.702050879108284676e-01 -3.202119347396695237e-01
5.845849869981135649e-01 -3.111782474623909778e-01
5.990694645933862805e-01 -3.018273954753578625e-01
6.136548743068714895e-01 -2.921673480186577909e-01
6.283375443396724824e-01 -2.822057567514730247e-01
6.431137784081281117e-01 -2.719496329631677645e-01
6.579798566743311206e-01 -2.614050027527245468e-01
6.729320366825783939e-01 -2.505765699946472802e-01
6.879665543015128781e-01 -2.394674273638033868e-01
7.030796246717250231e-01 -2.280788672703200348e-01
7.182674431585703845e-01 -2.164103571458062536e-01
7.335261863099650226e-01 -2.044597569733447862e-01
7.488520128189207758e-01 -1.922238710772450621e-01
7.642410644905727191e-01 -1.796994407577962860e-01
7.796894672134594417e-01 -1.668846991075651209e-01
7.951933319348093443e-01 -1.537816239804272178e-01
8.107487556395898132e-01 -1.403990392713823920e-01
8.263518223330695855e-01 -1.267567280444194533e-01
8.419986040266501659e-01 -1.128907332330760932e-01
8.576851617267149397e-01 -9.886003223071311574e-02
8.734075464262507360e-01 -8.475478026877167337e-02
8.891618000989889303e-01 -7.070632362921008829e-02
9.049439566958173975e-01 -5.689918703103023084e-02
9.207500431432115162e-01 -4.358523955878580713e-02
9.365760803434354242e-01 -3.110023986944253013e-02
9.524180841762578398e-01 -1.988295375570045542e-02
9.682720665019324269e-01 -1.049702512703278717e-02
9.841340361651920166e-01 -3.655764806754574752e-03
9.999999999999998890e-01 -2.500000000000093836e-04
