9.999999999999998890e-01 2.500000000000897229e-04
9.841340361651920166e-01 1.238987789922221631e-02
9.682720665019324269e-01 2.350215440547188603e-02
9.524180841762578398e-01 3.398582242148291688e-02
9.365760803434354242e-01 4.411088368737722115e-02
9.207500431432115162e-01 5.404756075743154947e-02
9.049439566958173975e-01 6.389106820291831634e-02
8.891618000989889303e-01 7.368229213111882059e-02
8.734075464262507360e-01 8.342474457193573001e-02
8.576851617267149397e-01 9.309816876740194258e-02
8.419986040266501659e-01 1.026691735274795764e-01
8.263518223330695855e-01 1.120992702814425368e-01
8.107487556395898132e-01 1.213506760062188494e-01
7.951933319348093443e-01 1.303902296376730219e-01
7.796894672134594417e-01 1.391917496756540085e-01
7.642410644905727191e-01 1.477371372920732173e-01
7.488520128189207758e-01 1.560165031473123298e-01
7.335261863099650226e-01 1.640275680948534986e-01
7.182674431585703845e-01 1.717745587525851825e-01
7.030796246717250231e-01 1.792667892406911434e-01
6.879665543015128781e-01 1.865170908733735922e-01
6.729320366825783939e-01 1.935402228242907030e-01
6.579798566743311206e-01 2.003513692732104556e-01
6.431137784081281117e-01 2.069648027198090767e-01
6.283375443396724824e-01 2.133927693790109159e-01
6.136548743068714895e-01 2.196446311325917777e-01
5.990694645933862805e-01 2.257262796089463397e-01
5.845849869981135649e-01 2.316398217272286897e-01
5.702050879108284676e-01 2.373835225325823806e-01
5.559333873942259308e-01 2.429519803583290172e-01
5.417734782725895926e-01 2.483365012103343483e-01
5.277289252273172915e-01 2.535256336554937429e-01
5.138032638995313484e-01 2.585058222403736616e-01
5.000000000000001110e-01 2.632621363580547325e-01
4.863226084265935834e-01 2.677790322802059975e-01
4.727745323894976259e-01 2.720411085130752804e-01
4.593591825444023335e-01 2.760338184407973849e-01
4.460799361338897429e-01 2.797441091000894553e-01
4.329401361372292589e-01 2.831609605998949841e-01
4.199430904288018462e-01 2.862758068775898002e-01
4.070920709453594855e-01 2.890828249029101515e-01
3.943903128623333920e-01 2.915790858534961782e-01
3.818410137793947223e-01 2.937645679670164989e-01
3.694473329154774888e-01 2.956420365268014327e-01
3.572123903134606371e-01 2.972168015936231256e-01
3.451392660547150104e-01 2.984963685209446327e-01
3.332309994837083789e-01 2.994899998833708277e-01
3.214905884428678196e-01 3.002082101405926795e-01
3.099209885178879631e-01 3.006622161174162255e-01
2.985251122936787294e-01 3.008633672017584360e-01
2.873058286211370715e-01 3.008225790736656080e-01
2.762659618949298013e-01 3.005497938331767038e-01
2.654082913424666845e-01 3.000534876705734932e-01
2.547355503242452190e-01 2.993402448164836360e-01
2.442504256457417311e-01 2.984144135346603610e-01
2.339555568810219865e-01 2.972778565020213759e-01
2.238535357082431787e-01 2.959298041911824773e-01
2.139469052572124941e-01 2.943668159660395856e-01
2.042381594691679014e-01 2.925828496558299796e-01
1.947297424689413692e-01 2.905694365177953764e-01
1.854240479496642724e-01 2.883159548549805717e-01
1.763234185701672008e-01 2.858099922343487753e-01
1.674301453652287108e-01 2.830377833476103167e-01
1.587464671688187945e-01 2.799847081528775705e-01
1.502745700504856119e-01 2.766358330914039376e-01
1.420165867650229341e-01 2.729764769329482421e-01
1.339745962155614034e-01 2.689927821887791448e-01
1.261506229302150617e-01 2.646722730463205164e-01
1.185466365524179277e-01 2.600043814081702265e-01
1.111645513450765232e-01 2.549809238268454514e-01
1.040062257086641351e-01 2.495965138647509574e-01
9.707346171337882801e-02 2.438488966115780199e-01
9.036800464548166989e-02 2.377391946813355306e-01
8.389154256793041053e-02 2.312720579014816424e-01
7.764570589541863743e-02 2.244557120031327735e-01
7.163206698392743377e-02 2.173019048259208497e-01
6.585213973489323358e-02 2.098257517643829506e-01
6.030737921409157209e-02 2.020454853070838275e-01
5.499918128533154427e-02 1.939821164616998272e-01
4.992888225905456334e-02 1.856590185327391118e-01
4.509775855592612626e-02 1.771014460464749307e-01
4.050702638550263135e-02 1.683360035343990369e-01
3.615784144005795842e-02 1.593900803395081056e-01
3.205129860364375194e-02 1.502912685606968557e-01
2.818843167645834757e-02 1.410667816763947480e-01
2.457021311459295365e-02 1.317428912818185693e-01
2.119755378522125699e-02 1.223443987429677221e-01
1.807130273729329328e-02 1.128941574380258744e-01
1.519224698779197968e-02 1.034126596607830573e-01
1.256111132360571148e-02 9.391770025175563696e-02
1.017855811906731578e-02 8.442412666309107028e-02
8.045187169204659483e-03 7.494368252497375649e-02
6.161535538745877005e-03 6.548494894350433138e-02
4.528077426915411152e-03 5.605338480749577634e-02
3.145224048057615462e-03 4.665146440176389658e-02
2.013323528115562588e-03 3.727890770489827171e-02
1.132660816992037134e-03 2.793299597576874571e-02
5.034576168149174080e-04 1.860896268601574741e-02
1.258723261249317105e-04 9.300447609568602073e-03
0.000000000000000000e+00 0.000000000000000000e+00
1.258723261249317105e-04 -7.835243041917671139e-03
5.034576168149174080e-04 -1.563717830465776587e-02
1.132660816992037134e-03 -2.337321143121850672e-02
2.013323528115562588e-03 -3.101227824694568341e-02
3.145224048057615462e-03 -3.852555414286198271e-02
4.528077426915411152e-03 -4.588709842848998771e-02
6.161535538745877005e-03 -5.307441496850939799e-02
8.045187169204659483e-03 -6.006891287084740322e-02
1.017855811906731578e-02 -6.685625392565749947e-02
1.256111132360571148e-02 -7.342657682079468950e-02
1.519224698779197968e-02 -7.977459178397107442e-02
1.807130273729329328e-02 -8.589954311994600633e-02
2.119755378522125699e-02 -9.180504101214111146e-02
2.457021311459295365e-02 -9.749876782823069243e-02
2.818843167645834757e-02 -1.029920678951960072e-01
3.205129860364375194e-02 -1.082994331811446692e-01
3.615784144005795842e-02 -1.134379004356609877e-01
4.050702638550263135e-02 -1.184263780039519626e-01
4.509775855592612626e-02 -1.232849226613487864e-01
4.992888225905456334e-02 -1.280339883473541052e-01
5.499918128533154427e-02 -1.326936695627836671e-01
6.030737921409157209e-02 -1.372829623984440639e-01
6.585213973489323358e-02 -1.418190656775871472e-01
7.163206698392743377e-02 -1.463167435255440518e-01
7.764570589541863743e-02 -1.507877688571121200e-01
8.389154256793041053e-02 -1.552404648436514212e-01
9.036800464548166989e-02 -1.596793584542055833e-01
9.707346171337882801e-02 -1.641049567419200772e-01
1.040062257086641351e-01 -1.685136527669744144e-01
1.111645513450765232e-01 -1.728977640207364497e-01
1.185466365524179277e-01 -1.772457020626313773e-01
1.261506229302150617e-01 -1.815422679269396988e-01
1.339745962155614034e-01 -1.857690638293849339e-01
1.420165867650229341e-01 -1.899050079296079885e-01
1.502745700504856119e-01 -1.939269355070176448e-01
1.587464671688187945e-01 -1.978102669968847260e-01
1.674301453652287108e-01 -2.015297210113996818e-01
1.763234185701672008e-01 -2.050600488216419437e-01
1.854240479496642724e-01 -2.083767658673552903e-01
1.947297424689413692e-01 -2.114568557373807112e-01
2.042381594691679014e-01 -2.142794227467794965e-01
2.139469052572124941e-01 -2.168262707248782284e-01
2.238535357082431787e-01 -2.190823878942361191e-01
2.339555568810219865e-01 -2.210363207111747108e-01
2.442504256457417311e-01 -2.226804231766981446e-01
2.547355503242452190e-01 -2.240109723118206553e-01
2.654082913424666845e-01 -2.250281451018160683e-01
2.762659618949298013e-01 -2.257358571097300703e-01
2.873058286211370715e-01 -2.261414679857286503e-01
2.985251122936787294e-01 -2.262553640897840557e-01
3.099209885178879631e-01 -2.260904332287327900e-01
3.214905884428678196e-01 -2.256614509114466816e-01
3.332309994837083789e-01 -2.249844013781313323e-01
3.451392660547150104e-01 -2.240757598012692031e-01
3.572123903134606371e-01 -2.229517643408218674e-01
3.694473329154774888e-01 -2.216277080393963261e-01
3.818410137793947223e-01 -2.201172807637442053e-01
3.943903128623333920e-01 -2.184319904666017220e-01
4.070920709453594855e-01 -2.165806909210113984e-01
4.199430904288018462e-01 -2.145692397689069331e-01
4.329401361372292589e-01 -2.124003062683176568e-01
4.460799361338897429e-01 -2.100733426025259698e-01
4.593591825444023335e-01 -2.075847261564136848e-01
4.727745323894976259e-01 -2.049280729392715938e-01
4.863226084265935834e-01 -2.020947145500848474e-01
5.000000000000001110e-01 -1.990743229901048295e-01
5.138032638995313484e-01 -1.958556595128012057e-01
5.277289252273172915e-01 -1.924274158776322907e-01
5.417734782725895926e-01 -1.887791091802494547e-01
5.559333873942259308e-01 -1.849019852236068184e-01
5.702050879108284676e-01 -1.807898805369968498e-01
5.845849869981135649e-01 -1.764399900085670270e-01
5.990694645933862805e-01 -1.718534860275748033e-01
6.136548743068714895e-01 -1.670359363725554824e-01
6.283375443396724824e-01 -1.619974721384224436e-01
6.431137784081281117e-01 -1.567526640372974012e-01
6.579798566743311206e-01 -1.513200756527104396e-01
6.729320366825783939e-01 -1.457214758331314697e-01
6.879665543015128781e-01 -1.399807094681048414e-01
7.030796246717250231e-01 -1.341222464107839352e-01
7.182674431585703845e-01 -1.281694522221061838e-01
7.335261863099650226e-01 -1.221426515513737571e-01
7.488520128189207758e-01 -1.160570850778383373e-01
7.642410644905727191e-01 -1.099208936625492433e-01
7.796894672134594417e-01 -1.037332982451197733e-01
7.951933319348093443e-01 -9.748318051469279100e-02
8.107487556395898132e-01 -9.114830684246531811e-02
8.263518223330695855e-01 -8.469547565010501766e-02
8.419986040266501659e-01 -7.808190548844977374e-02
8.576851617267149397e-01 -7.125821672680883456e-02
8.734075464262507360e-01 -6.417339295821955503e-02
8.891618000989889303e-01 -5.678213801782853315e-02
9.049439566958173975e-01 -4.905506986802172370e-02
9.207500431432115162e-01 -4.099221249061639483e-02
9.365760803434354242e-01 -3.264026031556736124e-02
9.524180841762578398e-01 -2.411409560623951551e-02
9.682720665019324269e-01 -1.562303666010770795e-02
9.841340361651920166e-01 -7.502282786825742456e-03
9.999999999999998890e-01 -2.500000000000461922e-04
