9.999999999999998890e-01 2.500000000000758994e-04
9.841340361651920166e-01 1.025553067100489629e-02
9.682720665019324269e-01 1.901896987977883674e-02
9.524180841762578398e-01 2.706548950499046424e-02
9.365760803434354242e-01 3.474996769468201296e-02
9.207500431432115162e-01 4.229560225225478115e-02
9.049439566958173975e-01 4.982665326022706065e-02
8.891618000989889303e-01 5.739577658178918879e-02
8.734075464262507360e-01 6.500643292326023504e-02
8.576851617267149397e-01 7.263086963848543187e-02
8.419986040266501659e-01 8.022417523175641441e-02
8.263518223330695855e-01 8.773490048668752816e-02
8.107487556395898132e-01 9.511272630472196454e-02
7.951933319348093443e-01 1.023136377186940060e-01
7.796894672134594417e-01 1.093030372224429309e-01
7.642410644905727191e-01 1.160571996024595959e-01
7.488520128189207758e-01 1.225634359350890878e-01
7.335261863099650226e-01 1.288192973554441179e-01
7.182674431585703845e-01 1.348311105973308555e-01
7.030796246717250231e-01 1.406120980709847368e-01
6.879665543015128781e-01 1.461802962370673253e-01
6.729320366825783939e-01 1.515564480167742034e-01
6.579798566743311206e-01 1.567620086224586484e-01
6.431137784081281117e-01 1.618173700764679868e-01
6.283375443396724824e-01 1.667403782822641234e-01
6.136548743068714895e-01 1.715451881932429645e-01
5.990694645933862805e-01 1.762414776612966361e-01
5.845849869981135649e-01 1.808340191106034833e-01
5.702050879108284676e-01 1.853225903497390248e-01
5.559333873942259308e-01 1.897021915962907035e-01
5.417734782725895926e-01 1.939635250515671927e-01
5.277289252273172915e-01 1.980936859656816373e-01
5.138032638995313484e-01 2.020770098499556633e-01
5.000000000000001110e-01 2.058960190467902240e-01
4.863226084265935834e-01 2.095324129379210476e-01
4.727745323894976259e-01 2.129680493105543526e-01
4.593591825444023335e-01 2.161858694373362533e-01
4.460799361338897429e-01 2.191707258807306935e-01
4.329401361372292589e-01 2.219100795254959346e-01
4.199430904288018462e-01 2.243945405040780605e-01
4.070920709453594855e-01 2.266182361559606895e-01
3.943903128623333920e-01 2.285789976252467492e-01
3.818410137793947223e-01 2.302783648540905892e-01
3.694473329154774888e-01 2.317214173123868792e-01
3.572123903134606371e-01 2.329164445958537000e-01
3.451392660547150104e-01 2.338744768476949121e-01
3.332309994837083789e-01 2.346086996800662849e-01
3.214905884428678196e-01 2.351337818019224035e-01
3.099209885178879631e-01 2.354651458545875264e-01
2.985251122936787294e-01 2.356182140126122093e-01
2.873058286211370715e-01 2.356076597613001589e-01
2.762659618949298013e-01 2.354466959853838692e-01
2.654082913424666845e-01 2.351464271985093391e-01
2.547355503242452190e-01 2.347152905395972211e-01
2.442504256457417311e-01 2.341586062099495769e-01
2.339555568810219865e-01 2.334782534897969497e-01
2.238535357082431787e-01 2.326724835303511096e-01
2.139469052572124941e-01 2.317358749470759260e-01
2.042381594691679014e-01 2.306594330203647625e-01
1.947297424689413692e-01 2.294308282133646903e-01
1.854240479496642724e-01 2.280347649045140479e-01
1.763234185701672008e-01 2.264534668504508130e-01
1.674301453652287108e-01 2.246672620704698309e-01
1.587464671688187945e-01 2.226552466820917453e-01
1.502745700504856119e-01 2.203960048000357663e-01
1.420165867650229341e-01 2.178683599940431370e-01
1.339745962155614034e-01 2.150521330145371557e-01
1.261506229302150617e-01 2.119288805429075107e-01
1.185466365524179277e-01 2.084825905838281201e-01
1.111645513450765232e-01 2.047003117450960363e-01
1.040062257086641351e-01 2.005726959788053099e-01
9.707346171337882801e-02 1.960944372997198426e-01
9.036800464548166989e-02 1.912645924497057837e-01
8.389154256793041053e-02 1.860867733253794565e-01
7.764570589541863743e-02 1.805692051048398972e-01
7.163206698392743377e-02 1.747246482681973356e-01
6.585213973489323358e-02 1.685701869737438185e-01
6.030737921409157209e-02 1.621268903974533437e-01
5.499918128533154427e-02 1.554193575443680309e-01
4.992888225905456334e-02 1.484751595820197889e-01
4.509775855592612626e-02 1.413241968264030146e-01
4.050702638550263135e-02 1.339979900433524440e-01
3.615784144005795842e-02 1.265289276429991394e-01
3.205129860364375194e-02 1.189494915917436307e-01
2.818843167645834757e-02 1.112914854145957561e-01
2.457021311459295365e-02 1.035852875011225166e-01
2.119755378522125699e-02 9.585915207173141550e-02
1.807130273729329328e-02 8.813857863878930832e-02
1.519224698779197968e-02 8.044576865936692300e-02
1.256111132360571148e-02 7.279918539078127082e-02
1.017855811906731578e-02 6.521322980943936032e-02
8.045187169204659483e-03 5.769804193340203474e-02
6.161535538745877005e-03 5.025943310519612184e-02
4.528077426915411152e-03 4.289895085618358750e-02
3.145224048057615462e-03 3.561407400346375957e-02
2.013323528115562588e-03 2.839853174131532279e-02
1.132660816992037134e-03 2.124273679526357886e-02
5.034576168149174080e-04 1.413431931544931533e-02
1.258723261249317105e-04 7.058745195488429214e-03
0.000000000000000000e+00 0.000000000000000000e+00
1.258723261249317105e-04 -5.227239382135864462e-03
5.034576168149174080e-04 -1.041958863596158767e-02
1.132660816992037134e-03 -1.554300582219507801e-02
2.013323528115562588e-03 -2.056524455061517487e-02
3.145224048057615462e-03 -2.545668575324169791e-02
4.528077426915411152e-03 -3.019109241827278717e-02
6.161535538745877005e-03 -3.474626515804248028e-02
8.045187169204659483e-03 -3.910457939811709527e-02
1.017855811906731578e-02 -4.325338845673660365e-02
1.256111132360571148e-02 -4.718528073384636867e-02
1.519224698779197968e-02 -5.089818353292596687e-02
1.807130273729329328e-02 -5.439531057205353876e-02
2.119755378522125699e-02 -5.768495487143700945e-02
2.457021311459295365e-02 -6.078013329778658713e-02
2.818843167645834757e-02 -6.369809346661055305e-02
3.205129860364375194e-02 -6.645969782116263602e-02
3.615784144005795842e-02 -6.908870339866728105e-02
4.050702638550263135e-02 -7.161095894937552497e-02
4.509775855592612626e-02 -7.405354359547484944e-02
4.992888225905456334e-02 -7.644387302601488021e-02
5.499918128533154427e-02 -7.880880026200300092e-02
6.030737921409157209e-02 -8.117373825578827473e-02
6.585213973489323358e-02 -8.356183099718048068e-02
7.163206698392743377e-02 -8.599319839577268532e-02
7.764570589541863743e-02 -8.848427802896001448e-02
8.389154256793041053e-02 -9.104728394580022255e-02
9.036800464548166989e-02 -9.368979917780814737e-02
9.707346171337882801e-02 -9.641451452874794104e-02
1.040062257086641351e-01 -9.921912171376207068e-02
1.111645513450765232e-01 -1.020963641254824528e-01
1.185466365524179277e-01 -1.050342435637459937e-01
1.261506229302150617e-01 -1.080163763257882548e-01
1.339745962155614034e-01 -1.110224872676787433e-01
1.420165867650229341e-01 -1.140290259660156347e-01
1.502745700504856119e-01 -1.170098850761441961e-01
1.587464671688187945e-01 -1.199371975335508655e-01
1.674301453652287108e-01 -1.227821864980413041e-01
1.763234185701672008e-01 -1.255160399966530616e-01
1.854240479496642724e-01 -1.281107811596432222e-01
1.947297424689413692e-01 -1.305401048178999879e-01
2.042381594691679014e-01 -1.327801520658092871e-01
2.139469052572124941e-01 -1.348101961878947208e-01
2.238535357082431787e-01 -1.366132160673170504e-01
2.339555568810219865e-01 -1.381763367763466643e-01
2.442504256457417311e-01 -1.394911214006652189e-01
2.547355503242452190e-01 -1.405537031506124135e-01
2.654082913424666845e-01 -1.413647523179294152e-01
2.762659618949298013e-01 -1.419292784790182615e-01
2.873058286211370715e-01 -1.422562743404016949e-01
2.985251122936787294e-01 -1.423582135712329055e-01
3.099209885178879631e-01 -1.422504206661657500e-01
3.214905884428678196e-01 -1.419503361229121075e-01
3.332309994837083789e-01 -1.414767048002548155e-01
3.451392660547150104e-01 -1.408487190531672317e-01
3.572123903134606371e-01 -1.400851509485973589e-01
3.694473329154774888e-01 -1.392035093989668348e-01
3.818410137793947223e-01 -1.382192582911312417e-01
3.943903128623333920e-01 -1.371451305527004172e-01
4.070920709453594855e-01 -1.359905705421770306e-01
4.199430904288018462e-01 -1.347613331760817434e-01
4.329401361372292589e-01 -1.334592628649821089e-01
4.460799361338897429e-01 -1.320822687212577229e-01
4.593591825444023335e-01 -1.306245047759128919e-01
4.727745323894976259e-01 -1.290767553021332781e-01
4.863226084265935834e-01 -1.274270160412105390e-01
5.000000000000001110e-01 -1.256612524597874592e-01
5.138032638995313484e-01 -1.237643064757605327e-01
5.277289252273172915e-01 -1.217209137491813420e-01
5.417734782725895926e-01 -1.195167850484685074e-01
5.559333873942259308e-01 -1.171396977958484992e-01
5.702050879108284676e-01 -1.145805381046932220e-01
5.845849869981135649e-01 -1.118342298810942742e-01
5.990694645933862805e-01 -1.089004862974310150e-01
6.136548743068714895e-01 -1.057843205587693652e-01
6.283375443396724824e-01 -1.024962577405213182e-01
6.431137784081281117e-01 -9.905219789729871605e-02
6.579798566743311206e-01 -9.547289288815298536e-02
6.729320366825783939e-01 -9.178301562092895660e-02
6.879665543015128781e-01 -8.800982079456040608e-02
7.030796246717250231e-01 -8.418142072682513466e-02
7.182674431585703845e-01 -8.032472840952067927e-02
7.335261863099650226e-01 -7.646315233834358183e-02
7.488520128189207758e-01 -7.261416361281089471e-02
7.642410644905727191e-01 -6.878689486762755434e-02
7.796894672134594417e-01 -6.497997223864962479e-02
7.951933319348093443e-01 -6.117982512546557561e-02
8.107487556395898132e-01 -5.735976321766578234e-02
8.263518223330695855e-01 -5.348015522624398332e-02
8.419986040266501659e-01 -4.949008803157071978e-02
8.576851617267149397e-01 -4.533092746616036034e-02
8.734075464262507360e-01 -4.094224156422889699e-02
8.891618000989889303e-01 -3.627058264673348881e-02
9.049439566958173975e-01 -3.128165485065662749e-02
9.207500431432115162e-01 -2.597641742065312856e-02
9.365760803434354242e-01 -2.041169003373941027e-02
9.524180841762578398e-01 -1.472583342943874045e-02
9.682720665019324269e-01 -9.170075531742091085e-03
9.841340361651920166e-01 -4.146039021212567094e-03
9.999999999999998890e-01 -2.500000000000214724e-04
