9.999999999999998890e-01 2.500000000001387289e-04
9.841340361651920166e-01 1.988788313830797475e-02
9.682720665019324269e-01 3.914510990291325543e-02
9.524180841762578398e-01 5.801834136613874537e-02
9.365760803434354242e-01 7.650702668649818350e-02
9.207500431432115162e-01 9.461251758017037716e-02
9.049439566958173975e-01 1.123373509190813135e-01
8.891618000989889303e-01 1.296846808957794750e-01
8.734075464262507360e-01 1.466578422484735023e-01
8.576851617267149397e-01 1.632600264313463778e-01
8.419986040266501659e-01 1.794940533047013620e-01
8.263518223330695855e-01 1.953622218636616725e-01
8.107487556395898132e-01 2.108662246788167993e-01
7.951933319348093443e-01 2.260071120428945590e-01
7.796894672134594417e-01 2.407852932602872198e-01
7.642410644905727191e-01 2.552005640384771845e-01
7.488520128189207758e-01 2.692521505015423866e-01
7.335261863099650226e-01 2.829387619081575878e-01
7.182674431585703845e-01 2.962586456852518979e-01
7.030796246717250231e-01 3.092096398528926260e-01
6.879665543015128781e-01 3.217892192892096159e-01
6.729320366825783939e-01 3.339945335438008756e-01
6.579798566743311206e-01 3.458224350360275534e-01
6.431137784081281117e-01 3.572694974574547877e-01
6.283375443396724824e-01 3.683320250264169871e-01
6.136548743068714895e-01 3.790060539126280936e-01
5.990694645933862805e-01 3.892873476604556959e-01
5.845849869981135649e-01 3.991713887942750505e-01
5.702050879108284676e-01 4.086533689951127868e-01
5.559333873942259308e-01 4.177281803045677089e-01
5.417734782725895926e-01 4.263904097524398029e-01
5.277289252273172915e-01 4.346343396334352294e-01
5.138032638995313484e-01 4.424539553923180768e-01
5.000000000000001110e-01 4.498429627336771874e-01
4.863226084265935834e-01 4.567948151704998017e-01
4.727745323894976259e-01 4.633027527836076631e-01
4.593591825444023335e-01 4.693598525000936550e-01
4.460799361338897429e-01 4.749590897308232362e-01
4.329401361372292589e-01 4.800934107514104321e-01
4.199430904288018462e-01 4.847558147829480468e-01
4.070920709453594855e-01 4.889394443415128744e-01
3.943903128623333920e-01 4.926376820904948550e-01
3.818410137793947223e-01 4.958442521562914651e-01
3.694473329154774888e-01 4.985533236628259535e-01
3.572123903134606371e-01 5.007596141082741870e-01
3.451392660547150104e-01 5.024584901505262380e-01
3.332309994837083789e-01 5.036460633862701597e-01
3.214905884428678196e-01 5.043192787998724835e-01
3.099209885178879631e-01 5.044759937182325960e-01
2.985251122936787294e-01 5.041150453303854251e-01
2.873058286211370715e-01 5.032363051081828464e-01
2.762659618949298013e-01 5.018407187878664022e-01
2.654082913424666845e-01 4.999303309317728039e-01
2.547355503242452190e-01 4.975082934739921692e-01
2.442504256457417311e-01 4.945788580523831635e-01
2.339555568810219865e-01 4.911473523306544853e-01
2.238535357082431787e-01 4.872201409071396094e-01
2.139469052572124941e-01 4.828045717808475690e-01
2.042381594691679014e-01 4.779089096904759471e-01
1.947297424689413692e-01 4.725422579494632513e-01
1.854240479496642724e-01 4.667144706621512706e-01
1.763234185701672008e-01 4.604360574163997022e-01
1.674301453652287108e-01 4.537180827017245344e-01
1.587464671688187945e-01 4.465720623959849034e-01
1.502745700504856119e-01 4.390098596962100364e-01
1.420165867650229341e-01 4.310435828403887393e-01
1.339745962155614034e-01 4.226854868785851482e-01
1.261506229302150617e-01 4.139478816067748701e-01
1.185466365524179277e-01 4.048430475799209005e-01
1.111645513450765232e-01 3.953831618779055646e-01
1.040062257086641351e-01 3.855802350159943104e-01
9.707346171337882801e-02 3.754460600784037538e-01
9.036800464548166989e-02 3.649921748178669989e-01
8.389154256793041053e-02 3.542298371148615010e-01
7.764570589541863743e-02 3.431700138366393649e-01
7.163206698392743377e-02 3.318233827876089781e-01
6.585213973489323358e-02 3.202003471079459818e-01
6.030737921409157209e-02 3.083110611650413668e-01
5.499918128533154427e-02 2.961654667003415509e-01
4.992888225905456334e-02 2.837733377492352993e-01
4.509775855592612626e-02 2.711443326497570694e-01
4.050702638550263135e-02 2.582880513017181134e-01
3.615784144005795842e-02 2.452140957348774297e-01
3.205129860364375194e-02 2.319321319949332327e-01
2.818843167645834757e-02 2.184519513601673180e-01
2.457021311459295365e-02 2.047835289587203733e-01
2.119755378522125699e-02 1.909370779646374083e-01
1.807130273729329328e-02 1.769230977065791022e-01
1.519224698779197968e-02 1.627524142218419456e-01
1.256111132360571148e-02 1.484362120243845617e-01
1.017855811906731578e-02 1.339860561223095992e-01
8.045187169204659483e-03 1.194139036103543938e-01
6.161535538745877005e-03 1.047321044684985797e-01
4.528077426915411152e-03 8.995339151052138271e-02
3.145224048057615462e-03 7.509085973791466972e-02
2.013323528115562588e-03 6.015793565655448011e-02
1.132660816992037134e-03 4.516833739805258680e-02
5.034576168149174080e-04 3.013602674714539048e-02
1.258723261249317105e-04 1.507515440400289917e-02
0.000000000000000000e+00 0.000000000000000000e+00
1.258723261249317105e-04 -1.466977146651801851e-02
5.034576168149174080e-04 -2.930991901894506799e-02
1.132660816992037134e-03 -4.389107681931170291e-02
2.013323528115562588e-03 -5.838451330793875682e-02
3.145224048057615462e-03 -7.276242916133941752e-02
4.528077426915411152e-03 -8.699823282261831547e-02
6.161535538745877005e-03 -1.010667871094283882e-01
8.045187169204659483e-03 -1.149446212095667913e-01
1.017855811906731578e-02 -1.286101033369509983e-01
1.256111132360571148e-02 -1.420435704137587574e-01
1.519224698779197968e-02 -1.552274123369339343e-01
1.807130273729329328e-02 -1.681461096450578840e-01
2.119755378522125699e-02 -1.807862246890207525e-01
2.457021311459295365e-02 -1.931363476900757881e-01
2.818843167645834757e-02 -2.051870003050652314e-01
3.205129860364375194e-02 -2.169305004752380972e-01
3.615784144005795842e-02 -2.283607933786670208e-01
4.050702638550263135e-02 -2.394732542064446634e-01
4.509775855592612626e-02 -2.502644692131885118e-01
4.992888225905456334e-02 -2.607320020312640096e-01
5.499918128533154427e-02 -2.708741525693361685e-01
6.030737921409157209e-02 -2.806897159290484001e-01
6.585213973489323358e-02 -2.901777486648461357e-01
7.163206698392743377e-02 -2.993373493835880250e-01
7.764570589541863743e-02 -3.081674601416292125e-01
8.389154256793041053e-02 -3.166666943626724740e-01
9.036800464548166989e-02 -3.248331960910648131e-01
9.707346171337882801e-02 -3.326645343389475484e-01
1.040062257086641351e-01 -3.401576351130278231e-01
1.111645513450765232e-01 -3.473087524529390735e-01
1.185466365524179277e-01 -3.541134785163094767e-01
1.261506229302150617e-01 -3.605667914457389989e-01
1.339745962155614034e-01 -3.666631384906093860e-01
1.420165867650229341e-01 -3.723965506722556884e-01
1.502745700504856119e-01 -3.777607842130916715e-01
1.587464671688187945e-01 -3.827494830345480881e-01
1.674301453652287108e-01 -3.873563558968841636e-01
1.763234185701672008e-01 -3.915753612328033983e-01
1.854240479496642724e-01 -3.954008924370795985e-01
1.947297424689413692e-01 -3.988279563300589636e-01
2.042381594691679014e-01 -4.018523377205412417e-01
2.139469052572124941e-01 -4.044707434519022038e-01
2.238535357082431787e-01 -4.066809200151163539e-01
2.339555568810219865e-01 -4.084817397362311420e-01
2.442504256457417311e-01 -4.098732516686381944e-01
2.547355503242452190e-01 -4.108566946097124140e-01
2.654082913424666845e-01 -4.114344710778055636e-01
2.762659618949298013e-01 -4.116100825843499456e-01
2.873058286211370715e-01 -4.113880280673880008e-01
2.985251122936787294e-01 -4.107736688644268441e-01
3.099209885178879631e-01 -4.097730650395070562e-01
3.214905884428678196e-01 -4.083927891869562621e-01
3.332309994837083789e-01 -4.066397249591441887e-01
3.451392660547150104e-01 -4.045208584575628041e-01
3.572123903134606371e-01 -4.020430712406238838e-01
3.694473329154774888e-01 -3.992129439992708750e-01
3.818410137793947223e-01 -3.960365799027899536e-01
3.943903128623333920e-01 -3.925194562018243793e-01
4.070920709453594855e-01 -3.886663118844773113e-01
4.199430904288018462e-01 -3.844810780177196907e-01
4.329401361372292589e-01 -3.799668558864145451e-01
4.460799361338897429e-01 -3.751259461960525510e-01
4.593591825444023335e-01 -3.699599304766414409e-01
4.727745323894976259e-01 -3.644698034716243318e-01
4.863226084265935834e-01 -3.586561527880655631e-01
5.000000000000001110e-01 -3.525193795057529056e-01
5.138032638995313484e-01 -3.460599508875645269e-01
5.277289252273172915e-01 -3.392786739050752676e-01
5.417734782725895926e-01 -3.321769761030189394e-01
5.559333873942259308e-01 -3.247571784900051273e-01
5.702050879108284676e-01 -3.170227437794242986e-01
5.845849869981135649e-01 -3.089784825318417916e-01
5.990694645933862805e-01 -3.006306996829326561e-01
6.136548743068714895e-01 -2.919872646867984201e-01
6.283375443396724824e-01 -2.830575901608085587e-01
6.431137784081281117e-01 -2.738525065688163784e-01
6.579798566743311206e-01 -2.643840241917136402e-01
6.729320366825783939e-01 -2.546649784547294071e-01
6.879665543015128781e-01 -2.447085606335363539e-01
7.030796246717250231e-01 -2.345277430442410382e-01
7.182674431585703845e-01 -2.241346160058229897e-01
7.335261863099650226e-01 -2.135396630876892354e-01
7.488520128189207758e-01 -2.027510113286085380e-01
7.642410644905727191e-01 -1.917737041131141462e-01
7.796894672134594417e-01 -1.806090560619187935e-01
7.951933319348093443e-01 -1.692541614465687405e-01
8.107487556395898132e-01 -1.577016400573429955e-01
8.263518223330695855e-01 -1.459397168903813768e-01
8.419986040266501659e-01 -1.339527442020586601e-01
8.576851617267149397e-01 -1.217222861097114889e-01
8.734075464262507360e-01 -1.092288966830548824e-01
8.891618000989889303e-01 -9.645473204089249908e-02
9.049439566958173975e-01 -8.338714500496202664e-02
9.207500431432115162e-01 -7.002341702580136551e-02
9.365760803434354242e-01 -5.637678604636947588e-02
9.524180841762578398e-01 -4.248393037966544800e-02
9.682720665019324269e-01 -2.841406723537056797e-02
9.841340361651920166e-01 -1.427981995012569082e-02
9.999999999999998890e-01 -2.500000000000972581e-04
