9.999999999999998890e-01 2.500000000001028418e-04
9.841340361651920166e-01 1.492254480552394555e-02
9.682720665019324269e-01 2.947739093549257491e-02
9.524180841762578398e-01 4.383961295062578645e-02
9.365760803434354242e-01 5.795892216983118683e-02
9.207500431432115162e-01 7.180421810381511227e-02
9.049439566958173975e-01 8.535891920565466529e-02
8.891618000989889303e-01 9.861701900644016805e-02
8.734075464262507360e-01 1.115798097643109776e-01
8.576851617267149397e-01 1.242532131592462008e-01
8.419986040266501659e-01 1.366456562266155639e-01
8.263518223330695855e-01 1.487664305393151531e-01
8.107487556395898132e-01 1.606244735102369536e-01
7.951933319348093443e-01 1.722275124748402220e-01
7.796894672134594417e-01 1.835815148033016209e-01
7.642410644905727191e-01 1.946903905558809988e-01
7.488520128189207758e-01 2.055558980060450125e-01
7.335261863099650226e-01 2.161777065876775705e-01
7.182674431585703845e-01 2.265535763533656211e-01
7.030796246717250231e-01 2.366796177440600446e-01
6.879665543015128781e-01 2.465506002575085787e-01
6.729320366825783939e-01 2.561602833637007803e-01
6.579798566743311206e-01 2.655017476599953463e-01
6.431137784081281117e-01 2.745677087073020717e-01
6.283375443396724824e-01 2.833508001737385928e-01
6.136548743068714895e-01 2.918438167774246583e-01
5.990694645933862805e-01 3.000399110212924603e-01
5.845849869981135649e-01 3.079327408174685199e-01
5.702050879108284676e-01 3.155165677858808304e-01
5.559333873942259308e-01 3.227863082710910603e-01
5.417734782725895926e-01 3.297375409529496038e-01
5.277289252273172915e-01 3.363664763398382385e-01
5.138032638995313484e-01 3.426698944456326723e-01
5.000000000000001110e-01 3.486450575879551650e-01
4.863226084265935834e-01 3.542896055367596997e-01
4.727745323894976259e-01 3.596014402246139330e-01
4.593591825444023335e-01 3.645786069427554565e-01
4.460799361338897429e-01 3.692191784320675296e-01
4.329401361372292589e-01 3.735211475788655644e-01
4.199430904288018462e-01 3.774823335853083051e-01
4.070920709453594855e-01 3.811003055460355782e-01
3.943903128623333920e-01 3.843723263672230162e-01
3.818410137793947223e-01 3.872953189499613313e-01
3.694473329154774888e-01 3.898658555617842136e-01
3.572123903134606371e-01 3.920801703694387630e-01
3.451392660547150104e-01 3.939341942294740662e-01
3.332309994837083789e-01 3.954236100531384746e-01
3.214905884428678196e-01 3.965439263957862281e-01
3.099209885178879631e-01 3.972905663810374910e-01
2.985251122936787294e-01 3.976589686639920851e-01
2.873058286211370715e-01 3.976446968689334449e-01
2.762659618949298013e-01 3.972435538039070790e-01
2.654082913424666845e-01 3.964516967520198554e-01
2.547355503242452190e-01 3.952657502585122384e-01
2.442504256457417311e-01 3.936829130617330863e-01
2.339555568810219865e-01 3.917010561407993641e-01
2.238535357082431787e-01 3.893188092567009817e-01
2.139469052572124941e-01 3.865356338293665095e-01
2.042381594691679014e-01 3.833518805024536680e-01
1.947297424689413692e-01 3.797688302819172135e-01
1.854240479496642724e-01 3.757887186756574960e-01
1.763234185701672008e-01 3.714147427925618694e-01
1.674301453652287108e-01 3.666510518641339922e-01
1.587464671688187945e-01 3.615027221164608395e-01
1.502745700504856119e-01 3.559757173323245261e-01
1.420165867650229341e-01 3.500768367929042446e-01
1.339745962155614034e-01 3.438136525682249922e-01
1.261506229302150617e-01 3.371944383303294157e-01
1.185466365524179277e-01 3.302280919906038226e-01
1.111645513450765232e-01 3.229240545128190254e-01
1.040062257086641351e-01 3.152922272286277638e-01
9.707346171337882801e-02 3.073428898870387282e-01
9.036800464548166989e-02 2.990866215102518377e-01
8.389154256793041053e-02 2.905342259133314453e-01
7.764570589541863743e-02 2.816966634839915273e-01
7.163206698392743377e-02 2.725849905217437308e-01
6.585213973489323358e-02 2.632103071139398898e-01
6.030737921409157209e-02 2.535837141912145598e-01
5.499918128533154427e-02 2.437162800678288888e-01
4.992888225905456334e-02 2.336190164443511796e-01
4.509775855592612626e-02 2.233028635411528628e-01
4.050702638550263135e-02 2.127786837505128426e-01
3.615784144005795842e-02 2.020572629506515727e-01
3.205129860364375194e-02 1.911493184231548570e-01
2.818843167645834757e-02 1.800655121609024412e-01
2.457021311459295365e-02 1.688164682498722036e-01
2.119755378522125699e-02 1.574127929564765049e-01
1.807130273729329328e-02 1.458650961520090439e-01
1.519224698779197968e-02 1.341840127553318163e-01
1.256111132360571148e-02 1.223802229704684524e-01
1.017855811906731578e-02 1.104644702322792604e-01
8.045187169204659483e-03 9.844757594459432881e-02
6.161535538745877005e-03 8.634045029383327630e-02
4.528077426915411152e-03 7.415409863919157629e-02
3.145224048057615462e-03 6.189962320950952862e-02
2.013323528115562588e-03 4.958822006816715477e-02
1.132660816992037134e-03 3.723117153227881865e-02
5.034576168149174080e-04 2.483983444279033725e-02
1.258723261249317105e-04 1.242562487021871970e-02
0.000000000000000000e+00 0.000000000000000000e+00
1.258723261249317105e-04 -1.214628139310010985e-02
5.034576168149174080e-04 -2.426772981758061956e-02
1.132660816992037134e-03 -3.633974749658341885e-02
2.013323528115562588e-03 -4.833832601030718656e-02
3.145224048057615462e-03 -6.024032387271853473e-02
4.528077426915411152e-03 -7.202372406748837330e-02
6.161535538745877005e-03 -8.366786566728660890e-02
8.045187169204659483e-03 -9.515364432303261011e-02
1.017855811906731578e-02 -1.064636772047607427e-01
1.256111132360571148e-02 -1.175824288826949338e-01
1.519224698779197968e-02 -1.284962956322744099e-01
1.807130273729329328e-02 -1.391936467041716696e-01
2.119755378522125699e-02 -1.496648221922288191e-01
2.457021311459295365e-02 -1.599020882300357660e-01
2.818843167645834757e-02 -1.698995513218549969e-01
3.205129860364375194e-02 -1.796530346375193876e-01
3.615784144005795842e-02 -1.891599200468833675e-01
4.050702638550263135e-02 -1.984189605124834777e-01
4.509775855592612626e-02 -2.074300681770395172e-01
4.992888225905456334e-02 -2.161940840563224553e-01
5.499918128533154427e-02 -2.247125356625927217e-01
6.030737921409157209e-02 -2.329873891282626952e-01
6.585213973489323358e-02 -2.410208024672635951e-01
7.163206698392743377e-02 -2.488148865010315069e-01
7.764570589541863743e-02 -2.563714796901849780e-01
8.389154256793041053e-02 -2.636919426596325833e-01
9.036800464548166989e-02 -2.707769775964375403e-01
9.707346171337882801e-02 -2.776264769529468990e-01
1.040062257086641351e-01 -2.842394050230000468e-01
1.111645513450765232e-01 -2.906137150003422209e-01
1.185466365524179277e-01 -2.967463031023127029e-01
1.261506229302150617e-01 -3.026330002770882266e-01
1.339745962155614034e-01 -3.082686009391690796e-01
1.420165867650229341e-01 -3.136469271258038316e-01
1.502745700504856119e-01 -3.187609254666661229e-01
1.587464671688187945e-01 -3.236027934391978444e-01
1.674301453652287108e-01 -3.281641305694155686e-01
1.763234185701672008e-01 -3.324361095566890634e-01
1.854240479496642724e-01 -3.364096617715691684e-01
1.947297424689413692e-01 -3.400756712145425742e-01
2.042381594691679014e-01 -3.434251708423275984e-01
2.139469052572124941e-01 -3.464495351735638051e-01
2.238535357082431787e-01 -3.491406632786947517e-01
2.339555568810219865e-01 -3.514911466351059999e-01
2.442504256457417311e-01 -3.534944168782324647e-01
2.547355503242452190e-01 -3.551448691870383034e-01
2.654082913424666845e-01 -3.564379578875499499e-01
2.762659618949298013e-01 -3.573702618158683397e-01
2.873058286211370715e-01 -3.579395180231336737e-01
2.985251122936787294e-01 -3.581446234967726183e-01
3.099209885178879631e-01 -3.579856056800507780e-01
3.214905884428678196e-01 -3.574635636589865162e-01
3.332309994837083789e-01 -3.565805829150858197e-01
3.451392660547150104e-01 -3.553396274777351760e-01
3.572123903134606371e-01 -3.537444141168045175e-01
3.694473329154774888e-01 -3.517992738622360838e-01
3.818410137793947223e-01 -3.495090065952907166e-01
3.943903128623333920e-01 -3.468787347028156609e-01
4.070920709453594855e-01 -3.439137618045000067e-01
4.199430904288018462e-01 -3.406194423434882323e-01
4.329401361372292589e-01 -3.370010673704010307e-01
4.460799361338897429e-01 -3.330637711552341118e-01
4.593591825444023335e-01 -3.288124623447624684e-01
4.727745323894976259e-01 -3.242517822675102246e-01
4.863226084265935834e-01 -3.193860917051491999e-01
5.000000000000001110e-01 -3.142194860377506838e-01
5.138032638995313484e-01 -3.087558371777150978e-01
5.277289252273172915e-01 -3.029988591875601434e-01
5.417734782725895926e-01 -2.969521929901658419e-01
5.559333873942259308e-01 -2.906195041914601540e-01
5.702050879108284676e-01 -2.840045868132402562e-01
5.845849869981135649e-01 -2.771114647479943627e-01
5.990694645933862805e-01 -2.699444820685012458e-01
6.136548743068714895e-01 -2.625083730211135169e-01
6.283375443396724824e-01 -2.548083026677769314e-01
6.431137784081281117e-01 -2.468498697770777350e-01
6.579798566743311206e-01 -2.386390647503370543e-01
6.729320366825783939e-01 -2.301821771466980582e-01
6.879665543015128781e-01 -2.214856497714718653e-01
7.030796246717250231e-01 -2.125558793316086881e-01
7.182674431585703845e-01 -2.033989673431024769e-01
7.335261863099650226e-01 -1.940204292832377053e-01
7.488520128189207758e-01 -1.844248748844140307e-01
7.642410644905727191e-01 -1.746156779163147987e-01
7.796894672134594417e-01 -1.645946597313671933e-01
7.951933319348093443e-01 -1.543618171681634954e-01
8.107487556395898132e-01 -1.439151320138278567e-01
8.263518223330695855e-01 -1.332505059967590555e-01
8.419986040266501659e-01 -1.223618720768190060e-01
8.576851617267149397e-01 -1.112415394670860785e-01
8.734075464262507360e-01 -9.988083619303882166e-02
8.891618000989889303e-01 -8.827111889423441826e-02
9.049439566958173975e-01 -7.640522481513202513e-02
9.207500431432115162e-01 -6.427944532590702809e-02
9.365760803434354242e-01 -5.189610366977964739e-02
9.524180841762578398e-01 -3.926682176173049155e-02
9.682720665019324269e-01 -2.641656158179831251e-02
9.841340361651920166e-01 -1.338852584191034187e-02
9.999999999999998890e-01 -2.500000000000921082e-04
