9.999999999999998890e-01 2.500000000000528601e-04
9.841340361651920166e-01 7.722280097415210216e-03
9.682720665019324269e-01 1.502407271568244329e-02
9.524180841762578398e-01 2.215456906880418006e-02
9.365760803434354242e-01 2.911373020895621430e-02
9.207500431432115162e-01 3.590200266899547243e-02
9.049439566958173975e-01 4.252010086385824006e-02
8.891618000989889303e-01 4.896884756049800502e-02
8.734075464262507360e-01 5.524906387063746593e-02
8.576851617267149397e-01 6.136150051189088322e-02
8.419986040266501659e-01 6.730680250147406951e-02
8.263518223330695855e-01 7.308549997264880693e-02
8.107487556395898132e-01 7.869801841670431841e-02
7.951933319348093443e-01 8.414470233212113792e-02
7.796894672134594417e-01 8.942584698741815052e-02
7.642410644905727191e-01 9.454173375561338022e-02
7.488520128189207758e-01 9.949266523783387162e-02
7.335261863099650226e-01 1.042789971443355557e-01
7.182674431585703845e-01 1.089011646275478834e-01
7.030796246717250231e-01 1.133597014500332678e-01
6.879665543015128781e-01 1.176552510086477377e-01
6.729320366825783939e-01 1.217885688149564771e-01
6.579798566743311206e-01 1.257605165434147187e-01
6.431137784081281117e-01 1.295720481974104166e-01
6.283375443396724824e-01 1.332241893054910975e-01
6.136548743068714895e-01 1.367180103444712302e-01
5.990694645933862805e-01 1.400545957930785512e-01
5.845849869981135649e-01 1.432350103515167283e-01
5.702050879108284676e-01 1.462602639225999424e-01
5.559333873942259308e-01 1.491312769441356656e-01
5.417734782725895926e-01 1.518488475963997719e-01
5.277289252273172915e-01 1.544136222902257327e-01
5.138032638995313484e-01 1.568260706785373770e-01
5.000000000000001110e-01 1.590864662357172610e-01
4.863226084265935834e-01 1.611948732239225635e-01
4.727745323894976259e-01 1.631511406222954097e-01
4.593591825444023335e-01 1.649549033427558375e-01
4.460799361338897429e-01 1.666055908031394694e-01
4.329401361372292589e-01 1.681024426827420204e-01
4.199430904288018462e-01 1.694445314540309055e-01
4.070920709453594855e-01 1.706307910737354661e-01
3.943903128623333920e-01 1.716600510321205086e-01
3.818410137793947223e-01 1.725310748053581755e-01
3.694473329154774888e-01 1.732426016358279142e-01
3.572123903134606371e-01 1.737933904810690933e-01
3.451392660547150104e-01 1.741822649250621691e-01
3.332309994837083789e-01 1.744081578355248241e-01
3.214905884428678196e-01 1.744701545769309914e-01
3.099209885178879631e-01 1.743675336490344563e-01
2.985251122936787294e-01 1.740998037119428077e-01
2.873058286211370715e-01 1.736667360776711910e-01
2.762659618949298013e-01 1.730683918903870300e-01
2.654082913424666845e-01 1.723051433785470765e-01
2.547355503242452190e-01 1.713776887367718105e-01
2.442504256457417311e-01 1.702870603783573911e-01
2.339555568810219865e-01 1.690346264854785119e-01
2.238535357082431787e-01 1.676220859681537834e-01
2.139469052572124941e-01 1.660514571199262768e-01
2.042381594691679014e-01 1.643250604232589784e-01
1.947297424689413692e-01 1.624454961066408021e-01
1.854240479496642724e-01 1.604156171846541634e-01
1.763234185701672008e-01 1.582384988187006680e-01
1.674301453652287108e-01 1.559174049173498722e-01
1.587464671688187945e-01 1.534557529497109496e-01
1.502745700504856119e-01 1.508570779719403676e-01
1.420165867650229341e-01 1.481249968658436555e-01
1.339745962155614034e-01 1.452631737601147444e-01
1.261506229302150617e-01 1.422752875503918435e-01
1.185466365524179277e-01 1.391650023559632687e-01
1.111645513450765232e-01 1.359359416511941865e-01
1.040062257086641351e-01 1.325916666916460429e-01
9.707346171337882801e-02 1.291356597219265601e-01
9.036800464548166989e-02 1.255713123083675997e-01
8.389154256793041053e-02 1.219019189887360494e-01
7.764570589541863743e-02 1.181306762774983893e-01
7.163206698392743377e-02 1.142606869128565406e-01
6.585213973489323358e-02 1.102949690849105713e-01
6.030737921409157209e-02 1.062364702467468169e-01
5.499918128533154427e-02 1.020880849855480693e-01
4.992888225905456334e-02 9.785267632215408073e-02
4.509775855592612626e-02 9.353309971755684182e-02
4.050702638550263135e-02 8.913222899577853686e-02
3.615784144005795842e-02 8.465298334605247943e-02
3.205129860364375194e-02 8.009835454418542944e-02
2.818843167645834757e-02 7.547143353379812125e-02
2.457021311459295365e-02 7.077543553253662356e-02
2.119755378522125699e-02 6.601372287544311768e-02
1.807130273729329328e-02 6.118982487598681463e-02
1.519224698779197968e-02 5.630745407277570891e-02
1.256111132360571148e-02 5.137051833418315727e-02
1.017855811906731578e-02 4.638312841111254248e-02
8.045187169204659483e-03 4.134960065661964085e-02
6.161535538745877005e-03 3.627445476660625528e-02
4.528077426915411152e-03 3.116240653459708548e-02
3.145224048057615462e-03 2.601835575199860223e-02
2.013323528115562588e-03 2.084736951945947644e-02
1.132660816992037134e-03 1.565466136146472995e-02
5.034576168149174080e-04 1.044556665170334742e-02
1.258723261249317105e-04 5.225514957997743314e-03
0.000000000000000000e+00 0.000000000000000000e+00
1.258723261249317105e-04 -5.120587266589628206e-03
5.034576168149174080e-04 -1.023144823410618819e-02
1.132660816992037134e-03 -1.532289555817875452e-02
2.013323528115562588e-03 -2.038544318613737943e-02
3.145224048057615462e-03 -2.540990081633938413e-02
4.528077426915411152e-03 -3.038746111898010804e-02
6.161535538745877005e-03 -3.530977762429525491e-02
8.045187169204659483e-03 -4.016903144562011807e-02
1.017855811906731578e-02 -4.495798531750130889e-02
1.256111132360571148e-02 -4.967002378407509022e-02
1.519224698779197968e-02 -5.429917876013155842e-02
1.807130273729329328e-02 -5.884014009560032538e-02
2.119755378522125699e-02 -6.328825119198393245e-02
2.457021311459295365e-02 -6.763949013450766545e-02
2.818843167645834757e-02 -7.189043720452828468e-02
3.205129860364375194e-02 -7.603823001145655625e-02
3.615784144005795842e-02 -8.008050782123324329e-02
4.050702638550263135e-02 -8.401534694939000181e-02
4.509775855592612626e-02 -8.784118932237526545e-02
4.992888225905456334e-02 -9.155676648412221230e-02
5.499918128533154427e-02 -9.516102143056279217e-02
6.030737921409157209e-02 -9.865303068964409450e-02
6.585213973489323358e-02 -1.020319290271540363e-01
7.163206698392743377e-02 -1.052968390501588108e-01
7.764570589541863743e-02 -1.084468078030892679e-01
8.389154256793041053e-02 -1.114807522114929922e-01
9.036800464548166989e-02 -1.143974149321483613e-01
9.707346171337882801e-02 -1.171953318243258019e-01
1.040062257086641351e-01 -1.198728118757021732e-01
1.111645513450765232e-01 -1.224279300092722678e-01
1.185466365524179277e-01 -1.248585327769768522e-01
1.261506229302150617e-01 -1.271622565246760539e-01
1.339745962155614034e-01 -1.293365572047635581e-01
1.420165867650229341e-01 -1.313787506301741514e-01
1.502745700504856119e-01 -1.332860616192639014e-01
1.587464671688187945e-01 -1.350556801865551715e-01
1.674301453652287108e-01 -1.366848226998318150e-01
1.763234185701672008e-01 -1.381707957580836921e-01
1.854240479496642724e-01 -1.395110604538900567e-01
1.947297424689413692e-01 -1.407032946723528188e-01
2.042381594691679014e-01 -1.417454511485564395e-01
2.139469052572124941e-01 -1.426358091561079067e-01
2.238535357082431787e-01 -1.433730179273351169e-01
2.339555568810219865e-01 -1.439561302053172231e-01
2.442504256457417311e-01 -1.443846246906645980e-01
2.547355503242452190e-01 -1.446584165610780570e-01
2.654082913424666845e-01 -1.447778556962625307e-01
2.762659618949298013e-01 -1.447437127200033313e-01
2.873058286211370715e-01 -1.445571534589125406e-01
2.985251122936787294e-01 -1.442197028963198568e-01
3.099209885178879631e-01 -1.437332001522495240e-01
3.214905884428678196e-01 -1.430997464286661303e-01
3.332309994837083789e-01 -1.423216482060092880e-01
3.451392660547150104e-01 -1.414013582464200558e-01
3.572123903134606371e-01 -1.403414171366810237e-01
3.694473329154774888e-01 -1.391443981776755434e-01
3.818410137793947223e-01 -1.378128583878862612e-01
3.943903128623333920e-01 -1.363492982301301726e-01
4.070920709453594855e-01 -1.347561323911406483e-01
4.199430904288018462e-01 -1.330356735445795968e-01
4.329401361372292589e-01 -1.311901305157740782e-01
4.460799361338897429e-01 -1.292216216515883476e-01
4.593591825444023335e-01 -1.271322034965994274e-01
4.727745323894976259e-01 -1.249239141068692049e-01
4.863226084265935834e-01 -1.225988295191416527e-01
5.000000000000001110e-01 -1.201591310642832755e-01
5.138032638995313484e-01 -1.176071804008399918e-01
5.277289252273172915e-01 -1.149455983823152450e-01
5.417734782725895926e-01 -1.121773431971219565e-01
5.559333873942259308e-01 -1.093057826715982117e-01
5.702050879108284676e-01 -1.063347552431168630e-01
5.845849869981135649e-01 -1.032686139309631490e-01
5.990694645933862805e-01 -1.001122476947204770e-01
6.136548743068714895e-01 -9.687107490837519597e-02
6.283375443396724824e-01 -9.355100432462543081e-02
6.431137784081281117e-01 -9.015835988468882956e-02
6.579798566743311206e-01 -8.669976706518925380e-02
6.729320366825783939e-01 -8.318200015958469862e-02
6.879665543015128781e-01 -7.961179197339175728e-02
7.030796246717250231e-01 -7.599560986780651284e-02
7.182674431585703845e-01 -7.233940490342583018e-02
7.335261863099650226e-01 -6.864834399280472788e-02
7.488520128189207758e-01 -6.492653843525567070e-02
7.642410644905727191e-01 -6.117678593659442443e-02
7.796894672134594417e-01 -5.740034715670649934e-02
7.951933319348093443e-01 -5.359678191454125135e-02
8.107487556395898132e-01 -4.976387433896907464e-02
8.263518223330695855e-01 -4.589768040092825213e-02
8.419986040266501659e-01 -4.199273530490032352e-02
8.576851617267149397e-01 -3.804246205601126418e-02
8.734075464262507360e-01 -3.403982604688133434e-02
8.891618000989889303e-01 -2.997828361517399648e-02
9.049439566958173975e-01 -2.585307509532442163e-02
9.207500431432115162e-01 -2.166291481212328368e-02
9.365760803434354242e-01 -1.741213162700819619e-02
9.524180841762578398e-01 -1.311331394100329756e-02
9.682720665019324269e-01 -8.790512378099286581e-03
9.841340361651920166e-01 -4.483051624655629355e-03
9.999999999999998890e-01 -2.500000000000291702e-04
