9.999999999999998890e-01 2.500000000001219779e-04
9.841340361651920166e-01 1.765037625320434872e-02
9.682720665019324269e-01 3.490933443611314579e-02
9.524180841762578398e-01 5.193795380263795114e-02
9.365760803434354242e-01 6.867726072846748464e-02
9.207500431432115162e-01 8.509141902567780857e-02
9.049439566958173975e-01 1.011619325238984624e-01
8.891618000989889303e-01 1.168827837395654129e-01
8.734075464262507360e-01 1.322564281166510869e-01
8.576851617267149397e-01 1.472905607722366506e-01
8.419986040266501659e-01 1.619955717858985733e-01
8.263518223330695855e-01 1.763826066841349682e-01
8.107487556395898132e-01 1.904621507281259174e-01
7.951933319348093443e-01 2.042430587441156076e-01
7.796894672134594417e-01 2.177319563642479416e-01
7.642410644905727191e-01 2.309329434934549730e-01
7.488520128189207758e-01 2.438475364079584484e-01
7.335261863099650226e-01 2.564747909504931922e-01
7.182674431585703845e-01 2.688115556510173865e-01
7.030796246717250231e-01 2.808528101136356092e-01
6.879665543015128781e-01 2.925920505266189631e-01
6.729320366825783939e-01 3.040216905422410965e-01
6.579798566743311206e-01 3.151334519209749718e-01
6.431137784081281117e-01 3.259187251407199559e-01
6.283375443396724824e-01 3.363688855529892718e-01
6.136548743068714895e-01 3.464755555580619761e-01
5.990694645933862805e-01 3.562308076205192298e-01
5.845849869981135649e-01 3.656273067221740836e-01
5.702050879108284676e-01 3.746583940337978036e-01
5.559333873942259308e-01 3.833181161775684465e-01
5.417734782725895926e-01 3.916012064597606535e-01
5.277289252273172915e-01 3.995030259009800244e-01
5.138032638995313484e-01 4.070194728130029915e-01
5.000000000000001110e-01 4.141468701098475202e-01
4.863226084265935834e-01 4.208818395461684236e-01
4.727745323894976259e-01 4.272211717041290435e-01
4.593591825444023335e-01 4.331616998600295587e-01
4.460799361338897429e-01 4.387001849157142197e-01
4.329401361372292589e-01 4.438332174392376483e-01
4.199430904288018462e-01 4.485571415853768507e-01
4.070920709453594855e-01 4.528680043179041381e-01
3.943903128623333920e-01 4.567615319869303692e-01
3.818410137793947223e-01 4.602331349761628054e-01
3.694473329154774888e-01 4.632779398710726859e-01
3.572123903134606371e-01 4.658908474478358208e-01
3.451392660547150104e-01 4.680666137758033307e-01
3.332309994837083789e-01 4.697999508873808572e-01
3.214905884428678196e-01 4.710856428155067999e-01
3.099209885178879631e-01 4.719186723402860051e-01
2.985251122936787294e-01 4.722943535257488890e-01
2.873058286211370715e-01 4.722084650616649171e-01
2.762659618949298013e-01 4.716573795445084816e-01
2.654082913424666845e-01 4.706381841213866379e-01
2.547355503242452190e-01 4.691487883619333554e-01
2.442504256457417311e-01 4.671880157930887179e-01
2.339555568810219865e-01 4.647556762048113410e-01
2.238535357082431787e-01 4.618526165837487096e-01
2.139469052572124941e-01 4.584807493283766799e-01
2.042381594691679014e-01 4.546430572147077132e-01
1.947297424689413692e-01 4.503435753886848025e-01
1.854240479496642724e-01 4.455873514337184149e-01
1.763234185701672008e-01 4.403803852755310833e-01
1.674301453652287108e-01 4.347295513204955664e-01
1.587464671688187945e-01 4.286425057601707111e-01
1.502745700504856119e-01 4.221275823996848975e-01
1.420165867650229341e-01 4.151936806708434458e-01
1.339745962155614034e-01 4.078501496663179959e-01
1.261506229302150617e-01 4.001066720770929397e-01
1.185466365524179277e-01 3.919731518336299070e-01
1.111645513450765232e-01 3.834596090478877284e-01
1.040062257086641351e-01 3.745760855379101084e-01
9.707346171337882801e-02 3.653325638017682064e-01
9.036800464548166989e-02 3.557389018085140853e-01
8.389154256793041053e-02 3.458047854079338013e-01
7.764570589541863743e-02 3.355396995472976207e-01
7.163206698392743377e-02 3.249529188420339776e-01
6.585213973489323358e-02 3.140535173987156203e-01
6.030737921409157209e-02 3.028503971531078531e-01
5.499918128533154427e-02 2.913523333827081063e-01
4.992888225905456334e-02 2.795680355002279627e-01
4.509775855592612626e-02 2.675062207480551346e-01
4.050702638550263135e-02 2.551756980077860559e-01
3.615784144005795842e-02 2.425854586247960798e-01
3.205129860364375194e-02 2.297447709338353294e-01
2.818843167645834757e-02 2.166632750631563298e-01
2.457021311459295365e-02 2.033510745937266162e-01
2.119755378522125699e-02 1.898188217555526192e-01
1.807130273729329328e-02 1.760777930507345934e-01
1.519224698779197968e-02 1.621399524953722748e-01
1.256111132360571148e-02 1.480180000598378121e-01
1.017855811906731578e-02 1.337254033468674441e-01
8.045187169204659483e-03 1.192764110649700976e-01
6.161535538745877005e-03 1.046860474148291614e-01
4.528077426915411152e-03 8.997008709153278549e-02
3.145224048057615462e-03 7.514501119794557427e-02
2.013323528115562588e-03 6.022794494639496093e-02
1.132660816992037134e-03 4.523657857978474750e-02
5.034576168149174080e-04 3.018907345268530620e-02
1.258723261249317105e-04 1.510395566278240585e-02
0.000000000000000000e+00 0.000000000000000000e+00
1.258723261249317105e-04 -1.496428394114769807e-02
5.034576168149174080e-04 -2.990302117330161102e-02
1.132660816992037134e-03 -4.479086661022167043e-02
2.013323528115562588e-03 -5.960299797901996710e-02
3.145224048057615462e-03 -7.431536160208795927e-02
4.528077426915411152e-03 -8.890489988650404629e-02
6.161535538745877005e-03 -1.033497551876543380e-01
8.045187169204659483e-03 -1.176294453423534225e-01
1.017855811906731578e-02 -1.317250069200462115e-01
1.256111132360571148e-02 -1.456191030984108903e-01
1.519224698779197968e-02 -1.592960940087344845e-01
1.807130273729329328e-02 -1.727420683913242772e-01
2.119755378522125699e-02 -1.859448364251242436e-01
2.457021311459295365e-02 -1.988938846207368161e-01
2.818843167645834757e-02 -2.115802946643918214e-01
3.205129860364375194e-02 -2.239966290448135999e-01
3.615784144005795842e-02 -2.361367871595924650e-01
4.050702638550263135e-02 -2.479958363588363468e-01
4.509775855592612626e-02 -2.595698230205861212e-01
4.992888225905456334e-02 -2.708555692470623333e-01
5.499918128533154427e-02 -2.818504611094777013e-01
6.030737921409157209e-02 -2.925522345422942316e-01
6.585213973489323358e-02 -3.029587649904075808e-01
7.163206698392743377e-02 -3.130678667444123375e-01
7.764570589541863743e-02 -3.228771075642868915e-01
8.389154256793041053e-02 -3.323836436995750709e-01
9.036800464548166989e-02 -3.415840797779883253e-01
9.707346171337882801e-02 -3.504743572720103728e-01
1.040062257086641351e-01 -3.590496743859095119e-01
1.111645513450765232e-01 -3.673044392581007456e-01
1.185466365524179277e-01 -3.752322573730916266e-01
1.261506229302150617e-01 -3.828259530520892184e-01
1.339745962155614034e-01 -3.900776238715615851e-01
1.420165867650229341e-01 -3.969787258746391156e-01
1.502745700504856119e-01 -4.035201865204804395e-01
1.587464671688187945e-01 -4.096925414894714845e-01
1.674301453652287108e-01 -4.154860907527958558e-01
1.763234185701672008e-01 -4.208910687458843891e-01
1.854240479496642724e-01 -4.258978230750955496e-01
1.947297424689413692e-01 -4.304969959497850773e-01
2.042381594691679014e-01 -4.346797024769152862e-01
2.139469052572124941e-01 -4.384377000863842189e-01
2.238535357082431787e-01 -4.417635436706471297e-01
2.339555568810219865e-01 -4.446507215145696912e-01
2.442504256457417311e-01 -4.470937677478594718e-01
2.547355503242452190e-01 -4.490883478544788199e-01
2.654082913424666845e-01 -4.506313146977808382e-01
2.762659618949298013e-01 -4.517207335388706002e-01
2.873058286211370715e-01 -4.523558756071725528e-01
2.985251122936787294e-01 -4.525371808917270644e-01
3.099209885178879631e-01 -4.522661919225706151e-01
3.214905884428678196e-01 -4.515454613658761440e-01
3.332309994837083789e-01 -4.503784372266076419e-01
3.451392660547150104e-01 -4.487693303017185609e-01
3.572123903134606371e-01 -4.467229692212724146e-01
3.694473329154774888e-01 -4.442446489236570595e-01
3.818410137793947223e-01 -4.413399787084161252e-01
3.943903128623333920e-01 -4.380147360759425457e-01
4.070920709453594855e-01 -4.342747323839298290e-01
4.199430904288018462e-01 -4.301256959201343877e-01
4.329401361372292589e-01 -4.255731773120015604e-01
4.460799361338897429e-01 -4.206224812770779087e-01
4.593591825444023335e-01 -4.152786275839382424e-01
4.727745323894976259e-01 -4.095463427707637383e-01
4.863226084265935834e-01 -4.034300826957921138e-01
5.000000000000001110e-01 -3.969340844172304927e-01
5.138032638995313484e-01 -3.900624442743626519e-01
5.277289252273172915e-01 -3.828192174279084203e-01
5.417734782725895926e-01 -3.752085325834727536e-01
5.559333873942259308e-01 -3.672347142388384111e-01
5.702050879108284676e-01 -3.589024036384754757e-01
5.845849869981135649e-01 -3.502166687626206421e-01
5.990694645933862805e-01 -3.411830931984760618e-01
6.136548743068714895e-01 -3.318078337094798602e-01
6.283375443396724824e-01 -3.220976368022528402e-01
6.431137784081281117e-01 -3.120598056496450279e-01
6.579798566743311206e-01 -3.017021104129654629e-01
6.729320366825783939e-01 -2.910326373562935331e-01
6.879665543015128781e-01 -2.800595751867729355e-01
7.030796246717250231e-01 -2.687909407978484877e-01
7.182674431585703845e-01 -2.572342510316791286e-01
7.335261863099650226e-01 -2.453961521884714392e-01
7.488520128189207758e-01 -2.332820247511271095e-01
7.642410644905727191e-01 -2.208955871003894234e-01
7.796894672134594417e-01 -2.082385287853793510e-01
7.951933319348093443e-01 -1.953102110836856531e-01
8.107487556395898132e-01 -1.821074800109460101e-01
8.263518223330695855e-01 -1.686246444803850830e-01
8.419986040266501659e-01 -1.548536798089231170e-01
8.576851617267149397e-01 -1.407847240436538305e-01
8.734075464262507360e-01 -1.264069414528696811e-01
8.891618000989889303e-01 -1.117098337911044403e-01
9.049439566958173975e-01 -9.668508540214504343e-02
9.207500431432115162e-01 -8.132903265804790338e-02
9.365760803434354242e-01 -6.564585143614035112e-02
9.524180841762578398e-01 -4.965155810400641301e-02
9.682720665019324269e-01 -3.337891961690119674e-02
9.841340361651920166e-01 -1.688336664786985186e-02
9.999999999999998890e-01 -2.500000000001166111e-04
