9.999999999999998890e-01 2.500000000000885845e-04
9.841340361651920166e-01 1.278877551053103287e-02
9.682720665019324269e-01 2.507391993970069233e-02
9.524180841762578398e-01 3.709383144950935407e-02
9.365760803434354242e-01 4.884139021102860273e-02
9.207500431432115162e-01 6.031289495982627979e-02
9.049439566958173975e-01 7.150715981030858481e-02
8.891618000989889303e-01 8.242475903232639178e-02
8.734075464262507360e-01 9.306740684763437077e-02
8.576851617267149397e-01 1.034374589415713863e-01
8.419986040266501659e-01 1.135375222848468008e-01
8.263518223330695855e-01 1.233701599972113483e-01
8.107487556395898132e-01 1.329376783326996769e-01
7.951933319348093443e-01 1.422419833973559145e-01
7.796894672134594417e-01 1.512844958963750486e-01
7.642410644905727191e-01 1.600661130197009174e-01
7.488520128189207758e-01 1.685872074848667745e-01
7.335261863099650226e-01 1.768476547356239992e-01
7.182674431585703845e-01 1.848468803182598263e-01
7.030796246717250231e-01 1.925839204996844245e-01
6.879665543015128781e-01 2.000574902295264024e-01
6.729320366825783939e-01 2.072660535620421685e-01
6.579798566743311206e-01 2.142078926244493919e-01
6.431137784081281117e-01 2.208811721308218956e-01
6.283375443396724824e-01 2.272839972820716037e-01
6.136548743068714895e-01 2.334144636526870042e-01
5.990694645933862805e-01 2.392706983364160100e-01
5.845849869981135649e-01 2.448508922011984612e-01
5.702050879108284676e-01 2.501533235861611026e-01
5.559333873942259308e-01 2.551763741604987090e-01
5.417734782725895926e-01 2.599185379578842769e-01
5.277289252273172915e-01 2.643784248048907659e-01
5.138032638995313484e-01 2.685547594836826257e-01
5.000000000000001110e-01 2.724463780152411307e-01
4.863226084265935834e-01 2.760522224280850812e-01
4.727745323894976259e-01 2.793713352980850551e-01
4.593591825444023335e-01 2.824028552174134288e-01
4.460799361338897429e-01 2.851460141849995189e-01
4.329401361372292589e-01 2.876001377172328066e-01
4.199430904288018462e-01 2.897646482659446687e-01
4.070920709453594855e-01 2.916390723103623461e-01
3.943903128623333920e-01 2.932230512695567781e-01
3.818410137793947223e-01 2.945163561698560528e-01
3.694473329154774888e-01 2.955189058047988926e-01
3.572123903134606371e-01 2.962307879493876750e-01
3.451392660547150104e-01 2.966522830404712541e-01
3.332309994837083789e-01 2.967838896146821059e-01
3.214905884428678196e-01 2.966263507068797600e-01
3.099209885178879631e-01 2.961806803567820223e-01
2.985251122936787294e-01 2.954481893495285449e-01
2.873058286211370715e-01 2.944305093263974160e-01
2.762659618949298013e-01 2.931296144429038630e-01
2.654082913424666845e-01 2.915478398203478205e-01
2.547355503242452190e-01 2.896878961300800026e-01
2.442504256457417311e-01 2.875528797633615241e-01
2.339555568810219865e-01 2.851462781692130632e-01
2.238535357082431787e-01 2.824719700834174563e-01
2.139469052572124941e-01 2.795342205189894624e-01
2.042381594691679014e-01 2.763376705371373698e-01
1.947297424689413692e-01 2.728873219633595193e-01
1.854240479496642724e-01 2.691885173514380059e-01
1.763234185701672008e-01 2.652469156247346804e-01
1.674301453652287108e-01 2.610684639358606396e-01
1.587464671688187945e-01 2.566593663795338487e-01
1.502745700504856119e-01 2.520260502670003677e-01
1.420165867650229341e-01 2.471751307221036198e-01
1.339745962155614034e-01 2.421133743880640177e-01
1.261506229302150617e-01 2.368476630400108696e-01
1.185466365524179277e-01 2.313849578817567254e-01
1.111645513450765232e-01 2.257322652673057206e-01
1.040062257086641351e-01 2.198966045298239302e-01
9.707346171337882801e-02 2.138849785254795244e-01
9.036800464548166989e-02 2.077043474093291653e-01
8.389154256793041053e-02 2.013616060583073297e-01
7.764570589541863743e-02 1.948635654456191413e-01
7.163206698392743377e-02 1.882169381548989551e-01
6.585213973489323358e-02 1.814283281048526819e-01
6.030737921409157209e-02 1.745042244392137343e-01
5.499918128533154427e-02 1.674509994260194590e-01
4.992888225905456334e-02 1.602749101075523486e-01
4.509775855592612626e-02 1.529821033505546213e-01
4.050702638550263135e-02 1.455786238679087075e-01
3.615784144005795842e-02 1.380704247198525914e-01
3.205129860364375194e-02 1.304633797563928832e-01
2.818843167645834757e-02 1.227632974338721678e-01
2.457021311459295365e-02 1.149759354280199264e-01
2.119755378522125699e-02 1.071070154731477153e-01
1.807130273729329328e-02 9.916223788177616627e-02
1.519224698779197968e-02 9.114729523975288739e-02
1.256111132360571148e-02 8.306788482722149425e-02
1.017855811906731578e-02 7.492971938361907280e-02
8.045187169204659483e-03 6.673853591285298925e-02
6.161535538745877005e-03 5.850010231033354879e-02
4.528077426915411152e-03 5.022022168377205525e-02
3.145224048057615462e-03 4.190473433173504819e-02
2.013323528115562588e-03 3.355951743486831895e-02
1.132660816992037134e-03 2.519048260167000564e-02
5.034576168149174080e-04 1.680357149093848756e-02
1.258723261249317105e-04 8.404749804064635607e-03
0.000000000000000000e+00 0.000000000000000000e+00
1.258723261249317105e-04 -8.084313258534574914e-03
5.034576168149174080e-04 -1.615027153999055304e-02
1.132660816992037134e-03 -2.417966251039534512e-02
2.013323528115562588e-03 -3.215468014767282334e-02
3.145224048057615462e-03 -4.005811588108411370e-02
4.528077426915411152e-03 -4.787353566694927537e-02
6.161535538745877005e-03 -5.558543891122551261e-02
8.045187169204659483e-03 -6.317939564125230056e-02
1.017855811906731578e-02 -7.064215891770912747e-02
1.256111132360571148e-02 -7.796175014732716069e-02
1.519224698779197968e-02 -8.512751568866784579e-02
1.807130273729329328e-02 -9.213015391702653045e-02
2.119755378522125699e-02 -9.896171270884820959e-02
2.457021311459295365e-02 -1.056155580988087789e-01
2.818843167645834757e-02 -1.120863156318693266e-01
3.205129860364375194e-02 -1.183697866566248980e-01
3.615784144005795842e-02 -1.244628424648419190e-01
4.050702638550263135e-02 -1.303632997566369078e-01
4.509775855592612626e-02 -1.360697813850252069e-01
4.992888225905456334e-02 -1.415815666940090090e-01
5.499918128533154427e-02 -1.468984360006014844e-01
6.030737921409157209e-02 -1.520205138762391606e-01
6.585213973489323358e-02 -1.569481158536794596e-01
7.163206698392743377e-02 -1.616816030222319733e-01
7.764570589541863743e-02 -1.662212486814269585e-01
8.389154256793041053e-02 -1.705671208090753233e-01
9.036800464548166989e-02 -1.747189835758071741e-01
9.707346171337882801e-02 -1.786762205195346065e-01
1.040062257086641351e-01 -1.824377812977037439e-01
1.111645513450765232e-01 -1.860021531829419150e-01
1.185466365524179277e-01 -1.893673576809171977e-01
1.261506229302150617e-01 -1.925309718513215085e-01
1.339745962155614034e-01 -1.954901731279261867e-01
1.420165867650229341e-01 -1.982418056856200261e-01
1.502745700504856119e-01 -2.007824657144766933e-01
1.587464671688187945e-01 -2.031086023550180142e-01
1.674301453652287108e-01 -2.052166305446371519e-01
1.763234185701672008e-01 -2.071030516396072385e-01
1.854240479496642724e-01 -2.087645774239045016e-01
1.947297424689413692e-01 -2.101982530051513254e-01
2.042381594691679014e-01 -2.114015741350800393e-01
2.139469052572124941e-01 -2.123725946783381890e-01
2.238535357082431787e-01 -2.131100202858970394e-01
2.339555568810219865e-01 -2.136132847998044315e-01
2.442504256457417311e-01 -2.138826065120104924e-01
2.547355503242452190e-01 -2.139190221045839668e-01
2.654082913424666845e-01 -2.137243968909455782e-01
2.762659618949298013e-01 -2.133014108333683434e-01
2.873058286211370715e-01 -2.126535207036054365e-01
2.985251122936787294e-01 -2.117848996515995508e-01
3.099209885178879631e-01 -2.107003563208753316e-01
3.214905884428678196e-01 -2.094052364669971855e-01
3.332309994837083789e-01 -2.079053107663958455e-01
3.451392660547150104e-01 -2.062066531173257222e-01
3.572123903134606371e-01 -2.043155142055376461e-01
3.694473329154774888e-01 -2.022381954105984536e-01
3.818410137793947223e-01 -1.999809282451675552e-01
3.943903128623333920e-01 -1.975497644346128068e-01
4.070920709453594855e-01 -1.949504814497570182e-01
4.199430904288018462e-01 -1.921885077995494073e-01
4.329401361372292589e-01 -1.892688716784783898e-01
4.460799361338897429e-01 -1.861961756585168715e-01
4.593591825444023335e-01 -1.829745990379625653e-01
4.727745323894976259e-01 -1.796079282380625697e-01
4.863226084265935834e-01 -1.760996143086344667e-01
5.000000000000001110e-01 -1.724528552089397426e-01
5.138032638995313484e-01 -1.686706991192070404e-01
5.277289252273172915e-01 -1.647561636664093276e-01
5.417734782725895926e-01 -1.607123646747217749e-01
5.559333873942259308e-01 -1.565426469393750297e-01
5.702050879108284676e-01 -1.522507086371722718e-01
5.845849869981135649e-01 -1.478407103928943422e-01
5.990694645933862805e-01 -1.433173597820092127e-01
6.136548743068714895e-01 -1.386859622272648973e-01
6.283375443396724824e-01 -1.339524298956853710e-01
6.431137784081281117e-01 -1.291232413722335493e-01
6.579798566743311206e-01 -1.242053466173749093e-01
6.729320366825783939e-01 -1.192060140379821720e-01
6.879665543015128781e-01 -1.141326194324426418e-01
7.030796246717250231e-01 -1.089923801158445699e-01
7.182674431585703845e-01 -1.037920416792051242e-01
7.335261863099650226e-01 -9.853752956130418239e-02
7.488520128189207758e-01 -9.323358286940981732e-02
7.642410644905727191e-01 -8.788339361522778947e-02
7.796894672134594417e-01 -8.248828065637883733e-02
7.951933319348093443e-01 -7.704743405578430571e-02
8.107487556395898132e-01 -7.155777217876087282e-02
8.263518223330695855e-01 -6.601396051165006607e-02
8.419986040266501659e-01 -6.040864776299682132e-02
8.576851617267149397e-01 -5.473298114222363564e-02
8.734075464262507360e-01 -4.897746863409491169e-02
8.891618000989889303e-01 -4.313326142425819715e-02
9.049439566958173975e-01 -3.719393420033408060e-02
9.207500431432115162e-01 -3.115784467039634312e-02
9.365760803434354242e-01 -2.503115612300770010e-02
9.524180841762578398e-01 -1.883160802139278653e-02
9.682720665019324269e-01 -1.259311930806815936e-02
9.841340361651920166e-01 -6.371307136488453017e-03
9.999999999999998890e-01 -2.500000000000421807e-04
