9.999999999999998890e-01 2.500000000001135212e-04
9.841340361651920166e-01 1.633889161105903098e-02
9.682720665019324269e-01 3.213819158964657807e-02
9.524180841762578398e-01 4.762823487578071030e-02
9.365760803434354242e-01 6.279932255303227739e-02
9.207500431432115162e-01 7.764879359651641333e-02
9.049439566958173975e-01 9.217863080791112440e-02
8.891618000989889303e-01 1.063935493597254617e-01
8.734075464262507360e-01 1.202995152157017578e-01
8.576851617267149397e-01 1.339026405775790296e-01
8.419986040266501659e-01 1.472084043342477278e-01
8.263518223330695855e-01 1.602211471528624809e-01
8.107487556395898132e-01 1.729437932418488866e-01
7.951933319348093443e-01 1.853777538183100648e-01
7.796894672134594417e-01 1.975229708109755844e-01
7.642410644905727191e-01 2.093780632091203353e-01
7.488520128189207758e-01 2.209405426150908291e-01
7.335261863099650226e-01 2.322070688651091952e-01
7.182674431585703845e-01 2.431737209479753470e-01
7.030796246717250231e-01 2.538362627799714000e-01
6.879665543015128781e-01 2.641903876013620422e-01
6.729320366825783939e-01 2.742319287699326869e-01
6.579798566743311206e-01 2.839570284751314899e-01
6.431137784081281117e-01 2.933622593287684155e-01
6.283375443396724824e-01 3.024446968623413223e-01
6.136548743068714895e-01 3.112019436456481269e-01
5.990694645933862805e-01 3.196321080162697337e-01
5.845849869981135649e-01 3.277337422652111809e-01
5.702050879108284676e-01 3.355057465610262191e-01
5.559333873942259308e-01 3.429472459229021553e-01
5.417734782725895926e-01 3.500574481906285063e-01
5.277289252273172915e-01 3.568354912116423194e-01
5.138032638995313484e-01 3.632802874041966557e-01
5.000000000000001110e-01 3.693903734980105713e-01
4.863226084265935834e-01 3.751637726402841100e-01
4.727745323894976259e-01 3.805978752291341860e-01
4.593591825444023335e-01 3.856893438433198762e-01
4.460799361338897429e-01 3.904340465218862910e-01
4.329401361372292589e-01 3.948270214547400792e-01
4.199430904288018462e-01 3.988624749181104434e-01
4.070920709453594855e-01 4.025338130677397208e-01
3.943903128623333920e-01 4.058337070245186529e-01
3.818410137793947223e-01 4.087541895851315998e-01
3.694473329154774888e-01 4.112867808926123359e-01
3.572123903134606371e-01 4.134226395321005665e-01
3.451392660547150104e-01 4.151527347939116264e-01
3.332309994837083789e-01 4.164680352824484122e-01
3.214905884428678196e-01 4.173597086533042400e-01
3.099209885178879631e-01 4.178193270348926625e-01
2.985251122936787294e-01 4.178390726329109794e-01
2.873058286211370715e-01 4.174119381192658573e-01
2.762659618949298013e-01 4.165319166609778856e-01
2.654082913424666845e-01 4.151941768347700568e-01
2.547355503242452190e-01 4.133952181822196925e-01
2.442504256457417311e-01 4.111330037688897820e-01
2.339555568810219865e-01 4.084070667973769830e-01
2.238535357082431787e-01 4.052185890662879375e-01
2.139469052572124941e-01 4.015704498419591650e-01
2.042381594691679014e-01 3.974672444945920313e-01
1.947297424689413692e-01 3.929152730235835889e-01
1.854240479496642724e-01 3.879224993376478303e-01
1.763234185701672008e-01 3.824984828451849506e-01
1.674301453652287108e-01 3.766542845327879308e-01
1.587464671688187945e-01 3.704023502508773102e-01
1.502745700504856119e-01 3.637563743741813460e-01
1.420165867650229341e-01 3.567311473529968802e-01
1.339745962155614034e-01 3.493423909139271033e-01
1.261506229302150617e-01 3.416065848041186515e-01
1.185466365524179277e-01 3.335407890020383737e-01
1.111645513450765232e-01 3.251624652444257690e-01
1.040062257086641351e-01 3.164893015498186357e-01
9.707346171337882801e-02 3.075390431628687860e-01
9.036800464548166989e-02 2.983293330114399344e-01
8.389154256793041053e-02 2.888775643727847786e-01
7.764570589541863743e-02 2.792007479996936881e-01
7.163206698392743377e-02 2.693153954769784142e-01
6.585213973489323358e-02 2.592374200779819504e-01
6.030737921409157209e-02 2.489820558848648002e-01
5.499918128533154427e-02 2.385637954396896687e-01
4.992888225905456334e-02 2.279963457193887599e-01
4.509775855592612626e-02 2.172926017889536543e-01
4.050702638550263135e-02 2.064646370945190934e-01
3.615784144005795842e-02 1.955237090205719508e-01
3.205129860364375194e-02 1.844802780604099801e-01
2.818843167645834757e-02 1.733440387413140160e-01
2.457021311459295365e-02 1.621239603084765335e-01
2.119755378522125699e-02 1.508283351052495114e-01
1.807130273729329328e-02 1.394648325901861330e-01
1.519224698779197968e-02 1.280405570001054982e-01
1.256111132360571148e-02 1.165621067975238095e-01
1.017855811906731578e-02 1.050356342231096446e-01
8.045187169204659483e-03 9.346690350073728892e-02
6.161535538745877005e-03 8.186134650449335137e-02
4.528077426915411152e-03 7.022411498303049449e-02
3.145224048057615462e-03 5.856012873595037305e-02
2.013323528115562588e-03 4.687411943811342629e-02
1.132660816992037134e-03 3.517067009999094024e-02
5.034576168149174080e-04 2.345425042482022701e-02
1.258723261249317105e-04 1.172924856676476474e-02
0.000000000000000000e+00 0.000000000000000000e+00
1.258723261249317105e-04 -1.090277533209587334e-02
5.034576168149174080e-04 -2.177642074777505141e-02
1.132660816992037134e-03 -3.259206319943386276e-02
2.013323528115562588e-03 -4.332146301483742745e-02
3.145224048057615462e-03 -5.393731511351952668e-02
4.528077426915411152e-03 -6.441353205591895947e-02
6.161535538745877005e-03 -7.472550353795970324e-02
8.045187169204659483e-03 -8.485032749488105597e-02
1.017855811906731578e-02 -9.476700864026335602e-02
1.256111132360571148e-02 -1.044566210226057640e-01
1.519224698779197968e-02 -1.139024320133532608e-01
1.807130273729329328e-02 -1.230899860258542755e-01
2.119755378522125699e-02 -1.320071471820802034e-01
2.457021311459295365e-02 -1.406441010698645799e-01
2.818843167645834757e-02 -1.489933166447230117e-01
3.205129860364375194e-02 -1.570494702041700386e-01
3.615784144005795842e-02 -1.648093341771378617e-01
4.050702638550263135e-02 -1.722716342065019890e-01
4.509775855592612626e-02 -1.794368786408933325e-01
4.992888225905456334e-02 -1.863071650775842414e-01
5.499918128533154427e-02 -1.928859689990199411e-01
6.030737921409157209e-02 -1.991779198125873118e-01
6.585213973489323358e-02 -2.051885697311856827e-01
7.163206698392743377e-02 -2.109241609195096623e-01
7.764570589541863743e-02 -2.163913961799454611e-01
8.389154256793041053e-02 -2.215972181685815223e-01
9.036800464548166989e-02 -2.265486017256344298e-01
9.707346171337882801e-02 -2.312523633885006646e-01
1.040062257086641351e-01 -2.357149915455500899e-01
1.111645513450765232e-01 -2.399425000031346900e-01
1.185466365524179277e-01 -2.439403069975885630e-01
1.261506229302150617e-01 -2.477131409102232840e-01
1.339745962155614034e-01 -2.512649731593091795e-01
1.420165867650229341e-01 -2.545989779718469403e-01
1.502745700504856119e-01 -2.577175180021843981e-01
1.587464671688187945e-01 -2.606221540857288632e-01
1.674301453652287108e-01 -2.633136768139286432e-01
1.763234185701672008e-01 -2.657921571087611956e-01
1.854240479496642724e-01 -2.680570125757190114e-01
1.947297424689413692e-01 -2.701070861349071928e-01
2.042381594691679014e-01 -2.719407332778015496e-01
2.139469052572124941e-01 -2.735559142758358098e-01
2.238535357082431787e-01 -2.749502877755211072e-01
2.339555568810219865e-01 -2.761213024481240508e-01
2.442504256457417311e-01 -2.770662837107829568e-01
2.547355503242452190e-01 -2.777825129869868626e-01
2.654082913424666845e-01 -2.782672975105918156e-01
2.762659618949298013e-01 -2.785180292786827438e-01
2.873058286211370715e-01 -2.785322324016344386e-01
2.985251122936787294e-01 -2.783075987585673094e-01
3.099209885178879631e-01 -2.778420125166477517e-01
3.214905884428678196e-01 -2.771335646863925528e-01
3.332309994837083789e-01 -2.761805594357379934e-01
3.451392660547150104e-01 -2.749815143477757906e-01
3.572123903134606371e-01 -2.735351571575706520e-01
3.694473329154774888e-01 -2.718404217222289976e-01
3.818410137793947223e-01 -2.698964460491919959e-01
3.943903128623333920e-01 -2.677025751190637570e-01
4.070920709453594855e-01 -2.652583709851070726e-01
4.199430904288018462e-01 -2.625636322117760879e-01
4.329401361372292589e-01 -2.596184241357544220e-01
4.460799361338897429e-01 -2.564231207081603681e-01
4.593591825444023335e-01 -2.529784578260640959e-01
4.727745323894976259e-01 -2.492855971123354719e-01
4.863226084265935834e-01 -2.453461980888960170e-01
5.000000000000001110e-01 -2.411624956497371575e-01
5.138032638995313484e-01 -2.367373787222787906e-01
5.277289252273172915e-01 -2.320744650592635738e-01
5.417734782725895926e-01 -2.271781662827356552e-01
5.559333873942259308e-01 -2.220537366636226584e-01
5.702050879108284676e-01 -2.167072987232270265e-01
5.845849869981135649e-01 -2.111458386444798885e-01
5.990694645933862805e-01 -2.053771647372662212e-01
6.136548743068714895e-01 -1.994098228661346506e-01
6.283375443396724824e-01 -1.932529638676891703e-01
6.431137784081281117e-01 -1.869161595993830971e-01
6.579798566743311206e-01 -1.804091664031053366e-01
6.729320366825783939e-01 -1.737416374573319822e-01
6.879665543015128781e-01 -1.669227887403676724e-01
7.030796246717250231e-01 -1.599610271306932952e-01
7.182674431585703845e-01 -1.528635535106604437e-01
7.335261863099650226e-01 -1.456359585832620596e-01
7.488520128189207758e-01 -1.382818344089236928e-01
7.642410644905727191e-01 -1.308024303541256428e-01
7.796894672134594417e-01 -1.231963881334777466e-01
7.951933319348093443e-01 -1.154595968225980152e-01
8.107487556395898132e-01 -1.075852150059942308e-01
8.263518223330695855e-01 -9.956391347260711011e-02
8.419986040266501659e-01 -9.138439793884006734e-02
8.576851617267149397e-01 -8.303427701027232821e-02
8.734075464262507360e-01 -7.450134582479711609e-02
8.891618000989889303e-01 -6.577536038058129364e-02
9.049439566958173975e-01 -5.685038126663820301e-02
9.207500431432115162e-01 -4.772776820538284642e-02
9.365760803434354242e-01 -3.841990831080159541e-02
9.524180841762578398e-01 -2.895476109393615299e-02
9.682720665019324269e-01 -1.938130184957280108e-02
9.841340361651920166e-01 -9.775941987654761592e-03
9.999999999999998890e-01 -2.500000000000660331e-04
