9.999999999999998890e-01 2.500000000001148222e-04
9.841340361651920166e-01 1.645388148178662455e-02
9.682720665019324269e-01 3.225346986588271264e-02
9.524180841762578398e-01 4.766044032475524189e-02
9.365760803434354242e-01 6.268338144195036155e-02
9.207500431432115162e-01 7.732846596123563176e-02
9.049439566958173975e-01 9.160001606016612841e-02
8.891618000989889303e-01 1.055009721522386090e-01
8.734075464262507360e-01 1.190332745578883827e-01
8.576851617267149397e-01 1.321981675247936305e-01
8.419986040266501659e-01 1.449964350392648205e-01
8.263518223330695855e-01 1.574285776715644292e-01
8.107487556395898132e-01 1.694949393586312747e-01
7.951933319348093443e-01 1.811957925684800352e-01
7.796894672134594417e-01 1.925313897324381629e-01
7.642410644905727191e-01 2.035019881952425114e-01
7.488520128189207758e-01 2.141078552392723100e-01
7.335261863099650226e-01 2.243492590075009396e-01
7.182674431585703845e-01 2.342264503986610791e-01
7.030796246717250231e-01 2.437396402548654140e-01
6.879665543015128781e-01 2.528889754221185227e-01
6.729320366825783939e-01 2.616745165517075922e-01
6.579798566743311206e-01 2.700962198373387246e-01
6.431137784081281117e-01 2.781539242591403727e-01
6.283375443396724824e-01 2.858473453392860741e-01
6.136548743068714895e-01 2.931760759109773296e-01
5.990694645933862805e-01 3.001395939669249113e-01
5.845849869981135649e-01 3.067372772873651621e-01
5.702050879108284676e-01 3.129684242514039760e-01
5.559333873942259308e-01 3.188322800077839636e-01
5.417734782725895926e-01 3.243280670192306148e-01
5.277289252273172915e-01 3.294550188942722557e-01
5.138032638995313484e-01 3.342124163766694300e-01
5.000000000000001110e-01 3.385996243692667163e-01
4.863226084265935834e-01 3.426161289194699644e-01
4.727745323894976259e-01 3.462615731804603580e-01
4.593591825444023335e-01 3.495357914782540321e-01
4.460799361338897429e-01 3.524388407523352251e-01
4.329401361372292589e-01 3.549710287894845551e-01
4.199430904288018462e-01 3.571329388296112795e-01
4.070920709453594855e-01 3.589254502823115978e-01
3.943903128623333920e-01 3.603497554476062792e-01
3.818410137793947223e-01 3.614073722786269038e-01
3.694473329154774888e-01 3.621001533535214145e-01
3.572123903134606371e-01 3.624302913349488620e-01
3.451392660547150104e-01 3.624003212856031220e-01
3.332309994837083789e-01 3.620131202754497957e-01
3.214905884428678196e-01 3.612719047599368682e-01
3.099209885178879631e-01 3.601802262283162470e-01
2.985251122936787294e-01 3.587419656181853322e-01
2.873058286211370715e-01 3.569613269679353107e-01
2.762659618949298013e-01 3.548428307351245148e-01
2.654082913424666845e-01 3.523913071485765269e-01
2.547355503242452190e-01 3.496118898883430193e-01
2.442504256457417311e-01 3.465100103040129609e-01
2.339555568810219865e-01 3.430913922918040204e-01
2.238535357082431787e-01 3.393620478581519384e-01
2.139469052572124941e-01 3.353282733057718623e-01
2.042381594691679014e-01 3.309966458909148757e-01
1.947297424689413692e-01 3.263740207210531485e-01
1.854240479496642724e-01 3.214675275934024690e-01
1.763234185701672008e-01 3.162845674190514766e-01
1.674301453652287108e-01 3.108328078370289349e-01
1.587464671688187945e-01 3.051201775988854892e-01
1.502745700504856119e-01 2.991548592982464227e-01
1.420165867650229341e-01 2.929452800316365568e-01
1.339745962155614034e-01 2.865000996064858696e-01
1.261506229302150617e-01 2.798281959587977097e-01
1.185466365524179277e-01 2.729386475051986394e-01
1.111645513450765232e-01 2.658407122301928438e-01
1.040062257086641351e-01 2.585438033971957927e-01
9.707346171337882801e-02 2.510574618687612669e-01
9.036800464548166989e-02 2.433913251244625153e-01
8.389154256793041053e-02 2.355550931711257734e-01
7.764570589541863743e-02 2.275584916463578855e-01
7.163206698392743377e-02 2.194112325193943724e-01
6.585213973489323358e-02 2.111229728901135028e-01
6.030737921409157209e-02 2.027032724746495596e-01
5.499918128533154427e-02 1.941615504416861204e-01
4.992888225905456334e-02 1.855070423248078859e-01
4.509775855592612626e-02 1.767487577811951149e-01
4.050702638550263135e-02 1.678954399938476505e-01
3.615784144005795842e-02 1.589555275223172859e-01
3.205129860364375194e-02 1.499371193949235459e-01
2.818843167645834757e-02 1.408479442035703855e-01
2.457021311459295365e-02 1.316953339109291354e-01
2.119755378522125699e-02 1.224862030098594345e-01
1.807130273729329328e-02 1.132270335878869799e-01
1.519224698779197968e-02 1.039238667472278804e-01
1.256111132360571148e-02 9.458230071549479645e-02
1.017855811906731578e-02 8.520749585646517077e-02
8.045187169204659483e-03 7.580418665702620684e-02
6.161535538745877005e-03 6.637670062875748733e-02
4.528077426915411152e-03 5.692898392377632871e-02
3.145224048057615462e-03 4.746463332779303490e-02
2.013323528115562588e-03 3.798693416197989475e-02
1.132660816992037134e-03 2.849890350246332693e-02
5.034576168149174080e-04 1.900333801489598184e-02
1.258723261249317105e-04 9.502865604345029846e-03
0.000000000000000000e+00 0.000000000000000000e+00
1.258723261249317105e-04 -8.926079787742889973e-03
5.034576168149174080e-04 -1.782739803511881882e-02
1.132660816992037134e-03 -2.667942723908333161e-02
2.013323528115562588e-03 -3.545822691843544816e-02
3.145224048057615462e-03 -4.414071996700803802e-02
4.528077426915411152e-03 -5.270494892617066246e-02
6.161535538745877005e-03 -6.113030633127516239e-02
8.045187169204659483e-03 -6.939773398367428403e-02
1.017855811906731578e-02 -7.748988683456367599e-02
1.256111132360571148e-02 -8.539125811619766027e-02
1.519224698779197968e-02 -9.308826339388108495e-02
1.807130273729329328e-02 -1.005692823098796596e-01
2.119755378522125699e-02 -1.078246579177572495e-01
2.457021311459295365e-02 -1.148466546313718084e-01
2.818843167645834757e-02 -1.216293769056394913e-01
3.205129860364375194e-02 -1.281686517957862093e-01
3.615784144005795842e-02 -1.344618794794039673e-01
4.050702638550263135e-02 -1.405078566449458055e-01
4.509775855592612626e-02 -1.463065783282657684e-01
4.992888225905456334e-02 -1.518590242962273296e-01
5.499918128533154427e-02 -1.571669364185168949e-01
6.030737921409157209e-02 -1.622325936256820145e-01
6.585213973489323358e-02 -1.670585910183847722e-01
7.163206698392743377e-02 -1.716476294705404637e-01
7.764570589541863743e-02 -1.760023216634879761e-01
8.389154256793041053e-02 -1.801250199109192263e-01
9.036800464548166989e-02 -1.840176704013642695e-01
9.707346171337882801e-02 -1.876816976175672280e-01
1.040062257086641351e-01 -1.911179217151678655e-01
1.111645513450765232e-01 -1.943265105852300945e-01
1.185466365524179277e-01 -1.973069672175086497e-01
1.261506229302150617e-01 -2.000581518569018169e-01
1.339745962155614034e-01 -2.025783373381967734e-01
1.420165867650229341e-01 -2.048652949278051971e-01
1.502745700504856119e-01 -2.069164070284969514e-01
1.587464671688187945e-01 -2.087288022449676483e-01
1.674301453652287108e-01 -2.102995075922379498e-01
1.763234185701672008e-01 -2.116256120794159645e-01
1.854240479496642724e-01 -2.127044355376337126e-01
1.947297424689413692e-01 -2.135336963971060653e-01
2.042381594691679014e-01 -2.141116721624946317e-01
2.139469052572124941e-01 -2.144373465900667741e-01
2.238535357082431787e-01 -2.145105380300166287e-01
2.339555568810219865e-01 -2.143320040516793479e-01
2.442504256457417311e-01 -2.139035183007095275e-01
2.547355503242452190e-01 -2.132279165219593819e-01
2.654082913424666845e-01 -2.123091097905087932e-01
2.762659618949298013e-01 -2.111520641918164243e-01
2.873058286211370715e-01 -2.097627474419341553e-01
2.985251122936787294e-01 -2.081480441986730823e-01
3.099209885178879631e-01 -2.063156430410891806e-01
3.214905884428678196e-01 -2.042738992434566248e-01
3.332309994837083789e-01 -2.020316784974281743e-01
3.451392660547150104e-01 -1.995981876006653055e-01
3.572123903134606371e-01 -1.969827987935858782e-01
3.694473329154774888e-01 -1.941948748544107539e-01
3.818410137793947223e-01 -1.912436022288991899e-01
3.943903128623333920e-01 -1.881378393547449568e-01
4.070920709453594855e-01 -1.848859869297137248e-01
4.199430904288018462e-01 -1.814958861646200627e-01
4.329401361372292589e-01 -1.779747500646801373e-01
4.460799361338897429e-01 -1.743291315136481778e-01
4.593591825444023335e-01 -1.705649304233587404e-01
4.727745323894976259e-01 -1.666874404965572598e-01
4.863226084265935834e-01 -1.627014342834828264e-01
5.000000000000001110e-01 -1.586112832527935279e-01
5.138032638995313484e-01 -1.544211076144039740e-01
5.277289252273172915e-01 -1.501349487028318941e-01
5.417734782725895926e-01 -1.457569549383727625e-01
5.559333873942259308e-01 -1.412915708181519958e-01
5.702050879108284676e-01 -1.367437171409150998e-01
5.845849869981135649e-01 -1.321189498298870335e-01
5.990694645933862805e-01 -1.274235843769220278e-01
6.136548743068714895e-01 -1.226647731739172603e-01
6.283375443396724824e-01 -1.178505239026047952e-01
6.431137784081281117e-01 -1.129896487904033381e-01
6.579798566743311206e-01 -1.080916369649408265e-01
6.729320366825783939e-01 -1.031664453955103145e-01
6.879665543015128781e-01 -9.822420802152656560e-02
7.030796246717250231e-01 -9.327486764235749794e-02
7.182674431585703845e-01 -8.832774096512291395e-02
7.335261863099650226e-01 -8.339103384006708863e-02
7.488520128189207758e-01 -7.847133109613414759e-02
7.642410644905727191e-01 -7.357309343716592065e-02
7.796894672134594417e-01 -6.869820246171670641e-02
7.951933319348093443e-01 -6.384560389234743283e-02
8.107487556395898132e-01 -5.901110838512164253e-02
8.263518223330695855e-01 -5.418741865609339597e-02
8.419986040266501659e-01 -4.936446090738409037e-02
8.576851617267149397e-01 -4.453010744126176257e-02
8.734075464262507360e-01 -3.967138568136856919e-02
8.891618000989889303e-01 -3.477627632889707110e-02
9.049439566958173975e-01 -2.983620981309348386e-02
9.207500431432115162e-01 -2.484937529132834333e-02
9.365760803434354242e-01 -1.982495995654660545e-02
9.524180841762578398e-01 -1.478843806771846722e-02
9.682720665019324269e-01 -9.788028691824110852e-03
9.841340361651920166e-01 -4.902438410543680063e-03
9.999999999999998890e-01 -2.500000000000313386e-04
