9.999999999999998890e-01 2.500000000001011071e-04
9.841340361651920166e-01 1.443253130681344115e-02
9.682720665019324269e-01 2.814743015405086340e-02
9.524180841762578398e-01 4.147748818459572051e-02
9.365760803434354242e-01 5.447976471930075781e-02
9.207500431432115162e-01 6.719116709753331085e-02
9.049439566958173975e-01 7.963323366157404326e-02
8.891618000989889303e-01 9.181617397685543080e-02
8.734075464262507360e-01 1.037422250212870489e-01
8.576851617267149397e-01 1.154083848481207292e-01
8.419986040266501659e-01 1.268085867147915324e-01
8.263518223330695855e-01 1.379353769753463577e-01
8.107487556395898132e-01 1.487811592677385497e-01
7.951933319348093443e-01 1.593390658090219625e-01
7.796894672134594417e-01 1.696035140665345664e-01
7.642410644905727191e-01 1.795705038298389400e-01
7.488520128189207758e-01 1.892377058954394786e-01
7.335261863099650226e-01 1.986043893214644307e-01
7.182674431585703845e-01 2.076712296361695742e-01
7.030796246717250231e-01 2.164400356102690048e-01
6.879665543015128781e-01 2.249134273393742223e-01
6.729320366825783939e-01 2.330944935311922706e-01
6.579798566743311206e-01 2.409864511446453694e-01
6.431137784081281117e-01 2.485923259660267615e-01
6.283375443396724824e-01 2.559146684005513817e-01
6.136548743068714895e-01 2.629553147642464395e-01
5.990694645933862805e-01 2.697152007272023422e-01
5.845849869981135649e-01 2.761942303190401682e-01
5.702050879108284676e-01 2.823912010838644515e-01
5.559333873942259308e-01 2.883037835767733315e-01
5.417734782725895926e-01 2.939285514287520162e-01
5.277289252273172915e-01 2.992610566636089708e-01
5.138032638995313484e-01 3.042959438132433747e-01
5.000000000000001110e-01 3.090270956222973542e-01
4.863226084265935834e-01 3.134478027303142511e-01
4.727745323894976259e-01 3.175509496340078730e-01
4.593591825444023335e-01 3.213292094255292275e-01
4.460799361338897429e-01 3.247752402333840549e-01
4.329401361372292589e-01 3.278818769182664794e-01
4.199430904288018462e-01 3.306423123534549258e-01
4.070920709453594855e-01 3.330502635062814742e-01
3.943903128623333920e-01 3.351001184928323329e-01
3.818410137793947223e-01 3.367870617642622633e-01
3.694473329154774888e-01 3.381071755648843991e-01
3.572123903134606371e-01 3.390575167482727248e-01
3.451392660547150104e-01 3.396361689209361767e-01
3.332309994837083789e-01 3.398422706812210814e-01
3.214905884428678196e-01 3.396760214161771985e-01
3.099209885178879631e-01 3.391386666982229015e-01
2.985251122936787294e-01 3.382324657783074562e-01
2.873058286211370715e-01 3.369606439991874036e-01
2.762659618949298013e-01 3.353273331519990297e-01
2.654082913424666845e-01 3.333375028759932301e-01
2.547355503242452190e-01 3.309968861630748771e-01
2.442504256457417311e-01 3.283119018865979233e-01
2.339555568810219865e-01 3.252895770410673126e-01
2.238535357082431787e-01 3.219374710712480381e-01
2.139469052572124941e-01 3.182636043021859762e-01
2.042381594691679014e-01 3.142763920730445859e-01
1.947297424689413692e-01 3.099845857448150221e-01
1.854240479496642724e-01 3.053972213118654189e-01
1.763234185701672008e-01 3.005235759160623243e-01
1.674301453652287108e-01 2.953731321546334554e-01
1.587464671688187945e-01 2.899555497021717443e-01
1.502745700504856119e-01 2.842806434443571617e-01
1.420165867650229341e-01 2.783583670550032751e-01
1.339745962155614034e-01 2.721988007454902991e-01
1.261506229302150617e-01 2.658121417806130204e-01
1.185466365524179277e-01 2.592086962889910140e-01
1.111645513450765232e-01 2.523988708986959484e-01
1.040062257086641351e-01 2.453931627966298157e-01
9.707346171337882801e-02 2.382021469383448220e-01
9.036800464548166989e-02 2.308364593164900502e-01
8.389154256793041053e-02 2.233067754224557222e-01
7.764570589541863743e-02 2.156237832973685875e-01
7.163206698392743377e-02 2.077981508548089606e-01
6.585213973489323358e-02 1.998404874574140067e-01
6.030737921409157209e-02 1.917613000316611693e-01
5.499918128533154427e-02 1.835709442985773154e-01
4.992888225905456334e-02 1.752795719724250523e-01
4.509775855592612626e-02 1.668970750249289814e-01
4.050702638550263135e-02 1.584330283208478518e-01
3.615784144005795842e-02 1.498966320945572250e-01
3.205129860364375194e-02 1.412966558511984383e-01
2.818843167645834757e-02 1.326413853360531303e-01
2.457021311459295365e-02 1.239385742200273949e-01
2.119755378522125699e-02 1.151954020972586479e-01
1.807130273729329328e-02 1.064184402844401689e-01
1.519224698779197968e-02 9.761362675379997578e-02
1.256111132360571148e-02 8.878625132765639860e-02
1.017855811906731578e-02 7.994095201844216014e-02
8.045187169204659483e-03 7.108172312158546335e-02
6.161535538745877005e-03 6.221193536821426756e-02
4.528077426915411152e-03 5.333436812952334349e-02
3.145224048057615462e-03 4.445125334454178706e-02
2.013323528115562588e-03 3.556433052768364494e-02
1.132660816992037134e-03 2.667491191156939542e-02
5.034576168149174080e-04 1.778395650329028105e-02
1.258723261249317105e-04 8.892151587007670818e-03
0.000000000000000000e+00 0.000000000000000000e+00
1.258723261249317105e-04 -8.243538962408352572e-03
5.034576168149174080e-04 -1.646218428629162706e-02
1.132660816992037134e-03 -2.463129520128055222e-02
2.013323528115562588e-03 -3.272685504563972725e-02
3.145224048057615462e-03 -4.072576474818020986e-02
4.528077426915411152e-03 -4.860611459406666973e-02
6.161535538745877005e-03 -5.634742798516791801e-02
8.045187169204659483e-03 -6.393087168440006463e-02
1.017855811906731578e-02 -7.133942796444474321e-02
1.256111132360571148e-02 -7.855802513768321560e-02
1.519224698779197968e-02 -8.557362409592925157e-02
1.807130273729329328e-02 -9.237525970247370544e-02
2.119755378522125699e-02 -9.895403712022805831e-02
2.457021311459295365e-02 -1.053030843925079618e-01
2.818843167645834757e-02 -1.114174637816171959e-01
3.205129860364375194e-02 -1.172940454803330784e-01
3.615784144005795842e-02 -1.229313483103023352e-01
4.050702638550263135e-02 -1.283293528799288596e-01
4.509775855592612626e-02 -1.334892933672422177e-01
4.992888225905456334e-02 -1.384134345998167259e-01
5.499918128533154427e-02 -1.431048414087979781e-01
6.030737921409157209e-02 -1.475671473279959456e-01
6.585213973489323358e-02 -1.518043295885627142e-01
7.163206698392743377e-02 -1.558204970280069879e-01
7.764570589541863743e-02 -1.596196969986109493e-01
8.389154256793041053e-02 -1.632057466401940493e-01
9.036800464548166989e-02 -1.665820929969081821e-01
9.707346171337882801e-02 -1.697517054338563980e-01
1.040062257086641351e-01 -1.727170026778449274e-01
1.111645513450765232e-01 -1.754798156022556732e-01
1.185466365524179277e-01 -1.780413856363347591e-01
1.261506229302150617e-01 -1.804023974432904520e-01
1.339745962155614034e-01 -1.825630433191671731e-01
1.420165867650229341e-01 -1.845231156545798223e-01
1.502745700504856119e-01 -1.862821228112867267e-01
1.587464671688187945e-01 -1.878394229295092532e-01
1.674301453652287108e-01 -1.891943695300286610e-01
1.763234185701672008e-01 -1.903464623324266913e-01
1.854240479496642724e-01 -1.912954964963975990e-01
1.947297424689413692e-01 -1.920417035190362942e-01
2.042381594691679014e-01 -1.925858772922064976e-01
2.139469052572124941e-01 -1.929294793375432859e-01
2.238535357082431787e-01 -1.930747179813786796e-01
2.339555568810219865e-01 -1.930245971890096890e-01
2.442504256457417311e-01 -1.927829319206892378e-01
2.547355503242452190e-01 -1.923543281667834115e-01
2.654082913424666845e-01 -1.917441272265542063e-01
2.762659618949298013e-01 -1.909583152683685947e-01
2.873058286211370715e-01 -1.900034006988626789e-01
2.985251122936787294e-01 -1.888862633218180154e-01
3.099209885178879631e-01 -1.876139806298492418e-01
3.214905884428678196e-01 -1.861936377892632888e-01
3.332309994837083789e-01 -1.846321288982736841e-01
3.451392660547150104e-01 -1.829359578724051860e-01
3.572123903134606371e-01 -1.811110477950498010e-01
3.694473329154774888e-01 -1.791625677294389485e-01
3.818410137793947223e-01 -1.770947857932013425e-01
3.943903128623333920e-01 -1.749109567307587099e-01
4.070920709453594855e-01 -1.726132512761301141e-01
4.199430904288018462e-01 -1.702027332858534747e-01
4.329401361372292589e-01 -1.676793889586084552e-01
4.460799361338897429e-01 -1.650422104784743382e-01
4.593591825444023335e-01 -1.622893341702934256e-01
4.727745323894976259e-01 -1.594182307998340820e-01
4.863226084265935834e-01 -1.564259430630372538e-01
5.000000000000001110e-01 -1.533093626745133664e-01
5.138032638995313484e-01 -1.500655368834289405e-01
5.277289252273172915e-01 -1.466919918219341812e-01
5.417734782725895926e-01 -1.431870579413488387e-01
5.559333873942259308e-01 -1.395501810330730119e-01
5.702050879108284676e-01 -1.357822010851837402e-01
5.845849869981135649e-01 -1.318855806113782003e-01
5.990694645933862805e-01 -1.278645642215453793e-01
6.136548743068714895e-01 -1.237252521904070868e-01
6.283375443396724824e-01 -1.194755727189798222e-01
6.431137784081281117e-01 -1.151251405552693452e-01
6.579798566743311206e-01 -1.106849937100477105e-01
6.729320366825783939e-01 -1.061672052142287603e-01
6.879665543015128781e-01 -1.015843732357535473e-01
7.030796246717250231e-01 -9.694900039889159382e-02
7.182674431585703845e-01 -9.227278179140196990e-02
7.335261863099650226e-01 -8.756583083824948099e-02
7.488520128189207758e-01 -8.283588286562608427e-02
7.642410644905727191e-01 -7.808752764414481073e-02
7.796894672134594417e-01 -7.332153432057418596e-02
7.951933319348093443e-01 -6.853434472635219765e-02
8.107487556395898132e-01 -6.371782386025566514e-02
8.263518223330695855e-01 -5.885936912486806893e-02
8.419986040266501659e-01 -5.394249236842822010e-02
8.576851617267149397e-01 -4.894800063898324671e-02
8.734075464262507360e-01 -4.385591247158057010e-02
8.891618000989889303e-01 -3.864825616279816273e-02
9.049439566958173975e-01 -3.331290449315446600e-02
9.207500431432115162e-01 -2.784860638746845460e-02
9.365760803434354242e-01 -2.227137971079570442e-02
9.524180841762578398e-01 -1.662243044888864901e-02
9.682720665019324269e-01 -1.097776160105432691e-02
9.841340361651920166e-01 -5.459629929034262412e-03
9.999999999999998890e-01 -2.500000000000348081e-04
