9.999999999999998890e-01 2.500000000000103593e-04
9.841340361651920166e-01 1.727656852802548354e-03
9.682720665019324269e-01 3.194504999093435507e-03
9.524180841762578398e-01 4.643021788550923991e-03
9.365760803434354242e-01 6.067746207795275508e-03
9.207500431432115162e-01 7.464931562087993508e-03
9.049439566958173975e-01 8.832225570297565220e-03
8.891618000989889303e-01 1.016837953996091101e-02
8.734075464262507360e-01 1.147298769726809789e-02
8.576851617267149397e-01 1.274625717728205924e-02
8.419986040266501659e-01 1.398880864077116891e-02
8.263518223330695855e-01 1.520150698293295556e-02
8.107487556395898132e-01 1.638532114233338943e-02
7.951933319348093443e-01 1.754121161087640948e-02
7.796894672134594417e-01 1.867004389177901597e-02
7.642410644905727191e-01 1.977252585547844416e-02
7.488520128189207758e-01 2.084916670513434905e-02
7.335261863099650226e-01 2.190025508478955427e-02
7.182674431585703845e-01 2.292585374409823046e-02
7.030796246717250231e-01 2.392580811255257817e-02
6.879665543015128781e-01 2.489976613107349607e-02
6.729320366825783939e-01 2.584720673650140604e-02
6.579798566743311206e-01 2.676747449092488351e-02
6.431137784081281117e-01 2.765981798819148671e-02
6.283375443396724824e-01 2.852342984902079756e-02
6.136548743068714895e-01 2.935748632805737154e-02
5.990694645933862805e-01 3.016118479477513520e-02
5.845849869981135649e-01 3.093377760895035800e-02
5.702050879108284676e-01 3.167460118393456564e-02
5.559333873942259308e-01 3.238309931067807901e-02
5.417734782725895926e-01 3.305884009602847590e-02
5.277289252273172915e-01 3.370152614416722231e-02
5.138032638995313484e-01 3.431099787443893379e-02
5.000000000000001110e-01 3.488723011703352000e-02
4.863226084265935834e-01 3.543032235531915625e-02
4.727745323894976259e-01 3.594048318605132936e-02
4.593591825444023335e-01 3.641800974284444686e-02
4.460799361338897429e-01 3.686326297157311443e-02
4.329401361372292589e-01 3.727663975691947879e-02
4.199430904288018462e-01 3.765854297602817119e-02
4.070920709453594855e-01 3.800935059787376169e-02
3.943903128623333920e-01 3.832938495594557377e-02
3.818410137793947223e-01 3.861888329839391343e-02
3.694473329154774888e-01 3.887797066571787447e-02
3.572123903134606371e-01 3.910663606388516123e-02
3.451392660547150104e-01 3.930471279348125846e-02
3.332309994837083789e-01 3.947186366658202855e-02
3.214905884428678196e-01 3.960757169640128500e-02
3.099209885178879631e-01 3.971113668454490792e-02
2.985251122936787294e-01 3.978167796125754024e-02
2.873058286211370715e-01 3.981814335982210296e-02
2.762659618949298013e-01 3.981932433170599223e-02
2.654082913424666845e-01 3.978387693848344647e-02
2.547355503242452190e-01 3.971034829414409745e-02
2.442504256457417311e-01 3.959720788099695132e-02
2.339555568810219865e-01 3.944288302750612041e-02
2.238535357082431787e-01 3.924579772013720574e-02
2.139469052572124941e-01 3.900441382625376846e-02
2.042381594691679014e-01 3.871727373334830219e-02
1.947297424689413692e-01 3.838304336292391178e-02
1.854240479496642724e-01 3.800055449606822705e-02
1.763234185701672008e-01 3.756884535248682794e-02
1.674301453652287108e-01 3.708719839519677985e-02
1.587464671688187945e-01 3.655517438834432475e-02
1.502745700504856119e-01 3.597264181427126811e-02
1.420165867650229341e-01 3.533980085606040072e-02
1.339745962155614034e-01 3.465720127092265096e-02
1.261506229302150617e-01 3.392575361511852849e-02
1.185466365524179277e-01 3.314673342946156814e-02
1.111645513450765232e-01 3.232177815239206664e-02
1.040062257086641351e-01 3.145287669150043097e-02
9.707346171337882801e-02 3.054235175048114828e-02
9.036800464548166989e-02 2.959283517303708255e-02
8.389154256793041053e-02 2.860723672451720781e-02
7.764570589541863743e-02 2.758870688247860858e-02
7.163206698392743377e-02 2.654059434554919064e-02
6.585213973489323358e-02 2.546639909285079370e-02
6.030737921409157209e-02 2.436972193108964679e-02
5.499918128533154427e-02 2.325421155090845807e-02
4.992888225905456334e-02 2.212351017635320882e-02
4.509775855592612626e-02 2.098119892995893576e-02
4.050702638550263135e-02 1.983074405014727953e-02
3.615784144005795842e-02 1.867544508703690084e-02
3.205129860364375194e-02 1.751838616761211900e-02
2.818843167645834757e-02 1.636239136223672022e-02
2.457021311459295365e-02 1.520998510300525589e-02
2.119755378522125699e-02 1.406335850215403339e-02
1.807130273729329328e-02 1.292434229791153237e-02
1.519224698779197968e-02 1.179438701835834255e-02
1.256111132360571148e-02 1.067455080403328059e-02
1.017855811906731578e-02 9.565495170389329629e-03
8.045187169204659483e-03 8.467488825199171593e-03
6.161535538745877005e-03 7.380419487202077335e-03
4.528077426915411152e-03 6.303813484289985843e-03
3.145224048057615462e-03 5.236862745958526834e-03
2.013323528115562588e-03 4.178458649094778272e-03
1.132660816992037134e-03 3.127232031779628597e-03
5.034576168149174080e-04 2.081598559733555988e-03
1.258723261249317105e-04 1.039808517114299870e-03
0.000000000000000000e+00 0.000000000000000000e+00
1.258723261249317105e-04 -9.001367802715131480e-04
5.034576168149174080e-04 -1.795546250496340328e-03
1.132660816992037134e-03 -2.681520018822403442e-03
2.013323528115562588e-03 -3.553511626391839956e-03
3.145224048057615462e-03 -4.407213084889561629e-03
4.528077426915411152e-03 -5.238626206585647593e-03
6.161535538745877005e-03 -6.044127182586970549e-03
8.045187169204659483e-03 -6.820523023258751039e-03
1.017855811906731578e-02 -7.565098665317735935e-03
1.256111132360571148e-02 -8.275653768353043518e-03
1.519224698779197968e-02 -8.950528464246270896e-03
1.807130273729329328e-02 -9.588617580342373783e-03
2.119755378522125699e-02 -1.018937312507795130e-02
2.457021311459295365e-02 -1.075279509665023198e-02
2.818843167645834757e-02 -1.127941094466806612e-02
3.205129860364375194e-02 -1.177024427508193208e-02
3.615784144005795842e-02 -1.222677363378029194e-02
4.050702638550263135e-02 -1.265088242817435579e-02
4.509775855592612626e-02 -1.304480124349656142e-02
4.992888225905456334e-02 -1.341104397668277382e-02
5.499918128533154427e-02 -1.375233934163220921e-02
6.030737921409157209e-02 -1.407155939224291261e-02
6.585213973489323358e-02 -1.437164676174831554e-02
7.163206698392743377e-02 -1.465554232737093301e-02
7.764570589541863743e-02 -1.492611497803394277e-02
8.389154256793041053e-02 -1.518609509073444962e-02
9.036800464548166989e-02 -1.543801321010665820e-02
9.707346171337882801e-02 -1.568414527858568927e-02
1.040062257086641351e-01 -1.592646558522425870e-02
1.111645513450765232e-01 -1.616660839423204182e-02
1.185466365524179277e-01 -1.640583898502096655e-02
1.261506229302150617e-01 -1.664503458984268464e-02
1.339745962155614034e-01 -1.688467545931824146e-02
1.420165867650229341e-01 -1.712484602687808569e-02
1.502745700504856119e-01 -1.736524588705093061e-02
1.587464671688187945e-01 -1.760521005629789304e-02
1.674301453652287108e-01 -1.784373775508284882e-02
1.763234185701672008e-01 -1.807952874210182539e-02
1.854240479496642724e-01 -1.831102605150401741e-02
1.947297424689413692e-01 -1.853646383626095587e-02
2.042381594691679014e-01 -1.875391890948052004e-02
2.139469052572124941e-01 -1.896136450337305990e-02
2.238535357082431787e-01 -1.915672473467990369e-02
2.339555568810219865e-01 -1.933792827649115018e-02
2.442504256457417311e-01 -1.950295978919921666e-02
2.547355503242452190e-01 -1.964990775640056142e-02
2.654082913424666845e-01 -1.977700750229530527e-02
2.762659618949298013e-01 -1.988267833189500886e-02
2.873058286211370715e-01 -1.996555392949513064e-02
2.985251122936787294e-01 -2.002450536887786028e-02
3.099209885178879631e-01 -2.005865632431056908e-02
3.214905884428678196e-01 -2.006739031772667575e-02
3.332309994837083789e-01 -2.005035008723098436e-02
3.451392660547150104e-01 -2.000742940774641668e-02
3.572123903134606371e-01 -1.993875792867217875e-02
3.694473329154774888e-01 -1.984467980850273400e-02
3.818410137793947223e-01 -1.972572711550635988e-02
3.943903128623333920e-01 -1.958258912043563810e-02
4.070920709453594855e-01 -1.941607872630208773e-02
4.199430904288018462e-01 -1.922709735695224756e-02
4.329401361372292589e-01 -1.901659965715830902e-02
4.460799361338897429e-01 -1.878555934011713613e-02
4.593591825444023335e-01 -1.853493745300172080e-02
4.727745323894976259e-01 -1.826565421840503287e-02
4.863226084265935834e-01 -1.797856545159853131e-02
5.000000000000001110e-01 -1.767444435451205609e-02
5.138032638995313484e-01 -1.735396925279345665e-02
5.277289252273172915e-01 -1.701771757926679937e-02
5.417734782725895926e-01 -1.666616612399313482e-02
5.559333873942259308e-01 -1.629969727757748718e-02
5.702050879108284676e-01 -1.591861070102654901e-02
5.845849869981135649e-01 -1.552313957381155907e-02
5.990694645933862805e-01 -1.511347031384990477e-02
6.136548743068714895e-01 -1.468976444117000256e-02
6.283375443396724824e-01 -1.425218108330375891e-02
6.431137784081281117e-01 -1.380089850682822070e-02
6.579798566743311206e-01 -1.333613301711431172e-02
6.729320366825783939e-01 -1.285815360735211195e-02
6.879665543015128781e-01 -1.236729086704633183e-02
7.030796246717250231e-01 -1.186393888644377177e-02
7.182674431585703845e-01 -1.134854922179232180e-02
7.335261863099650226e-01 -1.082161641967674393e-02
7.488520128189207758e-01 -1.028365513714277549e-02
7.642410644905727191e-01 -9.735169535392284440e-03
7.796894672134594417e-01 -9.176616363109861910e-03
7.951933319348093443e-01 -8.608363972591018959e-03
8.107487556395898132e-01 -8.030650416386633794e-03
8.263518223330695855e-01 -7.443544739767874417e-03
8.419986040266501659e-01 -6.846916597650862593e-03
8.576851617267149397e-01 -6.240420363653596814e-03
8.734075464262507360e-01 -5.623500941113863082e-03
8.891618000989889303e-01 -4.995429506368351778e-03
9.049439566958173975e-01 -4.355378386692042129e-03
9.207500431432115162e-01 -3.702545170875952071e-03
9.365760803434354242e-01 -3.036336940343770021e-03
9.524180841762578398e-01 -2.356626163373257317e-03
9.682720665019324269e-01 -1.664090284893726679e-03
9.841340361651920166e-01 -9.606473406729132934e-04
9.999999999999998890e-01 -2.500000000000049383e-04
