9.999999999999998890e-01 2.500000000000683642e-04
9.841340361651920166e-01 9.758098425712071269e-03
9.682720665019324269e-01 1.880610233855819352e-02
9.524180841762578398e-01 2.747631912518497602e-02
9.365760803434354242e-01 3.582458300386545669e-02
9.207500431432115162e-01 4.388601926668476289e-02
9.049439566958173975e-01 5.168001204323772330e-02
8.891618000989889303e-01 5.921442659404605596e-02
8.734075464262507360e-01 6.648914156646962281e-02
8.576851617267149397e-01 7.349894973694388878e-02
8.419986040266501659e-01 8.023588760049207846e-02
8.263518223330695855e-01 8.669105484467405642e-02
8.107487556395898132e-01 9.285598436441606929e-02
7.951933319348093443e-01 9.872362214892221877e-02
7.796894672134594417e-01 1.042889742203894909e-01
7.642410644905727191e-01 1.095494749482941871e-01
7.488520128189207758e-01 1.145051276254413913e-01
7.335261863099650226e-01 1.191584642945471423e-01
7.182674431585703845e-01 1.235143675754851733e-01
7.030796246717250231e-01 1.275797927771491480e-01
6.879665543015128781e-01 1.313634239912112034e-01
6.729320366825783939e-01 1.348752932569864116e-01
6.579798566743311206e-01 1.381263873470501002e-01
6.431137784081281117e-01 1.411282623320973539e-01
6.283375443396724824e-01 1.438926819099517751e-01
6.136548743068714895e-01 1.464312915856939568e-01
5.990694645933862805e-01 1.487553372143963770e-01
5.845849869981135649e-01 1.508754332004922649e-01
5.702050879108284676e-01 1.528013828130155849e-01
5.559333873942259308e-01 1.545420506379748260e-01
5.417734782725895926e-01 1.561052851522834461e-01
5.277289252273172915e-01 1.574978877631922625e-01
5.138032638995313484e-01 1.587256234001512556e-01
5.000000000000001110e-01 1.597932668523895094e-01
4.863226084265935834e-01 1.607046784890880098e-01
4.727745323894976259e-01 1.614629027487194390e-01
4.593591825444023335e-01 1.620702828049871425e-01
4.460799361338897429e-01 1.625285850711777058e-01
4.329401361372292589e-01 1.628391276534121579e-01
4.199430904288018462e-01 1.630029074664617050e-01
4.070920709453594855e-01 1.630207214441484753e-01
3.943903128623333920e-01 1.628932780718860551e-01
3.818410137793947223e-01 1.626212963057550587e-01
3.694473329154774888e-01 1.622055897876222286e-01
3.572123903134606371e-01 1.616471350895331005e-01
3.451392660547150104e-01 1.609471234971268094e-01
3.332309994837083789e-01 1.601069965494638647e-01
3.214905884428678196e-01 1.591284661741113604e-01
3.099209885178879631e-01 1.580135207787006224e-01
2.985251122936787294e-01 1.567644190749503119e-01
2.873058286211370715e-01 1.553836737140606161e-01
2.762659618949298013e-01 1.538740270031511981e-01
2.654082913424666845e-01 1.522384210544245886e-01
2.547355503242452190e-01 1.504799646986360040e-01
2.442504256457417311e-01 1.486018993817043998e-01
2.339555568810219865e-01 1.466075660696809224e-01
2.238535357082431787e-01 1.445003749263521764e-01
2.139469052572124941e-01 1.422837792143051283e-01
2.042381594691679014e-01 1.399612545198203328e-01
1.947297424689413692e-01 1.375362840301863898e-01
1.854240479496642724e-01 1.350123502143245613e-01
1.763234185701672008e-01 1.323929328885881662e-01
1.674301453652287108e-01 1.296815133027051092e-01
1.587464671688187945e-01 1.268815835679716897e-01
1.502745700504856119e-01 1.239966604810932987e-01
1.420165867650229341e-01 1.210303025805668092e-01
1.339745962155614034e-01 1.179861291141111740e-01
1.261506229302150617e-01 1.148678394989965518e-01
1.185466365524179277e-01 1.116792318235704656e-01
1.111645513450765232e-01 1.084242189669774314e-01
1.040062257086641351e-01 1.051068410020774141e-01
9.707346171337882801e-02 1.017312726890426122e-01
9.036800464548166989e-02 9.830182505749783528e-02
8.389154256793041053e-02 9.482294030542555430e-02
7.764570589541863743e-02 9.129917950428038942e-02
7.163206698392743377e-02 8.773520288199047890e-02
6.585213973489323358e-02 8.413574274840247835e-02
6.030737921409157209e-02 8.050556942079839517e-02
5.499918128533154427e-02 7.684945079009880553e-02
4.992888225905456334e-02 7.317210643153833349e-02
4.509775855592612626e-02 6.947815739801738166e-02
4.050702638550263135e-02 6.577207303214298306e-02
3.615784144005795842e-02 6.205811628762491344e-02
3.205129860364375194e-02 5.834028915708332208e-02
2.818843167645834757e-02 5.462227985799359559e-02
2.457021311459295365e-02 5.090741342963357730e-02
2.119755378522125699e-02 4.719860734143996317e-02
1.807130273729329328e-02 4.349833360873475718e-02
1.519224698779197968e-02 3.980858875859744073e-02
1.256111132360571148e-02 3.613087279147281922e-02
1.017855811906731578e-02 3.246617804901327092e-02
8.045187169204659483e-03 2.881498863289068749e-02
6.161535538745877005e-03 2.517729073103762774e-02
4.528077426915411152e-03 2.155259390579344903e-02
3.145224048057615462e-03 1.793996309197094796e-02
2.013323528115562588e-03 1.433806075121156660e-02
1.132660816992037134e-03 1.074519834134861178e-02
5.034576168149174080e-04 7.159395994537388896e-03
1.258723261249317105e-04 3.578449063655391327e-03
0.000000000000000000e+00 0.000000000000000000e+00
1.258723261249317105e-04 -3.211202149838177262e-03
5.034576168149174080e-04 -6.409981544910373259e-03
1.132660816992037134e-03 -9.584018047153938444e-03
2.013323528115562588e-03 -1.272131860649534582e-02
3.145224048057615462e-03 -1.581037084274014570e-02
4.528077426915411152e-03 -1.884028497927164522e-02
6.161535538745877005e-03 -2.180092076242196031e-02
8.045187169204659483e-03 -2.468299642390076043e-02
1.017855811906731578e-02 -2.747817724959583305e-02
1.256111132360571148e-02 -3.017914189173790535e-02
1.519224698779197968e-02 -3.277962518619756405e-02
1.807130273729329328e-02 -3.527443689436945973e-02
2.119755378522125699e-02 -3.765945646055072343e-02
2.457021311459295365e-02 -3.993160454129355413e-02
2.818843167645834757e-02 -4.208879270341305684e-02
3.205129860364375194e-02 -4.412985328332618556e-02
3.615784144005795842e-02 -4.605445193458927028e-02
4.050702638550263135e-02 -4.786298584704224562e-02
4.509775855592612626e-02 -4.955647098623082447e-02
4.992888225905456334e-02 -5.113642196478103419e-02
5.499918128533154427e-02 -5.260472831014748746e-02
6.030737921409157209e-02 -5.396353093090029696e-02
6.585213973489323358e-02 -5.521510250513769064e-02
7.163206698392743377e-02 -5.636173532189330676e-02
7.764570589541863743e-02 -5.740563980522005866e-02
8.389154256793041053e-02 -5.834885655000233984e-02
9.036800464548166989e-02 -5.919318421064653779e-02
9.707346171337882801e-02 -5.994012502362262851e-02
1.040062257086641351e-01 -6.059084912979222776e-02
1.111645513450765232e-01 -6.114617821191765251e-02
1.185466365524179277e-01 -6.160658829745084553e-02
1.261506229302150617e-01 -6.197223091818348378e-02
1.339745962155614034e-01 -6.224297118828564512e-02
1.420165867650229341e-01 -6.241844078184480976e-02
1.502745700504856119e-01 -6.249810328023478606e-02
1.587464671688187945e-01 -6.248132893667905641e-02
1.674301453652287108e-01 -6.236747558596485858e-02
1.763234185701672008e-01 -6.215597222416763962e-02
1.854240479496642724e-01 -6.184640170572747869e-02
1.947297424689413692e-01 -6.143857905866047936e-02
2.042381594691679014e-01 -6.093262210428266462e-02
2.139469052572124941e-01 -6.032901138238099675e-02
2.238535357082431787e-01 -5.962863681865069460e-02
2.339555568810219865e-01 -5.883282911641002366e-02
2.442504256457417311e-01 -5.794337449288338576e-02
2.547355503242452190e-01 -5.696251209163982060e-02
2.654082913424666845e-01 -5.589291416359803283e-02
2.762659618949298013e-01 -5.473764989305454631e-02
2.873058286211370715e-01 -5.350013452402220537e-02
2.985251122936787294e-01 -5.218406618601115904e-02
3.099209885178879631e-01 -5.079335349701958463e-02
3.214905884428678196e-01 -4.933203760519222492e-02
3.332309994837083789e-01 -4.780421279108979654e-02
3.451392660547150104e-01 -4.621395006400848271e-02
3.572123903134606371e-01 -4.456522832598989320e-02
3.694473329154774888e-01 -4.286187762818951391e-02
3.818410137793947223e-01 -4.110753879359364121e-02
3.943903128623333920e-01 -3.930564322129242311e-02
4.070920709453594855e-01 -3.745941602108739110e-02
4.199430904288018462e-01 -3.557190476097685933e-02
4.329401361372292589e-01 -3.364603505967320857e-02
4.460799361338897429e-01 -3.168469304539539566e-02
4.593591825444023335e-01 -2.969083336241875454e-02
4.727745323894976259e-01 -2.766760997771426644e-02
4.863226084265935834e-01 -2.561852556834224789e-02
5.000000000000001110e-01 -2.354759380967795870e-02
5.138032638995313484e-01 -2.145950749452348386e-02
5.277289252273172915e-01 -1.935980415794890871e-02
5.417734782725895926e-01 -1.725501983005537504e-02
5.559333873942259308e-01 -1.515282075849202874e-02
5.702050879108284676e-01 -1.306210250457658095e-02
5.845849869981135649e-01 -1.099304578989048452e-02
5.990694645933862805e-01 -8.957118919524165168e-03
6.136548743068714895e-01 -6.967017593681011298e-03
6.283375443396724824e-01 -5.036534493720346353e-03
6.431137784081281117e-01 -3.180353235199084947e-03
6.579798566743311206e-01 -1.413764151049803387e-03
6.729320366825783939e-01 2.476970784356417811e-04
6.879665543015128781e-01 1.788682691622787025e-03
7.030796246717250231e-01 3.194527835139605865e-03
7.182674431585703845e-01 4.451791544632791205e-03
7.335261863099650226e-01 5.548821827879732438e-03
7.488520128189207758e-01 6.476316276481673684e-03
7.642410644905727191e-01 7.227842506030361658e-03
7.796894672134594417e-01 7.800275263703014030e-03
7.951933319348093443e-01 8.194099372434751269e-03
8.107487556395898132e-01 8.413519945971137740e-03
8.263518223330695855e-01 8.466313669781002846e-03
8.419986040266501659e-01 8.363347574539058832e-03
8.576851617267149397e-01 8.117684819946853481e-03
8.734075464262507360e-01 7.743190755459389979e-03
8.891618000989889303e-01 7.252547136550241413e-03
9.049439566958173975e-01 6.654578059760731489e-03
9.207500431432115162e-01 5.950788146291256277e-03
9.365760803434354242e-01 5.131011957785426916e-03
9.524180841762578398e-01 4.168073766690135427e-03
9.682720665019324269e-01 3.011358812290202552e-03
9.841340361651920166e-01 1.579201220682525551e-03
9.999999999999998890e-01 -2.499999999999854227e-04
