9.999999999999998890e-01 2.500000000000618047e-04
9.841340361651920166e-01 8.995635711116107061e-03
9.682720665019324269e-01 1.755693939463911016e-02
9.524180841762578398e-01 2.593389901986630636e-02
9.365760803434354242e-01 3.412881338736305226e-02
9.207500431432115162e-01 4.214531472161766462e-02
9.049439566958173975e-01 4.998760302355427509e-02
8.891618000989889303e-01 5.765986876323783705e-02
8.734075464262507360e-01 6.516588031375114554e-02
8.576851617267149397e-01 7.250871278536304143e-02
8.419986040266501659e-01 7.969059557025327811e-02
8.263518223330695855e-01 8.671285690434213378e-02
8.107487556395898132e-01 9.357594504396801738e-02
7.951933319348093443e-01 1.002795071897638751e-01
7.796894672134594417e-01 1.068225090162827212e-01
7.642410644905727191e-01 1.132033795325629172e-01
7.488520128189207758e-01 1.194201679562502671e-01
7.335261863099650226e-01 1.254707012848024494e-01
7.182674431585703845e-01 1.313527332473969633e-01
7.030796246717250231e-01 1.370640772798167040e-01
6.879665543015128781e-01 1.426027180452987264e-01
6.729320366825783939e-01 1.479668977951798803e-01
6.579798566743311206e-01 1.531551754970514045e-01
6.431137784081281117e-01 1.581664581329940700e-01
6.283375443396724824e-01 1.630000048693335535e-01
6.136548743068714895e-01 1.676554059103412264e-01
5.990694645933862805e-01 1.721325387644860316e-01
5.845849869981135649e-01 1.764315053710032166e-01
5.702050879108284676e-01 1.805525540589535405e-01
5.559333873942259308e-01 1.844959906469243460e-01
5.417734782725895926e-01 1.882620831490838809e-01
5.277289252273172915e-01 1.918509645456301371e-01
5.138032638995313484e-01 1.952625379186599952e-01
5.000000000000001110e-01 1.984963879661773289e-01
4.863226084265935834e-01 2.015517025070072687e-01
4.727745323894976259e-01 2.044272070985447554e-01
4.593591825444023335e-01 2.071211153288122775e-01
4.460799361338897429e-01 2.096310967355545507e-01
4.329401361372292589e-01 2.119542636689343562e-01
4.199430904288018462e-01 2.140871777707934465e-01
4.070920709453594855e-01 2.160258761111016612e-01
3.943903128623333920e-01 2.177659164182136620e-01
3.818410137793947223e-01 2.193024402790307026e-01
3.694473329154774888e-01 2.206302526811291520e-01
3.572123903134606371e-01 2.217439158320666792e-01
3.451392660547150104e-01 2.226378548296641391e-01
3.332309994837083789e-01 2.233064724769089349e-01
3.214905884428678196e-01 2.237442703395630117e-01
3.099209885178879631e-01 2.239459730345693123e-01
2.985251122936787294e-01 2.239066527116193583e-01
2.873058286211370715e-01 2.236218507453875681e-01
2.762659618949298013e-01 2.230876937866471954e-01
2.654082913424666845e-01 2.223010015198294553e-01
2.547355503242452190e-01 2.212593837342105296e-01
2.442504256457417311e-01 2.199613246263904254e-01
2.339555568810219865e-01 2.184062526027866769e-01
2.238535357082431787e-01 2.165945942317422934e-01
2.139469052572124941e-01 2.145278113945666421e-01
2.042381594691679014e-01 2.122084210924505832e-01
1.947297424689413692e-01 2.096399977711740914e-01
1.854240479496642724e-01 2.068271584178572042e-01
1.763234185701672008e-01 2.037755310545144027e-01
1.674301453652287108e-01 2.004917075937067694e-01
1.587464671688187945e-01 1.969831823251142755e-01
1.502745700504856119e-01 1.932582775626560667e-01
1.420165867650229341e-01 1.893260581955039656e-01
1.339745962155614034e-01 1.851962370500103705e-01
1.261506229302150617e-01 1.808790730816731696e-01
1.185466365524179277e-01 1.763852644766498445e-01
1.111645513450765232e-01 1.717258387521918839e-01
1.040062257086641351e-01 1.669120419071242478e-01
9.707346171337882801e-02 1.619552285906853961e-01
9.036800464548166989e-02 1.568667551351684286e-01
8.389154256793041053e-02 1.516578771401842218e-01
7.764570589541863743e-02 1.463396531099462050e-01
7.163206698392743377e-02 1.409228554361319774e-01
6.585213973489323358e-02 1.354178897942542037e-01
6.030737921409157209e-02 1.298347237877614802e-01
5.499918128533154427e-02 1.241828254378664620e-01
4.992888225905456334e-02 1.184711118846517447e-01
4.509775855592612626e-02 1.127079084421394178e-01
4.050702638550263135e-02 1.069009179419736361e-01
3.615784144005795842e-02 1.010572001116660651e-01
3.205129860364375194e-02 9.518316056768516553e-02
2.818843167645834757e-02 8.928454886387515721e-02
2.457021311459295365e-02 8.336646492364999106e-02
2.119755378522125699e-02 7.743337310110269545e-02
1.807130273729329328e-02 7.148912306162205632e-02
1.519224698779197968e-02 6.553697664597885053e-02
1.256111132360571148e-02 5.957963988143935574e-02
1.017855811906731578e-02 5.361929932686872180e-02
8.045187169204659483e-03 4.765766198292871458e-02
6.161535538745877005e-03 4.169599805977351054e-02
4.528077426915411152e-03 3.573518596910817829e-02
3.145224048057615462e-03 2.977575899089609721e-02
2.013323528115562588e-03 2.381795315299995233e-02
1.132660816992037134e-03 1.786175595036439134e-02
5.034576168149174080e-04 1.190695561483943316e-02
1.258723261249317105e-04 5.953190723603523152e-03
0.000000000000000000e+00 0.000000000000000000e+00
1.258723261249317105e-04 -5.362852694903824137e-03
5.034576168149174080e-04 -1.070850583775969159e-02
1.132660816992037134e-03 -1.601989386716938524e-02
2.013323528115562588e-03 -2.128034140743510425e-02
3.145224048057615462e-03 -2.647374924306757429e-02
4.528077426915411152e-03 -3.158476957271520724e-02
6.161535538745877005e-03 -3.659896734772100785e-02
8.045187169204659483e-03 -4.150296481306802593e-02
1.017855811906731578e-02 -4.628456674440497437e-02
1.256111132360571148e-02 -5.093286430488045552e-02
1.519224698779197968e-02 -5.543831591906984990e-02
1.807130273729329328e-02 -5.979280406668151249e-02
2.119755378522125699e-02 -6.398966742362499627e-02
2.457021311459295365e-02 -6.802370830954687642e-02
2.818843167645834757e-02 -7.189117592618218811e-02
3.205129860364375194e-02 -7.558972637711382225e-02
3.615784144005795842e-02 -7.911836093462842889e-02
4.050702638550263135e-02 -8.247734445201911069e-02
4.509775855592612626e-02 -8.566810619978001973e-02
4.992888225905456334e-02 -8.869312572294570096e-02
5.499918128533154427e-02 -9.155580656728470879e-02
6.030737921409157209e-02 -9.426034089889831491e-02
6.585213973489323358e-02 -9.681156814172436897e-02
7.163206698392743377e-02 -9.921483077923784477e-02
7.764570589541863743e-02 -1.014758304111096215e-01
8.389154256793041053e-02 -1.036004870255928384e-01
9.036800464548166989e-02 -1.055948042487931393e-01
9.707346171337882801e-02 -1.074647430694164046e-01
1.040062257086641351e-01 -1.092161062203950289e-01
1.111645513450765232e-01 -1.108544350367184073e-01
1.185466365524179277e-01 -1.123849202127271685e-01
1.261506229302150617e-01 -1.138123274638265930e-01
1.339745962155614034e-01 -1.151409386692869158e-01
1.420165867650229341e-01 -1.163745086469766959e-01
1.502745700504856119e-01 -1.175162372997616417e-01
1.587464671688187945e-01 -1.185687564886228895e-01
1.674301453652287108e-01 -1.195341306401305759e-01
1.763234185701672008e-01 -1.204138697953857084e-01
1.854240479496642724e-01 -1.212089535620348296e-01
1.947297424689413692e-01 -1.219198642468401067e-01
2.042381594691679014e-01 -1.225466273279522400e-01
2.139469052572124941e-01 -1.230888573757442234e-01
2.238535357082431787e-01 -1.235458075488825858e-01
2.339555568810219865e-01 -1.239164208759969271e-01
2.442504256457417311e-01 -1.241993816784231625e-01
2.547355503242452190e-01 -1.243931656894345372e-01
2.654082913424666845e-01 -1.244960876715749121e-01
2.762659618949298013e-01 -1.245063456158576332e-01
2.873058286211370715e-01 -1.244220609129157717e-01
2.985251122936787294e-01 -1.242413142037971097e-01
3.099209885178879631e-01 -1.239621769333843354e-01
3.214905884428678196e-01 -1.235827389284757383e-01
3.332309994837083789e-01 -1.231011325916540194e-01
3.451392660547150104e-01 -1.225155545281029074e-01
3.572123903134606371e-01 -1.218242855935358082e-01
3.694473329154774888e-01 -1.210257104570149483e-01
3.818410137793947223e-01 -1.201183378043551853e-01
3.943903128623333920e-01 -1.191008222601949995e-01
4.070920709453594855e-01 -1.179719889767094493e-01
4.199430904288018462e-01 -1.167308616245302660e-01
4.329401361372292589e-01 -1.153766942303485754e-01
4.460799361338897429e-01 -1.139090069430963026e-01
4.593591825444023335e-01 -1.123276253873888020e-01
4.727745323894976259e-01 -1.106327227935505059e-01
4.863226084265935834e-01 -1.088248635960215455e-01
5.000000000000001110e-01 -1.069050466875252903e-01
5.138032638995313484e-01 -1.048747460292675515e-01
5.277289252273172915e-01 -1.027359458743219295e-01
5.417734782725895926e-01 -1.004911674908855052e-01
5.559333873942259308e-01 -9.814348400420443153e-02
5.702050879108284676e-01 -9.569651984121700650e-02
5.845849869981135649e-01 -9.315443129066923456e-02
5.990694645933862805e-01 -9.052186491289128389e-02
6.136548743068714895e-01 -8.780389097489547934e-02
6.283375443396724824e-01 -8.500590977238879631e-02
6.431137784081281117e-01 -8.213352965131001659e-02
6.579798566743311206e-01 -7.919241677350144504e-02
6.729320366825783939e-01 -7.618811819441596855e-02
6.879665543015128781e-01 -7.312586163924723881e-02
7.030796246717250231e-01 -7.001033747431070764e-02
7.182674431585703845e-01 -6.684547076189854831e-02
7.335261863099650226e-01 -6.363419393988602180e-02
7.488520128189207758e-01 -6.037823355416710447e-02
7.642410644905727191e-01 -5.707792755576687055e-02
7.796894672134594417e-01 -5.373209290956595940e-02
7.951933319348093443e-01 -5.033796659361938070e-02
8.107487556395898132e-01 -4.689124643430710171e-02
8.263518223330695855e-01 -4.338626155247633787e-02
8.419986040266501659e-01 -3.981630541169846327e-02
8.576851617267149397e-01 -3.617416747805913407e-02
8.734075464262507360e-01 -3.245290223285154929e-02
8.891618000989889303e-01 -2.864687663287406039e-02
9.049439566958173975e-01 -2.475313899334914344e-02
9.207500431432115162e-01 -2.077315358094752873e-02
9.365760803434354242e-01 -1.671494585552217235e-02
9.524180841762578398e-01 -1.259570319867421226e-02
9.682720665019324269e-01 -8.444875030124180185e-03
9.841340361651920166e-01 -4.307814361203810873e-03
9.999999999999998890e-01 -2.500000000000279234e-04
