9.999999999999998890e-01 2.500000000000688520e-04
9.841340361651920166e-01 9.981321885878829958e-03
9.682720665019324269e-01 1.950106446183427072e-02
9.524180841762578398e-01 2.881770359191180783e-02
9.365760803434354242e-01 3.793779813989445193e-02
9.207500431432115162e-01 4.686629058828917921e-02
9.049439566958173975e-01 5.560678174765709691e-02
8.891618000989889303e-01 6.416177844185678991e-02
8.734075464262507360e-01 7.253291356894235598e-02
8.576851617267149397e-01 8.072113842746594936e-02
8.419986040266501659e-01 8.872688765735882443e-02
8.263518223330695855e-01 9.655021756773783659e-02
8.107487556395898132e-01 1.041909190060147511e-01
7.951933319348093443e-01 1.116486062595671985e-01
7.796894672134594417e-01 1.189227837698360324e-01
7.642410644905727191e-01 1.260128926768516733e-01
7.488520128189207758e-01 1.329183393985708395e-01
7.335261863099650226e-01 1.396385085836764073e-01
7.182674431585703845e-01 1.461727628591708850e-01
7.030796246717250231e-01 1.525204318265694359e-01
6.879665543015128781e-01 1.586807927449299938e-01
6.729320366825783939e-01 1.646530452782746512e-01
6.579798566743311206e-01 1.704362825826991057e-01
6.431137784081281117e-01 1.760294608688023621e-01
6.283375443396724824e-01 1.814313694025904422e-01
6.136548743068714895e-01 1.866406027077313623e-01
5.990694645933862805e-01 1.916555365092471042e-01
5.845849869981135649e-01 1.964743087188664250e-01
5.702050879108284676e-01 2.010948065108825178e-01
5.559333873942259308e-01 2.055146602799407529e-01
5.417734782725895926e-01 2.097312450141168294e-01
5.277289252273172915e-01 2.137416893630784964e-01
5.138032638995313484e-01 2.175428924368920658e-01
5.000000000000001110e-01 2.211315481406154471e-01
4.863226084265935834e-01 2.245041766371876912e-01
4.727745323894976259e-01 2.276571623397931898e-01
4.593591825444023335e-01 2.305867976677551390e-01
4.460799361338897429e-01 2.332893316594297772e-01
4.329401361372292589e-01 2.357610224232483676e-01
4.199430904288018462e-01 2.379981923250378273e-01
4.070920709453594855e-01 2.399972847565225165e-01
3.943903128623333920e-01 2.417549213062592794e-01
3.818410137793947223e-01 2.432679581594518470e-01
3.694473329154774888e-01 2.445335405857781141e-01
3.572123903134606371e-01 2.455491544327301767e-01
3.451392660547150104e-01 2.463126736236928294e-01
3.332309994837083789e-01 2.468224027623990569e-01
3.214905884428678196e-01 2.470771140654506592e-01
3.099209885178879631e-01 2.470760779790061312e-01
2.985251122936787294e-01 2.468190869810365506e-01
2.873058286211370715e-01 2.463064722231461112e-01
2.762659618949298013e-01 2.455391128222408625e-01
2.654082913424666845e-01 2.445184377687222022e-01
2.547355503242452190e-01 2.432464205709282956e-01
2.442504256457417311e-01 2.417255669019655329e-01
2.339555568810219865e-01 2.399588956518358962e-01
2.238535357082431787e-01 2.379499139121290796e-01
2.139469052572124941e-01 2.357025865301549117e-01
2.042381594691679014e-01 2.332213009622155220e-01
1.947297424689413692e-01 2.305108282302164024e-01
1.854240479496642724e-01 2.275762808408453575e-01
1.763234185701672008e-01 2.244230685614365395e-01
1.674301453652287108e-01 2.210568529611768307e-01
1.587464671688187945e-01 2.174835016207224414e-01
1.502745700504856119e-01 2.137090428882606752e-01
1.420165867650229341e-01 2.097396220166379277e-01
1.339745962155614034e-01 2.055814594558456609e-01
1.261506229302150617e-01 2.012408119997000644e-01
1.185466365524179277e-01 1.967239373970411931e-01
1.111645513450765232e-01 1.920370629385473871e-01
1.040062257086641351e-01 1.871863584227960176e-01
9.707346171337882801e-02 1.821779137921440139e-01
9.036800464548166989e-02 1.770177216130278952e-01
8.389154256793041053e-02 1.717116644590980790e-01
7.764570589541863743e-02 1.662655071418415176e-01
7.163206698392743377e-02 1.606848936245345305e-01
6.585213973489323358e-02 1.549753483538755527e-01
6.030737921409157209e-02 1.491422816516111138e-01
5.499918128533154427e-02 1.431909987277846241e-01
4.992888225905456334e-02 1.371267118094959825e-01
4.509775855592612626e-02 1.309545548255286185e-01
4.050702638550263135e-02 1.246796000487874201e-01
3.615784144005795842e-02 1.183068760757694932e-01
3.205129860364375194e-02 1.118413865154113951e-01
2.818843167645834757e-02 1.052881287684622330e-01
2.457021311459295365e-02 9.865211230245024554e-02
2.119755378522125699e-02 9.193837586546611818e-02
1.807130273729329328e-02 8.515200313315479663e-02
1.519224698779197968e-02 7.829813634600460426e-02
1.256111132360571148e-02 7.138198756649169474e-02
1.017855811906731578e-02 6.440884726593140708e-02
8.045187169204659483e-03 5.738409003688541010e-02
6.161535538745877005e-03 5.031317731646352959e-02
4.528077426915411152e-03 4.320165709653331354e-02
3.145224048057615462e-03 3.605516068646608813e-02
2.013323528115562588e-03 2.887939668030005749e-02
1.132660816992037134e-03 2.168014236101389880e-02
5.034576168149174080e-04 1.446323284793912464e-02
1.258723261249317105e-04 7.234548357410140913e-03
0.000000000000000000e+00 0.000000000000000000e+00
1.258723261249317105e-04 -6.991318620657444548e-03
5.034576168149174080e-04 -1.396756826163443599e-02
1.132660816992037134e-03 -2.091378608756901125e-02
2.013323528115562588e-03 -2.781534336564583237e-02
3.145224048057615462e-03 -3.465810245259030864e-02
4.528077426915411152e-03 -4.142856200966677643e-02
6.161535538745877005e-03 -4.811398703649330533e-02
8.045187169204659483e-03 -5.470252073695233697e-02
1.017855811906731578e-02 -6.118327573562701988e-02
1.256111132360571148e-02 -6.754640273669307304e-02
1.519224698779197968e-02 -7.378313534274746899e-02
1.807130273729329328e-02 -7.988581041078951506e-02
2.119755378522125699e-02 -8.584786399770101550e-02
2.457021311459295365e-02 -9.166380361870211935e-02
2.818843167645834757e-02 -9.732915819013858438e-02
3.205129860364375194e-02 -1.028404076338726436e-01
3.615784144005795842e-02 -1.081948946669423345e-01
4.050702638550263135e-02 -1.133907217710944798e-01
4.509775855592612626e-02 -1.184266367184567542e-01
4.992888225905456334e-02 -1.233019103106551412e-01
5.499918128533154427e-02 -1.280162101606631686e-01
6.030737921409157209e-02 -1.325694744042135720e-01
6.585213973489323358e-02 -1.369617891687077149e-01
7.163206698392743377e-02 -1.411932734535564782e-01
7.764570589541863743e-02 -1.452639747915843160e-01
8.389154256793041053e-02 -1.491737786745841454e-01
9.036800464548166989e-02 -1.529223342485299675e-01
9.707346171337882801e-02 -1.565089982294002591e-01
1.040062257086641351e-01 -1.599327983755211013e-01
1.111645513450765232e-01 -1.631924171953888503e-01
1.185466365524179277e-01 -1.662861958911284466e-01
1.261506229302150617e-01 -1.692121578581406993e-01
1.339745962155614034e-01 -1.719680504024737044e-01
1.420165867650229341e-01 -1.745514027201713336e-01
1.502745700504856119e-01 -1.769595976275262772e-01
1.587464671688187945e-01 -1.791899540565218274e-01
1.674301453652287108e-01 -1.812398169523747049e-01
1.763234185701672008e-01 -1.831066509439210344e-01
1.854240479496642724e-01 -1.847881340133692429e-01
1.947297424689413692e-01 -1.862822473768634968e-01
2.042381594691679014e-01 -1.875873579046319628e-01
2.139469052572124941e-01 -1.887022896583558651e-01
2.238535357082431787e-01 -1.896263814987011187e-01
2.339555568810219865e-01 -1.903595282083264395e-01
2.442504256457417311e-01 -1.909022031716680057e-01
2.547355503242452190e-01 -1.912554613350478383e-01
2.654082913424666845e-01 -1.914209219183550803e-01
2.762659618949298013e-01 -1.914007311388577770e-01
2.873058286211370715e-01 -1.911975060124143089e-01
2.985251122936787294e-01 -1.908142610895301738e-01
3.099209885178879631e-01 -1.902543207345146481e-01
3.214905884428678196e-01 -1.895212202365209875e-01
3.332309994837083789e-01 -1.886185996234329976e-01
3.451392660547150104e-01 -1.875500945070577297e-01
3.572123903134606371e-01 -1.863192285972692375e-01
3.694473329154774888e-01 -1.849293126635623286e-01
3.818410137793947223e-01 -1.833833546793150748e-01
3.943903128623333920e-01 -1.816839856465656822e-01
4.070920709453594855e-01 -1.798334051628550645e-01
4.199430904288018462e-01 -1.778333501587590904e-01
4.329401361372292589e-01 -1.756850894141878117e-01
4.460799361338897429e-01 -1.733894454696428833e-01
4.593591825444023335e-01 -1.709468444090341543e-01
4.727745323894976259e-01 -1.683573927342680854e-01
4.863226084265935834e-01 -1.656209792165178885e-01
5.000000000000001110e-01 -1.627373982392824325e-01
5.138032638995313484e-01 -1.597064897942702955e-01
5.277289252273172915e-01 -1.565282900079965345e-01
5.417734782725895926e-01 -1.532031849238233989e-01
5.559333873942259308e-01 -1.497320593027097191e-01
5.702050879108284676e-01 -1.461164314990830715e-01
5.845849869981135649e-01 -1.423585650786145518e-01
5.990694645933862805e-01 -1.384615478328855287e-01
6.136548743068714895e-01 -1.344293292689063002e-01
6.283375443396724824e-01 -1.302667085605996034e-01
6.431137784081281117e-01 -1.259792663888526509e-01
6.579798566743311206e-01 -1.215732361016814977e-01
6.729320366825783939e-01 -1.170553122208330826e-01
6.879665543015128781e-01 -1.124323975178866813e-01
7.030796246717250231e-01 -1.077112936799876353e-01
7.182674431585703845e-01 -1.028983449662306815e-01
7.335261863099650226e-01 -9.799904918792699815e-02
7.488520128189207758e-01 -9.301765578044453309e-02
7.642410644905727191e-01 -8.795677660482667526e-02
7.796894672134594417e-01 -8.281704134063683220e-02
7.951933319348093443e-01 -7.759683580722638585e-02
8.107487556395898132e-01 -7.229216816237915566e-02
8.263518223330695855e-01 -6.689671454330331501e-02
8.419986040266501659e-01 -6.140210218959619992e-02
8.576851617267149397e-01 -5.579849426339070217e-02
8.734075464262507360e-01 -5.007554629073220076e-02
8.891618000989889303e-01 -4.422380921520311509e-02
9.049439566958173975e-01 -3.823665830011283018e-02
9.207500431432115162e-01 -3.211283035786755696e-02
9.365760803434354242e-01 -2.585965384487348348e-02
9.524180841762578398e-01 -1.949705706330425586e-02
9.682720665019324269e-01 -1.306243889209262113e-02
9.841340361651920166e-01 -6.616483976219490054e-03
9.999999999999998890e-01 -2.500000000000439696e-04
