9.999999999999998890e-01 2.500000000000664126e-04
9.841340361651920166e-01 9.671886207233445013e-03
9.682720665019324269e-01 1.891857250587365008e-02
9.524180841762578398e-01 2.794558007725730930e-02
9.365760803434354242e-01 3.671889751423775688e-02
9.207500431432115162e-01 4.521361385030098906e-02
9.049439566958173975e-01 5.341264895178349931e-02
8.891618000989889303e-01 6.130558204729640026e-02
8.734075464262507360e-01 6.888757807669798616e-02
8.576851617267149397e-01 7.615841056676327103e-02
8.419986040266501659e-01 8.312157888249234461e-02
8.263518223330695855e-01 8.978351696058103903e-02
8.107487556395898132e-01 9.615289000226981408e-02
7.951933319348093443e-01 1.022399750826431808e-01
7.796894672134594417e-01 1.080561212173950514e-01
7.642410644905727191e-01 1.136132841101131496e-01
7.488520128189207758e-01 1.189236305765020291e-01
7.335261863099650226e-01 1.239992074993386817e-01
7.182674431585703845e-01 1.288516701015927080e-01
7.030796246717250231e-01 1.334920643270743057e-01
6.879665543015128781e-01 1.379306581801176268e-01
6.729320366825783939e-01 1.421768169901548307e-01
6.579798566743311206e-01 1.462389177257239492e-01
6.431137784081281117e-01 1.501242976779332272e-01
6.283375443396724824e-01 1.538392330584778533e-01
6.136548743068714895e-01 1.573889433052436393e-01
5.990694645933862805e-01 1.607776171531345444e-01
5.845849869981135649e-01 1.640084568033657042e-01
5.702050879108284676e-01 1.670837368060303085e-01
5.559333873942259308e-01 1.700048745538274009e-01
5.417734782725895926e-01 1.727725095656000298e-01
5.277289252273172915e-01 1.753865890135507255e-01
5.138032638995313484e-01 1.778464572150169343e-01
5.000000000000001110e-01 1.801509470664042767e-01
4.863226084265935834e-01 1.822984716416929385e-01
4.727745323894976259e-01 1.842871144097118219e-01
4.593591825444023335e-01 1.861147167424044013e-01
4.460799361338897429e-01 1.877789615902069054e-01
4.329401361372292589e-01 1.892774523903799355e-01
4.199430904288018462e-01 1.906077864498423036e-01
4.070920709453594855e-01 1.917676222061435176e-01
3.943903128623333920e-01 1.927547399191847921e-01
3.818410137793947223e-01 1.935670954827826418e-01
3.694473329154774888e-01 1.942028671698136089e-01
3.572123903134606371e-01 1.946604952381757181e-01
3.451392660547150104e-01 1.949387144277974215e-01
3.332309994837083789e-01 1.950365794720403390e-01
3.214905884428678196e-01 1.949534838306217210e-01
3.099209885178879631e-01 1.946891719261018838e-01
2.985251122936787294e-01 1.942437452324243807e-01
2.873058286211370715e-01 1.936176626222614050e-01
2.762659618949298013e-01 1.928117354302227859e-01
2.654082913424666845e-01 1.918271177314725406e-01
2.547355503242452190e-01 1.906652923700401792e-01
2.442504256457417311e-01 1.893280532981481412e-01
2.339555568810219865e-01 1.878174848071982039e-01
2.238535357082431787e-01 1.861359382426622522e-01
2.139469052572124941e-01 1.842860067990036987e-01
2.042381594691679014e-01 1.822704989869438352e-01
1.947297424689413692e-01 1.800924113539582316e-01
1.854240479496642724e-01 1.777549010199826474e-01
1.763234185701672008e-01 1.752612585641525889e-01
1.674301453652287108e-01 1.726148817652985723e-01
1.587464671688187945e-01 1.698192506592998696e-01
1.502745700504856119e-01 1.668779043307732357e-01
1.420165867650229341e-01 1.637944198055763523e-01
1.339745962155614034e-01 1.605723933549764171e-01
1.261506229302150617e-01 1.572154244629016817e-01
1.185466365524179277e-01 1.537271026453948253e-01
1.111645513450765232e-01 1.501109972472155496e-01
1.040062257086641351e-01 1.463706502755634242e-01
9.707346171337882801e-02 1.425095722662197140e-01
9.036800464548166989e-02 1.385312411141531863e-01
8.389154256793041053e-02 1.344391037399318978e-01
7.764570589541863743e-02 1.302365804062193266e-01
7.163206698392743377e-02 1.259270714462570051e-01
6.585213973489323358e-02 1.215139661195133586e-01
6.030737921409157209e-02 1.170006532694899404e-01
5.499918128533154427e-02 1.123905334257640359e-01
4.992888225905456334e-02 1.076870319673461779e-01
4.509775855592612626e-02 1.028936129477915629e-01
4.050702638550263135e-02 9.801379317453128015e-02
3.615784144005795842e-02 9.305115613571580957e-02
3.205129860364375194e-02 8.800936537741353705e-02
2.818843167645834757e-02 8.289217695206782532e-02
2.457021311459295365e-02 7.770345058525028603e-02
2.119755378522125699e-02 7.244715924138461771e-02
1.807130273729329328e-02 6.712739680949213195e-02
1.519224698779197968e-02 6.174838367624825575e-02
1.256111132360571148e-02 5.631447000470388153e-02
1.017855811906731578e-02 5.083013659180053018e-02
8.045187169204659483e-03 4.529999323507721137e-02
6.161535538745877005e-03 3.972877459747555656e-02
4.528077426915411152e-03 3.412133361758855343e-02
3.145224048057615462e-03 2.848263256980601912e-02
2.013323528115562588e-03 2.281773193327865309e-02
1.132660816992037134e-03 1.713177727929238864e-02
5.034576168149174080e-04 1.142998443236270360e-02
1.258723261249317105e-04 5.717623200121213674e-03
0.000000000000000000e+00 0.000000000000000000e+00
1.258723261249317105e-04 -5.598420208059346447e-03
5.034576168149174080e-04 -1.118547700001251873e-02
1.132660816992037134e-03 -1.674987250896247185e-02
2.013323528115562588e-03 -2.228056259004317433e-02
3.145224048057615462e-03 -2.776687562076027641e-02
4.528077426915411152e-03 -3.319862187637046685e-02
6.161535538745877005e-03 -3.856619075969808935e-02
8.045187169204659483e-03 -4.386063351026439627e-02
1.017855811906731578e-02 -4.907372943063088855e-02
1.256111132360571148e-02 -5.419803413667016040e-02
1.519224698779197968e-02 -5.922690884968490055e-02
1.807130273729329328e-02 -6.415453028722852002e-02
2.119755378522125699e-02 -6.897588126069123526e-02
2.457021311459295365e-02 -7.368672263525889721e-02
2.818843167645834757e-02 -7.828354783588679922e-02
3.205129860364375194e-02 -8.276352157604496829e-02
3.615784144005795842e-02 -8.712440492972094164e-02
4.050702638550263135e-02 -9.136446924835524286e-02
4.509775855592612626e-02 -9.548240173161359756e-02
4.992888225905456334e-02 -9.947720568478277126e-02
5.499918128533154427e-02 -1.033480986290897380e-01
6.030737921409157209e-02 -1.070944114699129701e-01
6.585213973489323358e-02 -1.107154918699475160e-01
7.163206698392743377e-02 -1.142106148209556110e-01
7.764570589541863743e-02 -1.175789031626829767e-01
8.389154256793041053e-02 -1.208192604674609427e-01
9.036800464548166989e-02 -1.239303183031792571e-01
9.707346171337882801e-02 -1.269103994173056416e-01
1.040062257086641351e-01 -1.297574978641223564e-01
1.111645513450765232e-01 -1.324692765417536666e-01
1.185466365524179277e-01 -1.350430820315918490e-01
1.261506229302150617e-01 -1.374759760579551959e-01
1.339745962155614034e-01 -1.397647823281684132e-01
1.420165867650229341e-01 -1.419061469905166240e-01
1.502745700504856119e-01 -1.438966104767891163e-01
1.587464671688187945e-01 -1.457326880933147162e-01
1.674301453652287108e-01 -1.474109564037014430e-01
1.763234185701672008e-01 -1.489281422200005034e-01
1.854240479496642724e-01 -1.502812108961965321e-01
1.947297424689413692e-01 -1.514674506053355074e-01
2.042381594691679014e-01 -1.524845493825728870e-01
2.139469052572124941e-01 -1.533306619308510976e-01
2.238535357082431787e-01 -1.540044635101590897e-01
2.339555568810219865e-01 -1.545051886581693679e-01
2.442504256457417311e-01 -1.548326530087852926e-01
2.547355503242452190e-01 -1.549872570717442666e-01
2.654082913424666845e-01 -1.549699714938580219e-01
2.762659618949298013e-01 -1.547823040210232204e-01
2.873058286211370715e-01 -1.544262490978969005e-01
2.985251122936787294e-01 -1.539042217555735836e-01
3.099209885178879631e-01 -1.532189781221633684e-01
3.214905884428678196e-01 -1.523735255219626217e-01
3.332309994837083789e-01 -1.513710256814453647e-01
3.451392660547150104e-01 -1.502146950112162593e-01
3.572123903134606371e-01 -1.489077062609308610e-01
3.694473329154774888e-01 -1.474530960302087579e-01
3.818410137793947223e-01 -1.458536826473556813e-01
3.943903128623333920e-01 -1.441119987879293518e-01
4.070920709453594855e-01 -1.422302428901640325e-01
4.199430904288018462e-01 -1.402102529325227331e-01
4.329401361372292589e-01 -1.380535054742815515e-01
4.460799361338897429e-01 -1.357611420330701313e-01
4.593591825444023335e-01 -1.333340238997283989e-01
4.727745323894976259e-01 -1.307728153927986969e-01
4.863226084265935834e-01 -1.280780943604447331e-01
5.000000000000001110e-01 -1.252504874801923795e-01
5.138032638995313484e-01 -1.222908266253522336e-01
5.277289252273172915e-01 -1.192003213045559895e-01
5.417734782725895926e-01 -1.159807409844903076e-01
5.559333873942259308e-01 -1.126346000253768825e-01
5.702050879108284676e-01 -1.091653370455200750e-01
5.845849869981135649e-01 -1.055774798373240037e-01
5.990694645933862805e-01 -1.018767865338536249e-01
6.136548743068714895e-01 -9.807035362145725965e-02
6.283375443396724824e-01 -9.416668165587113726e-02
6.431137784081281117e-01 -9.017569020735495544e-02
6.579798566743311206e-01 -8.610867466920264779e-02
6.729320366825783939e-01 -8.197819914016225840e-02
6.879665543015128781e-01 -7.779792165262386372e-02
7.030796246717250231e-01 -7.358235057242913657e-02
7.182674431585703845e-01 -6.934653403912618974e-02
7.335261863099650226e-01 -6.510568783159441375e-02
7.488520128189207758e-01 -6.087477100455401802e-02
7.642410644905727191e-01 -5.666802300462429887e-02
7.796894672134594417e-01 -5.249848068486978603e-02
7.951933319348093443e-01 -4.837749862531735140e-02
8.107487556395898132e-01 -4.431430135174829754e-02
8.263518223330695855e-01 -4.031560133171018662e-02
8.419986040266501659e-01 -3.638532190911208941e-02
8.576851617267149397e-01 -3.252446950059379588e-02
8.734075464262507360e-01 -2.873120429286989477e-02
8.891618000989889303e-01 -2.500116321818128193e-02
9.049439566958173975e-01 -2.132809300755836648e-02
9.207500431432115162e-01 -1.770485448881729817e-02
9.365760803434354242e-01 -1.412486186783441268e-02
9.524180841762578398e-01 -1.058402236986304146e-02
9.682720665019324269e-01 -7.083242189862488589e-03
9.841340361651920166e-01 -3.631564082485750754e-03
9.999999999999998890e-01 -2.500000000000233156e-04
