9.999999999999998890e-01 2.500000000001007276e-04
9.841340361651920166e-01 1.430602884193182822e-02
9.682720665019324269e-01 2.775549477596330264e-02
9.524180841762578398e-01 4.069486518212643567e-02
9.365760803434354242e-01 5.318977574200139252e-02
9.207500431432115162e-01 6.528169880571672856e-02
9.049439566958173975e-01 7.699370091680697581e-02
8.891618000989889303e-01 8.833534612916796314e-02
8.734075464262507360e-01 9.930680700848650011e-02
8.576851617267149397e-01 1.099022489570947031e-01
8.419986040266501659e-01 1.201125558223462425e-01
8.263518223330695855e-01 1.299274657460023907e-01
8.107487556395898132e-01 1.393371860000941487e-01
7.951933319348093443e-01 1.483335542575672517e-01
7.796894672134594417e-01 1.569108114950469590e-01
7.642410644905727191e-01 1.650660486559706597e-01
7.488520128189207758e-01 1.727993854525061990e-01
7.335261863099650226e-01 1.801139353907341978e-01
7.182674431585703845e-01 1.870156063990432160e-01
7.030796246717250231e-01 1.935127814529668533e-01
6.879665543015128781e-01 1.996159184421118227e-01
6.729320366825783939e-01 2.053371033291443715e-01
6.579798566743311206e-01 2.106895855097930537e-01
6.431137784081281117e-01 2.156873192882809709e-01
6.283375443396724824e-01 2.203445306145208615e-01
6.136548743068714895e-01 2.246753237554906246e-01
5.990694645933862805e-01 2.286933384486724563e-01
5.845849869981135649e-01 2.324114643529276159e-01
5.702050879108284676e-01 2.358416163021524181e-01
5.559333873942259308e-01 2.389945709981302624e-01
5.417734782725895926e-01 2.418798633587083413e-01
5.277289252273172915e-01 2.445057387630084622e-01
5.138032638995313484e-01 2.468791558947718845e-01
5.000000000000001110e-01 2.490058337578570646e-01
4.863226084265935834e-01 2.508903356970173526e-01
4.727745323894976259e-01 2.525361828692496147e-01
4.593591825444023335e-01 2.539459895385094979e-01
4.460799361338897429e-01 2.551216127684178825e-01
4.329401361372292589e-01 2.560643095206400210e-01
4.199430904288018462e-01 2.567748947868930265e-01
4.070920709453594855e-01 2.572538951462139400e-01
3.943903128623333920e-01 2.575016930036041485e-01
3.818410137793947223e-01 2.575186576909558878e-01
3.694473329154774888e-01 2.573052605586810260e-01
3.572123903134606371e-01 2.568621721226714838e-01
3.451392660547150104e-01 2.561903402261688778e-01
3.332309994837083789e-01 2.552910490043425185e-01
3.214905884428678196e-01 2.541659591801095353e-01
3.099209885178879631e-01 2.528171308570416609e-01
2.985251122936787294e-01 2.512470304980203295e-01
2.873058286211370715e-01 2.494585241801914322e-01
2.762659618949298013e-01 2.474548594958093095e-01
2.654082913424666845e-01 2.452396386269004580e-01
2.547355503242452190e-01 2.428167851652185960e-01
2.442504256457417311e-01 2.401905071867964925e-01
2.339555568810219865e-01 2.373652589343355490e-01
2.238535357082431787e-01 2.343457032246341609e-01
2.139469052572124941e-01 2.311366763977215077e-01
2.042381594691679014e-01 2.277431572757664946e-01
1.947297424689413692e-01 2.241702412199948757e-01
1.854240479496642724e-01 2.204231199794489671e-01
1.763234185701672008e-01 2.165070676324569454e-01
1.674301453652287108e-01 2.124274325450458689e-01
1.587464671688187945e-01 2.081896349236028732e-01
1.502745700504856119e-01 2.037991692334016336e-01
1.420165867650229341e-01 1.992616104996023096e-01
1.339745962155614034e-01 1.945826233101663472e-01
1.261506229302150617e-01 1.897679722055689022e-01
1.185466365524179277e-01 1.848235320706060891e-01
1.111645513450765232e-01 1.797552971389680954e-01
1.040062257086641351e-01 1.745693872793115664e-01
9.707346171337882801e-02 1.692720503479566707e-01
9.036800464548166989e-02 1.638696595618380492e-01
8.389154256793041053e-02 1.583687050581550904e-01
7.764570589541863743e-02 1.527757790552171091e-01
7.163206698392743377e-02 1.470975543022515208e-01
6.585213973489323358e-02 1.413407557938361481e-01
6.030737921409157209e-02 1.355121260163075769e-01
5.499918128533154427e-02 1.296183842782803464e-01
4.992888225905456334e-02 1.236661809450577409e-01
4.509775855592612626e-02 1.176620476377550628e-01
4.050702638550263135e-02 1.116123446639942229e-01
3.615784144005795842e-02 1.055232071109765829e-01
3.205129860364375194e-02 9.940049114797532004e-02
2.818843167645834757e-02 9.324972214988598573e-02
2.457021311459295365e-02 8.707604626419410132e-02
2.119755378522125699e-02 8.088418700015419238e-02
1.807130273729329328e-02 7.467840832243563542e-02
1.519224698779197968e-02 6.846248558503456594e-02
1.256111132360571148e-02 6.223968544947763859e-02
1.017855811906731578e-02 5.601275570029717876e-02
8.045187169204659483e-03 4.978392560768832992e-02
6.161535538745877005e-03 4.355491720041076986e-02
4.528077426915411152e-03 3.732696751030011029e-02
3.145224048057615462e-03 3.110086154263880243e-02
2.013323528115562588e-03 2.487697542357290847e-02
1.132660816992037134e-03 1.865532888619758287e-02
5.034576168149174080e-04 1.243564598977363843e-02
1.258723261249317105e-04 6.217422730035664959e-03
0.000000000000000000e+00 0.000000000000000000e+00
1.258723261249317105e-04 -5.745247514782298587e-03
5.034576168149174080e-04 -1.147211192476485508e-02
1.132660816992037134e-03 -1.716238104691963917e-02
2.013323528115562588e-03 -2.279830472337055283e-02
3.145224048057615462e-03 -2.836281173647919179e-02
4.528077426915411152e-03 -3.383971024373896852e-02
6.161535538745877005e-03 -3.921386696909542890e-02
8.045187169204659483e-03 -4.447136098589254960e-02
1.017855811906731578e-02 -4.959960864180666673e-02
1.256111132360571148e-02 -5.458745698721364364e-02
1.519224698779197968e-02 -5.942524395198201664e-02
1.807130273729329328e-02 -6.410482444604920227e-02
2.119755378522125699e-02 -6.861956250932980950e-02
2.457021311459295365e-02 -7.296429057880619851e-02
2.818843167645834757e-02 -7.713523784755380031e-02
3.205129860364375194e-02 -8.112993053535498544e-02
3.615784144005795842e-02 -8.494706764858393766e-02
4.050702638550263135e-02 -8.858637645577346897e-02
4.509775855592612626e-02 -9.204845242539180794e-02
4.992888225905456334e-02 -9.533458874825452567e-02
5.499918128533154427e-02 -9.844660078726373553e-02
6.030737921409157209e-02 -1.013866508549528811e-01
6.585213973489323358e-02 -1.041570786125956549e-01
7.163206698392743377e-02 -1.067602421163060117e-01
7.764570589541863743e-02 -1.091983741134301827e-01
8.389154256793041053e-02 -1.114734576291488977e-01
9.036800464548166989e-02 -1.135871241955584560e-01
9.707346171337882801e-02 -1.155405772845600060e-01
1.040062257086641351e-01 -1.173345426360714733e-01
1.111645513450765232e-01 -1.189692462515602456e-01
1.185466365524179277e-01 -1.204444198788506004e-01
1.261506229302150617e-01 -1.217593328779075640e-01
1.339745962155614034e-01 -1.229128484594197435e-01
1.420165867650229341e-01 -1.239035014584101424e-01
1.502745700504856119e-01 -1.247295940721048213e-01
1.587464671688187945e-01 -1.253893053806940105e-01
1.674301453652287108e-01 -1.258808100038622813e-01
1.763234185701672008e-01 -1.262024009433140581e-01
1.854240479496642724e-01 -1.263526115354098311e-01
1.947297424689413692e-01 -1.263303314964491497e-01
2.042381594691679014e-01 -1.261349122882290397e-01
2.139469052572124941e-01 -1.257662574592817717e-01
2.238535357082431787e-01 -1.252248942174154223e-01
2.339555568810219865e-01 -1.245120232454512560e-01
2.442504256457417311e-01 -1.236295446620680333e-01
2.547355503242452190e-01 -1.225800590256722333e-01
2.654082913424666845e-01 -1.213668433486245340e-01
2.762659618949298013e-01 -1.199938031953663581e-01
2.873058286211370715e-01 -1.184654030413243159e-01
2.985251122936787294e-01 -1.167865781283146387e-01
3.099209885178879631e-01 -1.149626320241411842e-01
3.214905884428678196e-01 -1.129991249374113077e-01
3.332309994837083789e-01 -1.109017585134370182e-01
3.451392660547150104e-01 -1.086762633069602302e-01
3.572123903134606371e-01 -1.063282953606073389e-01
3.694473329154774888e-01 -1.038633482887754977e-01
3.818410137793947223e-01 -1.012866869567932981e-01
3.943903128623333920e-01 -9.860330824486518431e-02
4.070920709453594855e-01 -9.581793349517769842e-02
4.199430904288018462e-01 -9.293503606854604249e-02
4.329401361372292589e-01 -8.995890600488266886e-02
4.460799361338897429e-01 -8.689375212147236460e-02
4.593591825444023335e-01 -8.374384003763520046e-02
4.727745323894976259e-01 -8.051366263784084931e-02
4.863226084265935834e-01 -7.720813744205910767e-02
5.000000000000001110e-01 -7.383282331590421133e-02
5.138032638995313484e-01 -7.039414700605046982e-02
5.277289252273172915e-01 -6.689962821732170495e-02
5.417734782725895926e-01 -6.335809045065499134e-02
5.559333873942259308e-01 -5.977984369259254499e-02
5.702050879108284676e-01 -5.617682438452564070e-02
5.845849869981135649e-01 -5.256267799920576189e-02
5.990694645933862805e-01 -4.895277010420934216e-02
6.136548743068714895e-01 -4.536411308102374085e-02
6.283375443396724824e-01 -4.181519776815690453e-02
6.431137784081281117e-01 -3.832572226831402334e-02
6.579798566743311206e-01 -3.491621404890473540e-02
6.729320366825783939e-01 -3.160754629954150297e-02
6.879665543015128781e-01 -2.842035529694685730e-02
7.030796246717250231e-01 -2.537437225142831487e-02
7.182674431585703845e-01 -2.248769073013516182e-02
7.335261863099650226e-01 -1.977599920528346281e-02
7.488520128189207758e-01 -1.725181746839066221e-02
7.642410644905727191e-01 -1.492378546514653431e-02
7.796894672134594417e-01 -1.279606339366979977e-02
7.951933319348093443e-01 -1.086791249898293697e-02
8.107487556395898132e-01 -9.133536690826535992e-03
8.263518223330695855e-01 -7.582275689352104345e-03
8.419986040266501659e-01 -6.199250621798623774e-03
8.576851617267149397e-01 -4.966572593140500952e-03
8.734075464262507360e-01 -3.865233460801269574e-03
8.891618000989889303e-01 -2.877805573670789898e-03
9.049439566958173975e-01 -1.992083299193157190e-03
9.207500431432115162e-01 -1.205803469187117409e-03
9.365760803434354242e-01 -5.325841403744300791e-04
9.524180841762578398e-01 -9.221015198382712108e-06
9.682720665019324269e-01 2.955217549519466389e-04
9.841340361651920166e-01 2.704950930940357265e-04
9.999999999999998890e-01 -2.499999999999940963e-04
