9.999999999999998890e-01 2.500000000000900482e-04
9.841340361651920166e-01 1.226874796392533710e-02
9.682720665019324269e-01 2.302889072305143794e-02
9.524180841762578398e-01 3.304530839355878519e-02
9.365760803434354242e-01 4.266611313031603431e-02
9.207500431432115162e-01 5.211044542744591723e-02
9.049439566958173975e-01 6.150052417906738678e-02
8.891618000989889303e-01 7.088840229767032208e-02
8.734075464262507360e-01 8.027790225700638660e-02
8.576851617267149397e-01 8.964221817390408131e-02
8.419986040266501659e-01 9.893767377401493923e-02
8.263518223330695855e-01 1.081141196981195846e-01
8.107487556395898132e-01 1.171224400670859284e-01
7.951933319348093443e-01 1.259196180527231423e-01
7.796894672134594417e-01 1.344717844440874444e-01
7.642410644905727191e-01 1.427556429069216648e-01
7.488520128189207758e-01 1.507586318483597476e-01
7.335261863099650226e-01 1.584781465303956027e-01
7.182674431585703845e-01 1.659201072884317618e-01
7.030796246717250231e-01 1.730971213097874106e-01
6.879665543015128781e-01 1.800264472432246132e-01
6.729320366825783939e-01 1.867279346938394424e-01
6.579798566743311206e-01 1.932220750673463994e-01
6.431137784081281117e-01 1.995282668274354076e-01
6.283375443396724824e-01 2.056633674840082360e-01
6.136548743068714895e-01 2.116405769029379991e-01
5.990694645933862805e-01 2.174686720843885812e-01
5.845849869981135649e-01 2.231515925648286658e-01
5.702050879108284676e-01 2.286883581336491833e-01
5.559333873942259308e-01 2.340732866085602493e-01
5.417734782725895926e-01 2.392964688957071318e-01
5.277289252273172915e-01 2.443444513113784966e-01
5.138032638995313484e-01 2.492010709419594239e-01
5.000000000000001110e-01 2.538483883960531706e-01
4.863226084265935834e-01 2.582676633454122350e-01
4.727745323894976259e-01 2.624403214172758014e-01
4.593591825444023335e-01 2.663488659279232285e-01
4.460799361338897429e-01 2.699776942641139432e-01
4.329401361372292589e-01 2.733137860540166275e-01
4.199430904288018462e-01 2.763472382595863475e-01
4.070920709453594855e-01 2.790716306226529442e-01
3.943903128623333920e-01 2.814842131860435526e-01
3.818410137793947223e-01 2.835859155981335089e-01
3.694473329154774888e-01 2.853811853390491593e-01
3.572123903134606371e-01 2.868776686633229822e-01
3.451392660547150104e-01 2.880857537630733267e-01
3.332309994837083789e-01 2.890180002870613718e-01
3.214905884428678196e-01 2.896884828172125448e-01
3.099209885178879631e-01 2.901120781612303579e-01
2.985251122936787294e-01 2.903037273646225658e-01
2.873058286211370715e-01 2.902777032129624235e-01
2.762659618949298013e-01 2.900469127554405335e-01
2.654082913424666845e-01 2.896222621341383863e-01
2.547355503242452190e-01 2.890121078761860862e-01
2.442504256457417311e-01 2.882218149448375066e-01
2.339555568810219865e-01 2.872534374124883771e-01
2.238535357082431787e-01 2.861055327854281627e-01
2.139469052572124941e-01 2.847731159524884981e-01
2.042381594691679014e-01 2.832477536224177195e-01
1.947297424689413692e-01 2.815177951263405642e-01
1.854240479496642724e-01 2.795687307498331275e-01
1.763234185701672008e-01 2.773836644668696283e-01
1.674301453652287108e-01 2.749438841997426941e-01
1.587464671688187945e-01 2.722295096282845162e-01
1.502745700504856119e-01 2.692201951982362562e-01
1.420165867650229341e-01 2.658958643874437255e-01
1.339745962155614034e-01 2.622374505092255337e-01
1.261506229302150617e-01 2.582276193687430554e-01
1.185466365524179277e-01 2.538514499197311869e-01
1.111645513450765232e-01 2.490970506513544291e-01
1.040062257086641351e-01 2.439560917026724063e-01
9.707346171337882801e-02 2.384242355707870686e-01
9.036800464548166989e-02 2.325014526478271781e-01
8.389154256793041053e-02 2.261922115785376108e-01
7.764570589541863743e-02 2.195055384523554864e-01
7.163206698392743377e-02 2.124549430041476894e-01
6.585213973489323358e-02 2.050582141673781833e-01
6.030737921409157209e-02 1.973370913756923584e-01
5.499918128533154427e-02 1.893168218228108990e-01
4.992888225905456334e-02 1.810256173544278480e-01
4.509775855592612626e-02 1.724940276797842231e-01
4.050702638550263135e-02 1.637542490698118136e-01
3.615784144005795842e-02 1.548393895851758739e-01
3.205129860364375194e-02 1.457827131017067346e-01
2.818843167645834757e-02 1.366168849428561483e-01
2.457021311459295365e-02 1.273732417793910776e-01
2.119755378522125699e-02 1.180811076262889558e-01
1.807130273729329328e-02 1.087671762860985269e-01
1.519224698779197968e-02 9.945497850586498823e-02
1.256111132360571148e-02 9.016444949702606682e-02
1.017855811906731578e-02 8.091160939535399499e-02
8.045187169204659483e-03 7.170836580442267738e-02
6.161535538745877005e-03 6.256244387436023235e-02
4.528077426915411152e-03 5.347744552765331533e-02
3.145224048057615462e-03 4.445303556903135167e-02
2.013323528115562588e-03 3.548524862073771519e-02
1.132660816992037134e-03 2.656690721886925330e-02
5.034576168149174080e-04 1.768813809591184005e-02
1.258723261249317105e-04 8.836970755264697552e-03
0.000000000000000000e+00 0.000000000000000000e+00
1.258723261249317105e-04 -7.005464962551689705e-03
5.034576168149174080e-04 -1.397340745637509242e-02
1.132660816992037134e-03 -2.086717630243584837e-02
2.013323528115562588e-03 -2.765196149948738816e-02
3.145224048057615462e-03 -3.429564739604600010e-02
4.528077426915411152e-03 -4.076958716868760157e-02
6.161535538745877005e-03 -4.704927600085978545e-02
8.045187169204659483e-03 -5.311490332972335776e-02
1.017855811906731578e-02 -5.895176808177818306e-02
1.256111132360571148e-02 -6.455054484892197575e-02
1.519224698779197968e-02 -6.990739334884853162e-02
1.807130273729329328e-02 -7.502390814017166620e-02
2.119755378522125699e-02 -7.990691028904908788e-02
2.457021311459295365e-02 -8.456808737244790597e-02
2.818843167645834757e-02 -8.902349271607444547e-02
3.205129860364375194e-02 -9.329291896912580984e-02
3.615784144005795842e-02 -9.739916488825491048e-02
4.050702638550263135e-02 -1.013672174259948044e-01
4.509775855592612626e-02 -1.052233737959014231e-01
4.992888225905456334e-02 -1.089943300373412971e-01
5.499918128533154427e-02 -1.127062636671082030e-01
6.030737921409157209e-02 -1.163839382451997695e-01
6.585213973489323358e-02 -1.200498570841537493e-01
7.163206698392743377e-02 -1.237234919057534355e-01
7.764570589541863743e-02 -1.274206100305574352e-01
8.389154256793041053e-02 -1.311527207332441047e-01
9.036800464548166989e-02 -1.349266577913152687e-01
9.707346171337882801e-02 -1.387443110978894278e-01
1.040062257086641351e-01 -1.426025156206236766e-01
1.111645513450765232e-01 -1.464931011024850349e-01
1.185466365524179277e-01 -1.504031008615315246e-01
1.261506229302150617e-01 -1.543151130085632927e-01
1.339745962155614034e-01 -1.582078025187942938e-01
1.420165867650229341e-01 -1.620565280202667380e-01
1.502745700504856119e-01 -1.658340730450638123e-01
1.587464671688187945e-01 -1.695114579663005994e-01
1.674301453652287108e-01 -1.730588060362258929e-01
1.763234185701672008e-01 -1.764462349514323014e-01
1.854240479496642724e-01 -1.796447442804741945e-01
1.947297424689413692e-01 -1.826270689518817436e-01
2.042381594691679014e-01 -1.853684698433690770e-01
2.139469052572124941e-01 -1.878474343330011342e-01
2.238535357082431787e-01 -1.900462624366392184e-01
2.339555568810219865e-01 -1.919515177988579957e-01
2.442504256457417311e-01 -1.935543272325863651e-01
2.547355503242452190e-01 -1.948505175936310618e-01
2.654082913424666845e-01 -1.958405843820127112e-01
2.762659618949298013e-01 -1.965294924124958154e-01
2.873058286211370715e-01 -1.969263150035462928e-01
2.985251122936787294e-01 -1.970437241958431229e-01
3.099209885178879631e-01 -1.968973503193266750e-01
3.214905884428678196e-01 -1.965050345709438151e-01
3.332309994837083789e-01 -1.958860029377701428e-01
3.451392660547150104e-01 -1.950599936073867391e-01
3.572123903134606371e-01 -1.940463727724959786e-01
3.694473329154774888e-01 -1.928632753073886708e-01
3.818410137793947223e-01 -1.915268070482519513e-01
3.943903128623333920e-01 -1.900503442619328742e-01
4.070920709453594855e-01 -1.884439632946036391e-01
4.199430904288018462e-01 -1.867140293543715635e-01
4.329401361372292589e-01 -1.848629679508593804e-01
4.460799361338897429e-01 -1.828892357919249256e-01
4.593591825444023335e-01 -1.807875000770137741e-01
4.727745323894976259e-01 -1.785490263340592798e-01
4.863226084265935834e-01 -1.761622654785073849e-01
5.000000000000001110e-01 -1.736136209321881840e-01
5.138032638995313484e-01 -1.708883667722277122e-01
5.277289252273172915e-01 -1.679716783684249704e-01
5.417734782725895926e-01 -1.648497282233043759e-01
5.559333873942259308e-01 -1.615107921849029959e-01
5.702050879108284676e-01 -1.579463053018538288e-01
5.845849869981135649e-01 -1.541518027773787214e-01
5.990694645933862805e-01 -1.501276801861683441e-01
6.136548743068714895e-01 -1.458797087552773375e-01
6.283375443396724824e-01 -1.414192464508712832e-01
6.431137784081281117e-01 -1.367630941824099222e-01
6.579798566743311206e-01 -1.319329588994707925e-01
6.729320366825783939e-01 -1.269545019061269209e-01
6.879665543015128781e-01 -1.218559714620677942e-01
7.030796246717250231e-01 -1.166664436929969462e-01
7.182674431585703845e-01 -1.114137249070510649e-01
7.335261863099650226e-01 -1.061220014108060494e-01
7.488520128189207758e-01 -1.008093595242450236e-01
7.642410644905727191e-01 -9.548533827649106909e-02
7.796894672134594417e-01 -9.014871967098565808e-02
7.951933319348093443e-01 -8.478580576955579984e-02
8.107487556395898132e-01 -7.936947737439226103e-02
8.263518223330695855e-01 -7.385937489240469722e-02
8.419986040266501659e-01 -6.820358705608867145e-02
8.576851617267149397e-01 -6.234227647056034272e-02
8.734075464262507360e-01 -5.621371130709842262e-02
8.891618000989889303e-01 -4.976320866337050758e-02
9.049439566958173975e-01 -4.295552591733493158e-02
9.207500431432115162e-01 -3.579126055856501898e-02
9.365760803434354242e-01 -2.832783523852631588e-02
9.524180841762578398e-01 -2.070565192383986425e-02
9.682720665019324269e-01 -1.317999590556511412e-02
9.841340361651920166e-01 -6.159255939090313089e-03
9.999999999999998890e-01 -2.500000000000356212e-04
