9.999999999999998890e-01 2.500000000001363978e-04
9.841340361651920166e-01 1.712265171220112014e-02
9.682720665019324269e-01 2.952754140990905898e-02
9.524180841762578398e-01 3.847014220429393477e-02
9.365760803434354242e-01 4.477105215935996835e-02
9.207500431432115162e-01 4.909222676734682766e-02
9.049439566958173975e-01 5.196069306444678348e-02
8.891618000989889303e-01 5.378982060900672907e-02
8.734075464262507360e-01 5.489824650035028675e-02
8.576851617267149397e-01 5.552656981572681727e-02
8.419986040266501659e-01 5.585194539205991238e-02
8.263518223330695855e-01 5.600071793006413529e-02
8.107487556395898132e-01 5.605924514252366708e-02
7.951933319348093443e-01 5.608306333122092119e-02
7.796894672134594417e-01 5.610455061061451337e-02
7.642410644905727191e-01 5.613924227440643400e-02
7.488520128189207758e-01 5.619094981205405293e-02
7.335261863099650226e-01 5.625583012349852363e-02
7.182674431585703845e-01 5.632554485265807431e-02
7.030796246717250231e-01 5.638964176235916614e-02
6.879665543015128781e-01 5.643728099730425246e-02
6.729320366825783939e-01 5.645841920813871040e-02
6.579798566743311206e-01 5.644455410434783688e-02
6.431137784081281117e-01 5.638912131389057364e-02
6.283375443396724824e-01 5.628762467939563141e-02
6.136548743068714895e-01 5.613757051744656945e-02
5.990694645933862805e-01 5.593826608728467292e-02
5.845849869981135649e-01 5.569053271079955902e-02
5.702050879108284676e-01 5.539637478350529359e-02
5.559333873942259308e-01 5.505863741689440150e-02
5.417734782725895926e-01 5.468067773132476161e-02
5.277289252273172915e-01 5.426606792627972770e-02
5.138032638995313484e-01 5.381834221937677881e-02
5.000000000000001110e-01 5.334079457362035648e-02
4.863226084265935834e-01 5.283632981166442449e-02
4.727745323894976259e-01 5.230736721688301200e-02
4.593591825444023335e-01 5.175579299988129073e-02
4.460799361338897429e-01 5.118295600964910957e-02
4.329401361372292589e-01 5.058969972518474745e-02
4.199430904288018462e-01 4.997642280330722581e-02
4.070920709453594855e-01 4.934316020401152691e-02
3.943903128623333920e-01 4.868967708618836959e-02
3.818410137793947223e-01 4.801556818362169576e-02
3.694473329154774888e-01 4.732035615538662809e-02
3.572123903134606371e-01 4.660358338099124254e-02
3.451392660547150104e-01 4.586489276865705206e-02
3.332309994837083789e-01 4.510409430098550471e-02
3.214905884428678196e-01 4.432121519902056800e-02
3.099209885178879631e-01 4.351653269435971916e-02
2.985251122936787294e-01 4.269058941876639063e-02
2.873058286211370715e-01 4.184419231949791651e-02
2.762659618949298013e-01 4.097839676257473973e-02
2.654082913424666845e-01 4.009447808001783548e-02
2.547355503242452190e-01 3.919389324300807248e-02
2.442504256457417311e-01 3.827823560050885865e-02
2.339555568810219865e-01 3.734918571811587235e-02
2.238535357082431787e-01 3.640846129631342826e-02
2.139469052572124941e-01 3.545776895712225707e-02
2.042381594691679014e-01 3.449876038316300464e-02
1.947297424689413692e-01 3.353299489591345106e-02
1.854240479496642724e-01 3.256191009451352147e-02
1.763234185701672008e-01 3.158680166764078756e-02
1.674301453652287108e-01 3.060881296325579717e-02
1.587464671688187945e-01 2.962893437783118214e-02
1.502745700504856119e-01 2.864801212964053836e-02
1.420165867650229341e-01 2.766676552895081659e-02
1.339745962155614034e-01 2.668581146774911747e-02
1.261506229302150617e-01 2.570569453582071187e-02
1.185466365524179277e-01 2.472692093789732870e-02
1.111645513450765232e-01 2.374999424383693325e-02
1.040062257086641351e-01 2.277545095233597314e-02
9.707346171337882801e-02 2.180389388692271710e-02
9.036800464548166989e-02 2.083602156604029768e-02
8.389154256793041053e-02 1.987265188903657859e-02
7.764570589541863743e-02 1.891473874640830360e-02
7.163206698392743377e-02 1.796338048319300051e-02
6.585213973489323358e-02 1.701981950490178558e-02
6.030737921409157209e-02 1.608543270076752754e-02
5.499918128533154427e-02 1.516171275383426317e-02
4.992888225905456334e-02 1.425024079613377605e-02
4.509775855592612626e-02 1.335265123512231582e-02
4.050702638550263135e-02 1.247058991105605072e-02
3.615784144005795842e-02 1.160566703201215862e-02
3.205129860364375194e-02 1.075940656369144335e-02
2.818843167645834757e-02 9.933193917095101133e-03
2.457021311459295365e-02 9.128223873225000534e-03
2.119755378522125699e-02 8.345450707278377275e-03
1.807130273729329328e-02 7.585542425180730707e-03
1.519224698779197968e-02 6.848840905097358309e-03
1.256111132360571148e-02 6.135329550609343839e-03
1.017855811906731578e-02 5.444609817609377331e-03
8.045187169204659483e-03 4.775887682714939630e-03
6.161535538745877005e-03 4.127970787801367447e-03
4.528077426915411152e-03 3.499276635068158600e-03
3.145224048057615462e-03 2.887851832657417715e-03
2.013323528115562588e-03 2.291402015420817076e-03
1.132660816992037134e-03 1.707331702121180506e-03
5.034576168149174080e-04 1.132793011796498234e-03
1.258723261249317105e-04 5.647418599408259108e-04
0.000000000000000000e+00 0.000000000000000000e+00
1.258723261249317105e-04 -4.052622630025207325e-04
5.034576168149174080e-04 -8.059052699325837616e-04
1.132660816992037134e-03 -1.197327506382115693e-03
2.013323528115562588e-03 -1.575086476618354223e-03
3.145224048057615462e-03 -1.934972417124917587e-03
4.528077426915411152e-03 -2.273075262421490623e-03
6.161535538745877005e-03 -2.585842967350969381e-03
8.045187169204659483e-03 -2.870129577614483930e-03
1.017855811906731578e-02 -3.123231781218611686e-03
1.256111132360571148e-02 -3.342913056159797607e-03
1.519224698779197968e-02 -3.527414941142369316e-03
1.807130273729329328e-02 -3.675455382411737474e-03
2.119755378522125699e-02 -3.786214536320671453e-03
2.457021311459295365e-02 -3.859308819376771824e-03
2.818843167645834757e-02 -3.894754380989566556e-03
3.205129860364375194e-02 -3.892921515569201189e-03
3.615784144005795842e-02 -3.854481817987916430e-03
4.050702638550263135e-02 -3.780350109420761110e-03
4.509775855592612626e-02 -3.671623311082158024e-03
4.992888225905456334e-02 -3.529518515653064670e-03
5.499918128533154427e-02 -3.355312497199133045e-03
6.030737921409157209e-02 -3.150284809877853306e-03
6.585213973489323358e-02 -2.915666456360743383e-03
7.163206698392743377e-02 -2.652595864134992074e-03
7.764570589541863743e-02 -2.362083599887336485e-03
8.389154256793041053e-02 -2.044986889692709635e-03
9.036800464548166989e-02 -1.701994608591395671e-03
9.707346171337882801e-02 -1.333622971988791773e-03
1.040062257086641351e-01 -9.402217191249819840e-04
1.111645513450765232e-01 -5.219901424121680582e-04
1.185466365524179277e-01 -7.900190273712050064e-05
1.261506229302150617e-01 3.887628034763157699e-04
1.339745962155614034e-01 8.813794788691177049e-04
1.420165867650229341e-01 1.398937964855461640e-03
1.502745700504856119e-01 1.941499658710237790e-03
1.587464671688187945e-01 2.509055558626410373e-03
1.674301453652287108e-01 3.101487368929349737e-03
1.763234185701672008e-01 3.718533779792068585e-03
1.854240479496642724e-01 4.359763819564280163e-03
1.947297424689413692e-01 5.024558868187743201e-03
2.042381594691679014e-01 5.712104526070999229e-03
2.139469052572124941e-01 6.421393067056403899e-03
2.238535357082431787e-01 7.151236683192501754e-03
2.339555568810219865e-01 7.900291172649230240e-03
2.442504256457417311e-01 8.667089152764165250e-03
2.547355503242452190e-01 9.450081322480130205e-03
2.654082913424666845e-01 1.024768377827973281e-02
2.762659618949298013e-01 1.105832893157980036e-02
2.873058286211370715e-01 1.188051720939239247e-02
2.985251122936787294e-01 1.271286646837975660e-02
3.099209885178879631e-01 1.355415593717490541e-02
3.214905884428678196e-01 1.440336154133800561e-02
3.332309994837083789e-01 1.525967967322866374e-02
3.451392660547150104e-01 1.612253685337380199e-02
3.572123903134606371e-01 1.699158329196696904e-02
3.694473329154774888e-01 1.786666909289071070e-02
3.818410137793947223e-01 1.874780273395234079e-02
3.943903128623333920e-01 1.963509248311062771e-02
4.070920709453594855e-01 2.052867253969236153e-02
4.199430904288018462e-01 2.142861688133036041e-02
4.329401361372292589e-01 2.233484500216952745e-02
4.460799361338897429e-01 2.324702488799576180e-02
4.593591825444023335e-01 2.416447962388307627e-02
4.727745323894976259e-01 2.508610489759715428e-02
4.863226084265935834e-01 2.601030526977525514e-02
5.000000000000001110e-01 2.693495734837632327e-02
5.138032638995313484e-01 2.785740784648508411e-02
5.277289252273172915e-01 2.877451383559032419e-02
5.417734782725895926e-01 2.968273124936702395e-02
5.559333873942259308e-01 3.057825576870141365e-02
5.702050879108284676e-01 3.145721755712035245e-02
5.845849869981135649e-01 3.231592785643206539e-02
5.990694645933862805e-01 3.315117114695527445e-02
6.136548743068714895e-01 3.396053139170736312e-02
6.283375443396724824e-01 3.474273480312033147e-02
6.431137784081281117e-01 3.549798459768208764e-02
6.579798566743311206e-01 3.622825536355731013e-02
6.729320366825783939e-01 3.693750600757188945e-02
6.879665543015128781e-01 3.763176084495396811e-02
7.030796246717250231e-01 3.831899834822854317e-02
7.182674431585703845e-01 3.900877650795968321e-02
7.335261863099650226e-01 3.971151283210347382e-02
7.488520128189207758e-01 4.043732590388308956e-02
7.642410644905727191e-01 4.119433433753486723e-02
7.796894672134594417e-01 4.198629814860214277e-02
7.951933319348093443e-01 4.280947724452850711e-02
8.107487556395898132e-01 4.364857221548778393e-02
8.263518223330695855e-01 4.447160415420711721e-02
8.419986040266501659e-01 4.522358315872632151e-02
8.576851617267149397e-01 4.581880978303564528e-02
8.734075464262507360e-01 4.613165030950346773e-02
8.891618000989889303e-01 4.598562563333508796e-02
9.049439566958173975e-01 4.514065507378436926e-02
9.207500431432115162e-01 4.327830084550084860e-02
9.365760803434354242e-01 3.998486650113389912e-02
9.524180841762578398e-01 3.473221363043012960e-02
9.682720665019324269e-01 2.685617567473879905e-02
9.841340361651920166e-01 1.553246605179873022e-02
9.999999999999998890e-01 -2.499999999998712020e-04
