9.999999999999998890e-01 2.500000000001453967e-04
9.841340361651920166e-01 2.092771290598872957e-02
9.682720665019324269e-01 4.130527015626394433e-02
9.524180841762578398e-01 6.128188748114071771e-02
9.365760803434354242e-01 8.078494703996022541e-02
9.207500431432115162e-01 9.976488170252623133e-02
9.049439566958173975e-01 1.181906910090857327e-01
8.891618000989889303e-01 1.360460501726379334e-01
8.734075464262507360e-01 1.533259701227134841e-01
8.576851617267149397e-01 1.700339642802807805e-01
8.419986040266501659e-01 1.861796764280226057e-01
8.263518223330695855e-01 2.017769236176757408e-01
8.107487556395898132e-01 2.168421084471847948e-01
7.951933319348093443e-01 2.313929561500419896e-01
7.796894672134594417e-01 2.454475336685736642e-01
7.642410644905727191e-01 2.590235101316311628e-01
7.488520128189207758e-01 2.721376208249102202e-01
7.335261863099650226e-01 2.848052997307867762e-01
7.182674431585703845e-01 2.970404489295777606e-01
7.030796246717250231e-01 3.088553165061498906e-01
6.879665543015128781e-01 3.202604580117353050e-01
6.729320366825783939e-01 3.312647599151138933e-01
6.579798566743311206e-01 3.418755067725904317e-01
6.431137784081281117e-01 3.520984769939633496e-01
6.283375443396724824e-01 3.619380550327081503e-01
6.136548743068714895e-01 3.713973505430800959e-01
5.990694645933862805e-01 3.804783174944363355e-01
5.845849869981135649e-01 3.891818683926412947e-01
5.702050879108284676e-01 3.975079806176695651e-01
5.559333873942259308e-01 4.054557934415017884e-01
5.417734782725895926e-01 4.130236955448096103e-01
5.277289252273172915e-01 4.202094038153412758e-01
5.138032638995313484e-01 4.270100349019182451e-01
5.000000000000001110e-01 4.334221714372449852e-01
4.863226084265935834e-01 4.394419250561014123e-01
4.727745323894976259e-01 4.450649983518322750e-01
4.593591825444023335e-01 4.502867477644701966e-01
4.460799361338897429e-01 4.551022491104801393e-01
4.329401361372292589e-01 4.595063670795426214e-01
4.199430904288018462e-01 4.634938295698182720e-01
4.070920709453594855e-01 4.670593072402619561e-01
3.943903128623333920e-01 4.701974981551896859e-01
3.818410137793947223e-01 4.729032169081823223e-01
3.694473329154774888e-01 4.751714871621168235e-01
3.572123903134606371e-01 4.769976361487411332e-01
3.451392660547150104e-01 4.783773893499995156e-01
3.332309994837083789e-01 4.793069633456922274e-01
3.214905884428678196e-01 4.797831546653666956e-01
3.099209885178879631e-01 4.798034224301753192e-01
2.985251122936787294e-01 4.793659626125710282e-01
2.873058286211370715e-01 4.784697718745358208e-01
2.762659618949298013e-01 4.771146991617836730e-01
2.654082913424666845e-01 4.753014835225821688e-01
2.547355503242452190e-01 4.730317769737437117e-01
2.442504256457417311e-01 4.703081516394442274e-01
2.339555568810219865e-01 4.671340908260284142e-01
2.238535357082431787e-01 4.635139641523359777e-01
2.139469052572124941e-01 4.594529873145620225e-01
2.042381594691679014e-01 4.549571675117496938e-01
1.947297424689413692e-01 4.500332359779559144e-01
1.854240479496642724e-01 4.446885694463229566e-01
1.763234185701672008e-01 4.389311026967032126e-01
1.674301453652287108e-01 4.327692346019269554e-01
1.587464671688187945e-01 4.262117302802056473e-01
1.502745700504856119e-01 4.192676220767984074e-01
1.420165867650229341e-01 4.119461121335719622e-01
1.339745962155614034e-01 4.042564792596310963e-01
1.261506229302150617e-01 3.962079926913399941e-01
1.185466365524179277e-01 3.878098351297455393e-01
1.111645513450765232e-01 3.790710371737671114e-01
1.040062257086641351e-01 3.700004249366262155e-01
9.707346171337882801e-02 3.606065822506861474e-01
9.036800464548166989e-02 3.508978284433370010e-01
8.389154256793041053e-02 3.408822122161137003e-01
7.764570589541863743e-02 3.305675216938353533e-01
7.163206698392743377e-02 3.199613102435187595e-01
6.585213973489323358e-02 3.090709372074295636e-01
6.030737921409157209e-02 2.979036222637055920e-01
5.499918128533154427e-02 2.864665117336168687e-01
4.992888225905456334e-02 2.747667548076815902e-01
4.509775855592612626e-02 2.628115873731033392e-01
4.050702638550263135e-02 2.506084209002791274e-01
3.615784144005795842e-02 2.381649336925497074e-01
3.205129860364375194e-02 2.254891617249785152e-01
2.818843167645834757e-02 2.125895862967855654e-01
2.457021311459295365e-02 1.994752157979532980e-01
2.119755378522125699e-02 1.861556590412299927e-01
1.807130273729329328e-02 1.726411878319590032e-01
1.519224698779197968e-02 1.589427867336710432e-01
1.256111132360571148e-02 1.450721883292289960e-01
1.017855811906731578e-02 1.310418926660636141e-01
8.045187169204659483e-03 1.168651699989759762e-01
6.161535538745877005e-03 1.025560463934712813e-01
4.528077426915411152e-03 8.812927221429434077e-02
3.145224048057615462e-03 7.360027398525281761e-02
2.013323528115562588e-03 5.898509055485658126e-02
1.132660816992037134e-03 4.430029492571979644e-02
5.034576168149174080e-04 2.956290349249761362e-02
1.258723261249317105e-04 1.479027477291304515e-02
0.000000000000000000e+00 0.000000000000000000e+00
1.258723261249317105e-04 -1.463133741125644503e-02
5.034576168149174080e-04 -2.923689350629710484e-02
1.132660816992037134e-03 -4.379108845416542634e-02
2.013323528115562588e-03 -5.826886462209027867e-02
3.145224048057615462e-03 -7.264593121923085262e-02
4.528077426915411152e-03 -8.689898970596410255e-02
6.161535538745877005e-03 -1.010059344104619894e-01
8.045187169204659483e-03 -1.149460234946013681e-01
1.017855811906731578e-02 -1.287000162487169364e-01
1.256111132360571148e-02 -1.422502736456584538e-01
1.519224698779197968e-02 -1.555808201220796883e-01
1.807130273729329328e-02 -1.686773656492837892e-01
2.119755378522125699e-02 -1.815272882761646278e-01
2.457021311459295365e-02 -1.941195784406322955e-01
2.818843167645834757e-02 -2.064447474214317346e-01
3.205129860364375194e-02 -2.184947033083289580e-01
3.615784144005795842e-02 -2.302625987759946147e-01
4.050702638550263135e-02 -2.417426557289308608e-01
4.509775855592612626e-02 -2.529299725182863057e-01
4.992888225905456334e-02 -2.638203198972774999e-01
5.499918128533154427e-02 -2.744099321658186041e-01
6.030737921409157209e-02 -2.846953000475563877e-01
6.585213973489323358e-02 -2.946729717400654591e-01
7.163206698392743377e-02 -3.043393682832590819e-01
7.764570589541863743e-02 -3.136906189096644870e-01
8.389154256793041053e-02 -3.227224213860372393e-01
9.036800464548166989e-02 -3.314299315471136986e-01
9.707346171337882801e-02 -3.398076852821136917e-01
1.040062257086641351e-01 -3.478495551901008009e-01
1.111645513450765232e-01 -3.555487430021829764e-01
1.185466365524179277e-01 -3.628978077101397970e-01
1.261506229302150617e-01 -3.698887281775120606e-01
1.339745962155614034e-01 -3.765129978763406826e-01
1.420165867650229341e-01 -3.827617483262487075e-01
1.502745700504856119e-01 -3.886258968467210528e-01
1.587464671688187945e-01 -3.940963134002704593e-01
1.674301453652287108e-01 -3.991640006323466383e-01
1.763234185701672008e-01 -4.038202807277593842e-01
1.854240479496642724e-01 -4.080569824223932440e-01
1.947297424689413692e-01 -4.118666214465884212e-01
2.042381594691679014e-01 -4.152425678399070952e-01
2.139469052572124941e-01 -4.181791939664095681e-01
2.238535357082431787e-01 -4.206719976683523377e-01
2.339555568810219865e-01 -4.227176958105782756e-01
2.442504256457417311e-01 -4.243142844670962366e-01
2.547355503242452190e-01 -4.254610631581123847e-01
2.654082913424666845e-01 -4.261586218267626736e-01
2.762659618949298013e-01 -4.264087906113788740e-01
2.873058286211370715e-01 -4.262145538782975973e-01
2.985251122936787294e-01 -4.255799313857871469e-01
3.099209885178879631e-01 -4.245098308033197210e-01
3.214905884428678196e-01 -4.230098770632125249e-01
3.332309994837083789e-01 -4.210862251254350319e-01
3.451392660547150104e-01 -4.187453636451845540e-01
3.572123903134606371e-01 -4.159939177045356429e-01
3.694473329154774888e-01 -4.128384591671688808e-01
3.818410137793947223e-01 -4.092853333087086987e-01
3.943903128623333920e-01 -4.053405101423777079e-01
4.070920709453594855e-01 -4.010094682875827710e-01
4.199430904288018462e-01 -3.962971183150053589e-01
4.329401361372292589e-01 -3.912077712541696117e-01
4.460799361338897429e-01 -3.857451563882819401e-01
4.593591825444023335e-01 -3.799124906183533046e-01
4.727745323894976259e-01 -3.737125995980728477e-01
4.863226084265935834e-01 -3.671480885781017722e-01
5.000000000000001110e-01 -3.602215585199305403e-01
5.138032638995313484e-01 -3.529358606217406491e-01
5.277289252273172915e-01 -3.452943800272280095e-01
5.417734782725895926e-01 -3.373013372556702416e-01
5.559333873942259308e-01 -3.289620938956142604e-01
5.702050879108284676e-01 -3.202834474466268455e-01
5.845849869981135649e-01 -3.112738989756348440e-01
5.990694645933862805e-01 -3.019438765768928112e-01
6.136548743068714895e-01 -2.923058975835362561e-01
6.283375443396724824e-01 -2.823746531628668066e-01
6.431137784081281117e-01 -2.721670004158045497e-01
6.579798566743311206e-01 -2.617018494593901234e-01
6.729320366825783939e-01 -2.509999362503395615e-01
6.879665543015128781e-01 -2.400834761399232020e-01
7.030796246717250231e-01 -2.289756983478404007e-01
7.182674431585703845e-01 -2.177002676948542881e-01
7.335261863099650226e-01 -2.062806070059747532e-01
7.488520128189207758e-01 -1.947391415276845672e-01
7.642410644905727191e-01 -1.830964954073662498e-01
7.796894672134594417e-01 -1.713706796471303473e-01
7.951933319348093443e-01 -1.595763208274677547e-01
8.107487556395898132e-01 -1.477239901323215976e-01
8.263518223330695855e-01 -1.358197026054547563e-01
8.419986040266501659e-01 -1.238646669147177165e-01
8.576851617267149397e-01 -1.118553759620837529e-01
8.734075464262507360e-01 -9.978413820193655914e-02
8.891618000989889303e-01 -8.764015825331816778e-02
9.049439566958173975e-01 -7.541128303939839683e-02
9.207500431432115162e-01 -6.308653598019835218e-02
9.365760803434354242e-01 -5.065956642356297945e-02
9.524180841762578398e-01 -3.813314425101258648e-02
9.682720665019324269e-01 -2.552483017690863540e-02
9.841340361651920166e-01 -1.287395042571242570e-02
9.999999999999998890e-01 -2.500000000000879882e-04
